0.6435
0.6530
0.6060
0.5599
0.5776
0.5084
0.4685
0.4312
0.4483
0.4517
0.5317
0.4887
0.4970
0.4622
0.4368
0.4806
0.4462
0.4708
0.4384
0.4745
0.4633
0.4856
0.4905
0.4922
0.5099
0.4226
0.4493
0.4433
0.4662
0.4217
0.4420
0.4316
0.4837
0.4266
0.5049
0.4864
0.5502
0.4742
0.4263
0.4462
0.4035
0.4065
0.4206
0.4446
0.4051
0.3997
0.4869
0.5583
0.4381
0.4485
0.5462
0.4305
0.4492
0.4434
0.5105
0.4591
0.4503
0.4039
0.4178
0.4566
0.4122
0.4180
0.3925
0.4262
0.4398
0.4358
0.4029
0.4213
0.4314
0.4076
0.5093
0.4713
0.4254
0.3612
0.4380
0.4070
0.4636
0.4124
0.4225
0.4465
0.3948
0.3738
0.3818
0.4482
0.4488
0.3796
0.4191
0.4192
0.3762
0.4901
0.3932
0.4688
0.4996
0.3857
0.4573
0.3749
0.4270
0.4273
0.5156
0.4229
0.4202
0.4047
0.4187
0.4683
0.3718
0.4639
0.4200
0.4377
0.4414
0.4704
0.4208
0.4281
0.4473
0.4031
0.4509
0.4344
0.5060
0.4034
0.4418
0.4156
0.4329
0.3937
0.3889
0.4652
0.3835
0.4208
0.4124
0.4063
0.3967
0.3868
0.4112
0.4702
0.4464
0.4312
0.4145
0.4083
0.4582
0.4566
0.4057
0.4445
0.3852
0.4858
0.4086
0.4274
0.4091
0.4336
0.4120
0.4072
0.4091
0.3922
0.4358
0.4255
0.4406
0.4281
0.4359
0.4875
0.3855
0.3899
0.4353
0.4095
0.3877
0.4137
0.3829
0.4842
0.4066
0.4118
0.4247
0.4459
0.3701
0.4333
0.3768
0.5017
0.3975
0.4584
0.4025
0.4298
0.4334
0.3483
0.4539
0.3776
0.3790
0.4250
0.4343
0.4123
0.4630
0.3887
0.4058
0.3621
0.4555
0.3849
0.4184
0.4212
0.4312
0.4070
0.4272
0.3835
0.4238
0.4200
0.4533
0.3773
