10.4759
12.6183
9.5027
9.2892
9.2476
9.7916
8.4915
8.2996
9.3709
9.2402
9.0544
8.8178
8.8600
8.2595
7.6106
9.6705
9.2828
8.7054
9.2750
8.2005
8.8151
8.8527
7.5661
10.4002
8.3690
8.2603
9.3425
8.9430
8.0319
8.7076
8.1577
9.8034
9.6623
8.0616
8.0349
9.6366
8.6444
9.7374
8.6627
8.7402
8.6682
8.1901
9.6447
8.5590
8.7442
9.7603
9.8201
9.4850
9.3215
9.4452
8.7361
10.7856
9.7096
10.4134
8.6442
8.4255
9.0593
9.0409
9.7986
9.3498
10.8516
8.2202
9.2204
8.4171
7.8317
9.7832
8.5421
9.3411
8.4658
8.8461
9.8443
8.0173
8.0386
10.1735
9.3966
10.7007
8.7065
8.5207
9.0142
7.3914
8.8127
8.6058
8.0051
9.6005
9.7675
8.3474
9.2094
10.1827
8.3195
8.7134
9.7602
9.2584
9.5735
9.4291
10.6044
8.2627
9.9593
9.2382
8.8034
9.0054
9.0729
9.0074
8.9885
8.9928
8.0814
8.4407
10.2778
9.4632
9.9971
7.5741
8.2377
9.5194
7.5370
8.2515
8.4468
10.3780
8.8640
9.3168
9.2793
9.0344
7.7027
9.1588
8.1364
9.4462
9.0930
8.9545
9.0132
9.1990
8.3796
7.6612
9.9165
9.1839
8.6369
9.9577
8.8972
9.6282
8.4262
9.7163
8.8151
7.8983
9.5029
8.2653
7.4068
8.1028
9.5119
9.0929
9.2686
9.0215
8.0730
8.8135
9.8099
8.6657
9.6545
10.0039
9.2865
8.7656
8.8776
8.9666
9.4269
8.6112
9.4558
8.2479
10.2831
9.8238
9.0087
8.7723
9.1885
8.0830
10.2537
9.1343
8.7274
8.4732
8.4729
11.8536
8.1378
11.0547
8.9968
8.5436
8.8826
9.4948
8.5336
8.0735
9.1897
8.4663
10.0724
9.6611
8.5933
7.7979
9.2385
7.9108
7.9917
8.9661
8.8235
8.9707
8.1533
8.6401
8.7298
8.7249
7.9513
9.8646
