3.1367
4.1871
7.4946
9.1655
11.2290
8.6128
9.3010
8.3035
10.4027
8.8980
9.1241
6.7999
7.3815
8.1327
6.9263
9.4814
8.8064
6.3994
7.1302
7.2385
8.0162
7.6511
8.5686
6.5384
7.9517
6.9036
7.3422
8.7543
7.5054
6.8760
5.4416
6.5156
7.3099
6.0806
5.5817
6.8175
7.0332
6.8689
6.7016
6.5564
5.7138
6.4958
7.0154
7.0106
5.4729
5.9519
5.0974
6.5965
7.7418
7.8502
6.5147
5.6851
5.6283
9.4192
7.6906
5.9972
5.4901
6.9667
5.7017
6.5821
5.3312
6.5627
6.3312
6.5650
4.8993
6.2285
5.8209
6.5573
5.5446
6.6662
5.0513
5.4955
6.3355
5.9823
6.6680
8.3913
5.9855
5.8499
6.7858
5.6513
6.2212
5.5231
5.8721
7.7624
4.6522
4.4209
4.9986
6.6315
6.7132
5.1369
7.1275
5.5264
5.2019
5.2136
5.1155
5.9014
6.2868
6.3194
4.0880
5.4407
5.3243
4.4924
5.0294
7.1075
6.4952
5.7862
5.2355
5.4039
6.2405
6.1390
5.0821
7.5911
7.6907
6.0261
7.0487
5.7950
6.1032
6.0989
4.8176
6.7809
5.7794
4.2876
5.5963
5.5354
4.3584
5.8710
5.7424
4.3924
5.0025
5.4501
5.6493
6.8734
4.2722
7.6659
6.1601
5.6180
5.7045
5.2621
6.6505
5.9419
5.9053
7.4086
5.1886
5.6467
5.7499
4.5422
5.7567
6.5429
4.1237
4.7683
4.4881
5.3274
5.3080
4.9175
7.1780
6.0447
4.1635
5.2189
4.8638
4.5668
5.1107
5.5891
5.3797
7.1519
5.2229
5.1495
3.3947
5.3463
5.2111
5.6872
5.2144
5.0370
5.2408
4.2491
5.4867
5.8869
5.3016
4.6029
6.1129
4.9495
5.9253
4.4337
5.2807
4.8112
4.6697
5.0281
5.6913
5.4997
3.9326
6.5630
4.9609
5.3515
6.0944
5.3361
6.2707
6.2184
5.8553
5.3086
5.1468
5.4139
