2.6745
3.3829
6.1706
7.9125
8.0436
7.0339
7.4614
7.6568
7.9622
6.4796
5.7332
6.0733
6.7317
6.0428
6.0660
6.1316
5.6709
5.4548
6.0738
5.2970
5.2803
5.9959
5.3189
5.0880
4.8540
5.6488
4.9303
6.7726
8.1684
7.2441
7.2836
7.8396
6.5992
7.7191
7.1422
6.4185
5.6939
7.6903
7.9789
6.3621
6.4288
5.5692
6.5729
5.3638
5.8540
6.8573
5.9168
5.0286
6.6695
4.9273
6.1353
4.4247
5.6872
5.4647
7.5194
6.3677
6.3755
7.4434
5.0602
5.6677
5.8390
6.2526
5.8535
6.0641
3.4013
6.2042
5.4364
5.1027
5.0206
5.6495
5.2517
5.0349
5.3298
5.1261
5.2780
5.5764
4.2599
5.8306
5.3880
5.0208
5.7518
4.2016
4.4044
4.8911
4.5170
4.2930
4.7866
5.3350
5.6595
4.5870
4.9889
4.7819
4.0533
5.1552
4.9715
5.8876
3.7485
3.7311
4.8828
4.5342
4.9147
4.3542
4.4872
4.7999
4.5210
4.6834
5.1986
3.8318
4.1955
4.3088
4.0021
3.9794
5.6784
3.8288
5.3241
6.2579
5.5471
4.8761
4.8818
4.5306
4.9094
4.5679
5.0870
4.3714
4.5525
4.2928
4.2987
3.9540
4.5238
4.7913
3.5453
4.2863
3.5919
3.7344
3.3454
4.3985
4.7117
3.8497
3.8510
4.3114
3.7707
4.3690
3.5438
3.3494
4.0854
4.1602
4.1598
4.2812
4.2553
5.7060
4.4125
4.0535
4.4501
5.1496
4.2876
5.5827
3.9363
4.0976
3.5184
3.4660
4.1487
3.9380
4.3194
3.3625
4.1785
5.0062
3.3620
3.1228
4.7746
4.3541
4.1105
4.2113
3.9544
3.6819
4.1362
3.6189
4.1042
3.3500
2.9931
3.7095
4.4385
3.3358
3.1027
4.1840
4.9774
3.3088
3.5109
4.9080
3.6433
3.8806
3.4613
4.0492
4.0325
3.7198
2.9871
3.6617
4.0859
4.0587
3.3370
3.1181
