2.7343
4.6267
8.9861
10.2692
9.1640
9.4192
8.2797
7.7912
7.6841
7.7162
7.4390
7.1819
7.8080
7.5288
6.9001
6.9970
6.6205
7.0532
8.1635
5.3093
6.2456
6.8524
6.3521
8.5489
7.0889
5.1670
6.3194
6.8721
7.1843
5.8636
5.0582
5.6323
6.6789
6.3218
6.5681
5.2779
7.2440
5.2599
5.2191
5.6810
5.2008
5.2541
7.3071
5.9428
5.0525
5.3106
4.7682
6.5788
5.3198
4.5095
5.3737
6.9584
5.8193
5.2861
4.7245
5.6365
5.1350
5.8025
4.4178
4.7700
6.0958
5.6986
5.9435
5.5558
4.4458
4.2792
3.8387
4.8056
6.3334
6.1668
5.5294
5.5603
6.7560
4.7345
3.7578
5.1061
3.3124
4.8019
5.8057
5.7668
4.2323
4.1486
4.3831
5.1498
5.2031
4.4930
5.8658
5.0336
3.8572
4.3814
5.5874
5.0871
5.3954
4.7626
3.8659
4.6586
4.5155
4.7276
6.6129
4.2192
5.0276
4.2530
6.1874
5.8078
4.6884
4.6566
4.3931
5.5368
4.5099
3.7894
4.2269
4.2527
4.4288
4.5313
4.8288
5.7241
5.4371
5.7276
4.3071
4.8576
5.2012
5.3433
4.0236
3.9537
4.7648
3.6958
4.9871
3.9073
5.1093
4.4730
4.3050
4.1362
3.6534
5.7110
4.8372
4.0021
3.5796
3.5701
4.1940
4.3123
5.7218
4.2215
4.4101
5.0301
4.1998
4.4442
3.3357
4.8176
4.1097
4.3791
5.0581
5.2848
3.6791
4.6104
5.5020
5.1432
4.2316
4.9805
3.9545
4.4588
5.3875
3.4086
4.1748
4.8093
4.9515
3.6764
3.8885
4.0806
4.5341
6.6044
4.5393
4.5119
5.1222
5.0127
3.1971
4.8606
4.0972
4.8142
3.5364
4.3133
5.3124
5.0371
3.9929
5.3862
3.7564
3.8379
2.6247
6.3049
4.5414
4.8327
4.9201
5.4059
4.2151
3.9958
3.5928
3.8973
4.1042
3.7848
4.3832
4.4316
