4.0068
4.7499
7.3487
8.3664
9.8383
10.2772
8.0118
6.2487
8.9974
8.9585
8.5179
7.4544
8.4710
7.9633
8.7898
7.7845
8.3968
8.4637
7.5465
8.1019
7.6558
7.9165
7.6726
8.2030
7.6180
8.4332
9.6053
9.8238
8.2084
7.9765
9.2779
7.8487
9.2553
8.8610
8.6105
10.3372
9.0896
10.2030
10.4770
10.1307
11.1613
9.4099
9.2504
10.0134
10.6088
10.1333
8.8016
8.0151
8.7613
8.9106
8.3082
7.9043
8.1089
11.0431
9.5241
10.1609
9.3566
10.5029
10.9270
9.8447
10.2961
8.5419
10.2184
12.5951
9.4821
11.2009
9.8020
9.6338
8.0405
11.1684
10.5501
9.3132
11.5412
10.9713
9.5082
10.4812
8.8756
10.4119
14.2957
9.6049
10.0531
9.2588
14.3151
10.2609
11.4116
10.2006
8.4082
10.1327
9.9102
11.9532
12.0801
12.3505
11.0051
11.4209
11.4175
11.9210
10.6151
10.4601
10.4513
12.1425
10.1736
11.7558
13.3683
12.1658
14.1652
11.3820
11.6569
11.3457
13.6606
13.0993
11.4154
11.6558
10.8335
9.8302
10.8306
9.3862
13.6342
17.4050
16.7420
11.1392
11.5661
11.3616
12.2813
10.0443
11.1892
13.0040
12.9448
12.3719
12.8325
13.9651
13.0468
12.9497
12.3379
14.2405
13.5748
13.2131
11.9098
15.5923
12.8789
14.4483
11.7666
10.9168
10.5870
14.0684
15.0430
11.9076
12.5748
14.5710
12.9449
10.7165
12.5096
15.2723
15.4475
14.9306
13.6084
11.7613
13.7785
12.5402
14.5654
12.7011
14.9918
12.8773
14.7866
16.2645
15.7334
14.4511
13.1980
13.7153
15.3897
11.2089
10.6026
9.8683
10.8007
15.1632
15.1945
15.6325
13.5432
13.0332
16.3124
12.2614
13.4736
12.7140
13.0841
13.1517
10.7845
12.8226
13.7856
12.2544
14.8991
24.4039
14.2186
14.6546
12.3527
14.8151
12.6049
17.1466
14.5325
12.8898
14.3755
13.1311
