2.0513
2.1922
5.2023
6.1687
5.6436
4.7542
6.0219
6.7727
6.1710
5.6799
5.3165
5.6743
5.4467
4.7000
6.8109
4.9512
4.8892
5.4466
4.1354
5.5602
4.8022
4.3670
6.0697
4.3569
5.4579
5.4447
5.4444
4.8294
4.3128
5.8465
6.2110
5.1854
4.7570
4.4883
5.3399
4.7511
4.8654
4.6972
5.7803
5.6628
6.0761
3.7047
4.2172
5.2093
4.9042
5.3727
4.8871
4.7844
4.3504
5.1124
5.2518
6.5615
4.4876
5.9433
4.7620
4.9725
6.0015
5.3373
4.2186
5.5461
4.4921
3.8275
4.4561
4.6395
5.2527
4.3434
4.2221
4.1616
4.9423
4.4787
4.6341
4.4140
4.4080
5.8380
5.3716
4.3595
4.3186
4.1326
4.2362
3.8810
4.2556
4.6984
3.9404
4.6215
3.8197
4.0427
5.2066
4.9925
4.0095
4.3826
4.4307
5.0023
4.7738
5.0615
4.0469
4.2634
4.5061
4.1503
3.8346
4.1977
4.7310
4.2898
4.6093
4.6445
3.6355
4.2927
4.5739
4.3359
4.0988
4.7477
5.7417
4.2386
5.8669
4.1802
4.5008
4.7799
3.7108
5.0505
5.1763
3.7135
4.6125
4.3107
3.9360
4.1212
4.6012
4.4657
3.6538
4.2287
3.9072
4.6635
6.1511
4.5366
4.2976
5.5003
4.5434
4.8776
4.0218
4.2326
4.0402
4.4466
5.2197
4.2202
5.6294
4.8395
4.5244
4.1225
4.4519
4.4455
4.1585
4.7263
4.2400
5.0726
4.5108
3.9191
4.2532
4.9505
3.4254
4.2696
8.0341
4.2824
4.3488
4.4258
4.4686
4.3374
4.6012
3.9351
4.1913
4.3718
4.2567
5.6825
4.8728
3.7637
4.4436
4.2229
4.1213
4.4393
4.0433
4.6003
3.6297
4.6236
4.2895
4.0217
4.8200
3.9975
4.8267
4.2914
4.5499
5.2068
4.0974
4.1710
3.8535
3.7881
4.9036
4.5874
4.0423
4.0101
5.3894
4.0474
4.3392
3.7928
