13.6578
9.5198
9.8190
11.1507
10.9782
9.3970
11.2244
10.5961
8.7533
11.0671
11.7718
9.5060
10.5805
12.5035
10.2852
10.7704
8.8132
10.7430
9.4841
9.6246
9.2849
10.6714
11.7736
9.5545
10.3183
8.9870
8.1906
12.2306
10.5776
10.7382
11.2154
11.5861
8.7231
12.8190
9.3899
9.7302
10.4553
9.8725
10.7519
9.0854
11.3408
9.6063
10.3228
9.5397
10.8823
10.5171
9.9670
9.0386
10.5573
10.8824
11.3782
10.3294
11.0626
10.3013
10.1419
8.9906
12.8666
11.1526
11.0148
10.8147
10.7167
10.6671
10.7449
10.6638
10.1131
9.5481
10.5470
10.6014
11.9102
10.5110
12.9458
12.1721
12.2819
10.0660
9.8204
8.9370
9.0364
11.2582
9.1320
10.4992
12.2795
11.2182
9.3877
11.7545
9.5454
9.6144
8.9345
8.9710
8.7650
12.7541
9.3473
9.6142
10.2712
12.0815
10.5493
10.2026
11.2498
11.4104
10.9535
9.6795
9.9509
9.7019
9.4985
8.7804
9.3099
10.1125
10.8656
9.4514
9.6487
9.5122
9.4535
10.1589
10.2332
9.4513
9.3182
9.6313
11.8166
9.9929
11.6299
10.3459
11.8284
8.8913
9.5508
10.7060
9.3973
9.8898
9.8301
9.2398
10.2643
11.3854
11.2060
9.4737
10.3632
10.0464
9.8822
10.6621
9.3827
8.7264
9.6264
8.9996
12.7500
11.5831
9.4519
10.0162
9.8147
12.4229
11.0068
11.4316
11.9790
10.0542
10.6964
11.2877
9.6639
10.0395
11.0526
12.0693
11.5863
9.9581
12.2740
9.8917
10.1135
10.5665
10.9073
11.1938
10.3515
9.7610
10.7367
10.8384
10.0574
12.2264
10.7458
11.7331
9.7158
13.2608
10.6419
10.1941
10.4574
9.7765
12.0476
9.2863
10.7131
10.7086
9.1135
11.4133
10.8933
10.0760
9.9659
10.1588
12.3111
11.0901
10.0932
12.5321
9.7950
11.3944
10.1141
11.0764
11.0464
10.7498
9.1294
10.6910
