17.3201
11.6062
16.7226
18.7104
17.8860
17.9943
17.0991
18.3165
18.2630
16.6010
16.5785
17.6103
16.7005
15.1799
19.9586
17.2831
17.9537
20.0344
18.3132
18.7542
20.5896
20.2922
17.2638
21.1121
21.4534
18.7995
17.6999
16.6230
16.3017
18.4899
17.9905
20.2490
19.6283
18.0064
21.3000
18.2917
19.4252
16.3516
17.0864
16.9180
17.4700
16.8719
14.0837
18.0645
17.4089
19.6313
21.8658
19.6379
19.5367
18.4880
17.7883
22.0547
16.8349
19.9298
15.7848
17.2119
19.4679
17.0679
15.8705
18.9158
18.8743
17.3347
17.4792
18.8238
19.1603
18.0469
20.2768
19.9166
19.1721
19.7234
19.8970
21.0104
19.7760
19.5937
19.2233
17.9281
16.2586
13.1946
18.9081
16.1375
16.0208
15.4951
16.3619
18.6235
17.4450
14.2609
17.2999
19.1719
18.0494
16.8009
18.2505
16.3058
18.7456
18.5102
16.9116
18.9944
21.0885
17.4552
19.1793
19.2340
17.6809
17.6241
15.6051
16.8345
20.5617
17.4662
19.8391
18.9659
17.1259
15.0064
17.4951
19.2183
15.9702
18.4215
19.0205
16.0753
20.6038
17.1444
19.4198
20.1539
20.3075
15.4219
16.0992
17.7029
18.2204
18.4254
17.5222
13.6073
18.9219
18.3028
17.5851
17.7511
16.2419
19.5023
21.0049
18.5864
20.0573
20.0729
17.2740
18.7247
16.5768
20.6140
14.8414
18.3140
17.6600
17.8462
17.9496
18.9178
13.5896
17.5317
16.1731
17.6702
18.9420
18.1145
20.4954
19.0573
16.8437
14.4118
20.2572
18.2755
16.1148
19.5530
16.8476
22.1356
17.0613
19.9929
14.0869
19.2701
20.5924
16.8112
20.1628
17.2593
18.9676
18.1899
16.3311
18.1936
16.0110
15.6950
20.4772
16.0732
15.8076
18.6574
20.5470
19.8475
17.6110
16.5372
17.9678
16.4442
16.8469
17.7106
18.2361
16.4394
18.8013
17.5303
18.1336
15.8322
20.1532
18.2486
18.4819
22.6432
