2.0747
4.6711
5.1449
6.2817
8.1331
8.2573
8.7519
9.3070
8.8734
11.6161
9.6763
11.1725
8.6040
8.9071
11.0379
9.6046
10.5290
9.1276
12.9157
10.3806
9.0083
10.5582
9.6648
13.1936
11.5753
10.2011
10.7719
9.6777
12.4999
12.1554
13.3105
11.0826
9.7268
11.1015
11.4045
10.0602
13.2975
9.8871
16.4360
9.7226
12.5583
12.8827
10.3918
11.2884
9.7390
12.6734
8.6575
11.5831
10.5579
11.6208
11.8156
11.4281
17.0880
10.2897
12.7748
11.9412
11.5132
12.0207
12.0835
12.4485
12.3479
11.5626
15.1109
12.2705
10.6310
11.3503
11.8331
12.9710
13.0763
9.7738
11.0524
16.2618
14.5864
10.8079
14.2462
11.0577
12.6536
12.1885
12.4141
11.7091
12.5591
13.7089
11.6745
12.8858
11.8408
12.9154
11.8089
11.1665
11.7462
9.7074
13.7640
13.7364
11.8966
11.7717
13.0636
13.2414
12.3588
12.0595
12.7367
9.8799
11.1093
14.3904
13.0451
15.7489
13.0878
11.3907
11.9703
13.0610
11.7957
13.0286
12.9097
15.2773
16.3706
14.5861
12.9571
11.9124
14.4776
12.6699
12.5708
14.3375
15.0745
13.8924
12.5893
12.0205
16.7442
15.1771
12.9344
10.7303
12.5936
17.5296
13.0203
12.0510
14.2670
10.5594
14.6395
12.7870
13.1523
17.3161
11.2964
14.1172
13.1637
16.2223
11.3264
15.5883
12.1946
14.4332
11.7847
15.4438
10.5181
13.9948
12.1605
12.8936
12.5777
13.8636
14.3802
15.6475
12.9170
21.0602
16.1679
12.9924
12.4760
14.5092
13.6759
15.2581
15.3478
13.5650
18.2201
13.0877
14.3220
12.9957
16.9583
18.5260
14.3961
16.6517
12.8424
15.6309
18.1299
15.3204
15.2118
16.6822
10.9684
19.8203
16.4899
15.7405
16.2372
12.1106
12.4873
18.2950
17.6096
17.3551
15.7917
17.3735
14.7500
15.9803
13.1672
15.1429
15.6752
17.7920
17.4039
16.4037
