9.3442
8.3584
8.0036
6.8518
8.0196
8.3469
6.8216
7.4631
7.3066
7.1963
7.2325
8.0376
8.9440
6.9309
6.8533
8.6524
6.6151
6.1163
5.9868
6.8397
8.7492
7.5404
6.8854
6.8296
6.6025
8.8207
6.0877
8.0279
7.5361
6.4095
6.8868
6.3321
6.9194
7.7737
7.1347
7.0331
7.1043
6.9089
7.8236
7.5963
7.0468
6.6045
7.6685
7.9647
6.2525
6.2304
8.5372
7.5143
6.5943
6.6094
6.2031
7.1277
7.3368
8.1375
6.7234
8.6595
7.4334
6.9385
7.4580
6.2716
6.3244
7.4220
7.3328
6.1356
8.1544
8.0029
6.9599
7.3513
6.5171
6.8313
6.7785
5.9484
6.3261
6.6903
7.4968
7.8806
6.4939
7.4078
8.7736
6.1340
6.6643
6.4756
6.5974
6.3615
6.6138
7.1657
7.1026
8.1317
6.2874
7.1251
6.6876
7.0047
8.2533
6.0552
7.2667
6.9103
5.6669
6.1972
6.8256
6.0917
6.0882
7.9765
7.6526
7.5928
7.3645
7.7086
7.0145
8.3798
8.3857
8.1300
6.2491
7.0943
7.5218
6.2162
7.9238
7.3003
6.6259
6.7623
7.4105
7.2495
6.4141
6.6123
6.9636
7.6233
7.0130
8.2260
6.5402
7.2197
6.9032
8.9777
7.6207
6.3676
7.7426
7.3476
6.2489
6.5543
7.5839
7.0198
8.0318
6.1065
7.1878
6.3231
6.6168
7.9078
7.0728
6.9253
6.2535
8.4796
8.8622
7.6980
7.1374
7.5245
7.6692
7.0366
7.0961
7.4558
6.6266
6.3514
7.3715
7.2977
7.1718
7.6425
7.2681
7.1535
9.2302
6.1471
8.6415
6.5004
7.0830
5.5930
6.6775
7.6971
7.5155
7.1810
8.2424
7.8850
7.9696
6.9500
5.9865
6.5710
8.1360
7.4204
7.9178
9.4355
6.9179
6.8931
8.2429
6.2983
8.1663
7.1821
5.9424
7.1738
8.1168
6.8887
5.8404
6.5469
6.7713
6.8022
5.9044
6.0940
