2.0703
16.2183
18.1639
18.3466
18.7239
18.2380
18.2545
18.5823
18.7659
18.5729
18.6944
18.9050
19.0561
18.9841
18.8503
18.6937
19.0781
18.9948
18.4428
18.9580
18.4702
18.5277
18.9340
18.8008
18.6192
18.7821
19.0088
18.7189
18.6795
18.6805
19.1810
19.1578
18.6379
18.8648
18.9439
18.8131
18.6297
19.2816
18.7511
18.4898
18.9468
18.8840
18.7243
18.9784
18.9130
19.3463
18.6272
18.8446
18.6286
18.8952
18.6902
18.6070
18.5776
18.8694
19.1915
18.8587
19.0249
18.7558
19.0954
18.8664
18.7443
19.1840
18.9216
18.6159
18.6439
18.7349
19.0700
18.8143
18.6451
18.6777
18.7097
18.6663
18.7552
19.0432
18.9526
18.7871
18.6993
18.6001
19.1495
18.8561
18.8181
18.7094
18.5331
18.9767
19.0841
18.8912
18.9689
18.5928
19.2223
18.3802
18.6307
18.7132
18.5908
19.1012
18.9879
18.6753
18.9830
18.6551
18.8227
18.9719
18.6395
18.8351
18.8214
18.6249
19.2125
18.8079
18.9629
18.8817
18.9201
18.6837
18.8240
19.0622
18.8880
18.8194
19.1390
18.8078
18.4847
18.8265
18.8939
19.0739
19.0704
18.8590
18.8013
18.8701
19.1413
19.1651
18.7458
18.7640
19.0882
18.9167
18.9165
18.8461
18.7768
18.9897
18.9460
18.8446
19.4142
18.8990
18.6518
18.7496
19.0862
18.5299
19.0715
18.5712
18.6241
19.0551
18.5852
18.9331
19.1908
18.8401
18.9244
18.9501
18.4807
18.8214
18.7711
18.9426
18.8671
19.0442
18.8154
18.7146
19.1341
18.7476
18.9958
18.5368
18.8806
18.7217
19.0336
19.2302
18.9396
18.3197
18.9788
18.7603
18.7652
18.8862
18.6361
19.0365
18.8021
19.0349
18.6844
18.5855
18.6629
18.6278
18.6931
18.8255
19.2424
18.5278
18.9012
18.8765
18.5331
18.6973
18.6899
18.9325
18.6373
18.9287
19.1896
18.6648
18.8963
18.9252
18.6903
18.7362
