2.3353
2.7419
5.3321
5.3589
6.1520
5.4373
6.1954
5.3572
4.4907
7.4129
5.8016
8.8657
9.0003
8.6727
9.6081
6.3594
8.9894
5.4882
8.2802
7.1141
6.5294
8.7650
6.9897
5.8515
6.9391
8.1834
5.5096
6.5863
7.3774
8.0409
9.0382
5.9256
7.0008
7.2873
5.6161
4.5133
6.3437
6.5694
8.7080
6.9643
4.7611
5.5085
8.4198
6.6462
7.2982
6.0171
8.4737
5.6968
4.3356
9.0319
5.6046
7.5955
6.3600
4.7517
6.4386
6.3255
5.2498
7.4715
6.8288
9.5468
6.8025
10.7307
6.5317
5.9909
3.3549
7.5530
7.3242
8.1034
5.3598
6.1532
8.3521
7.4356
7.1187
5.9117
6.6431
5.1219
5.3955
4.1067
4.8564
3.8801
6.6428
4.1594
6.4447
6.1871
4.9402
4.8265
5.6074
4.8106
4.5840
7.2533
7.2043
8.4422
6.8353
6.1907
5.8486
6.0135
5.2356
4.7811
6.4881
5.1719
6.9178
7.3831
7.7038
6.1546
6.5069
6.3914
4.5901
7.0802
7.2783
6.6366
6.7232
4.8815
4.3271
4.4871
7.9819
6.3146
5.7618
8.1528
6.4243
5.5881
4.7438
4.1000
6.4457
7.1372
6.3156
5.1010
8.7902
4.9138
8.2451
6.3515
6.8803
7.8437
7.5514
5.9077
5.4422
7.4427
5.0646
5.2025
3.6893
6.3014
5.6625
5.0311
6.3968
6.1903
4.6165
4.6056
6.3743
4.0482
5.0107
6.3018
9.2655
7.3423
7.0047
6.1035
5.1684
5.6817
5.9178
6.2948
4.5100
6.3808
7.6033
5.3923
5.9359
6.5110
5.8541
6.1587
6.8496
5.8766
4.6694
4.8429
6.2252
5.8869
6.1353
8.0618
7.1773
4.8065
6.1749
3.7532
6.1641
6.9357
7.0793
6.0694
4.8138
6.1246
6.1867
5.2549
7.5128
5.9227
6.4236
5.4998
5.3571
5.4632
8.5399
5.6933
4.9654
6.2440
5.5481
4.9494
6.2385
5.5407
