5.0252
15.2384
19.9384
22.4535
23.0133
26.9688
25.5934
29.5254
30.4375
34.3517
24.0431
26.2845
28.3906
27.5402
33.6916
26.5733
24.1543
26.9844
31.1178
21.2259
19.2126
32.8201
34.7951
22.2448
35.8220
33.2518
23.1832
32.1648
26.5435
40.5061
32.2574
22.2663
27.6401
29.7873
33.6499
32.2550
25.4527
23.8874
37.7769
36.1102
30.0467
22.8533
35.6819
35.0532
35.2171
25.3448
28.2874
27.7388
19.5200
26.4346
27.1255
30.0683
22.3002
20.1572
31.6524
34.8979
25.0558
27.3980
34.9290
31.2433
33.4960
28.1755
32.0198
30.5620
32.2457
30.4094
27.0794
40.2519
26.5157
25.1726
27.2530
28.9756
32.5812
32.4624
26.4632
30.4364
34.0749
25.1498
20.2412
28.5269
22.0071
40.4505
29.6163
26.3744
22.8641
16.9311
35.9930
25.7983
22.7538
27.6608
35.9841
25.7051
22.2843
27.7519
23.6355
30.6483
16.7957
24.9382
25.5046
23.6614
40.3449
26.4055
32.4667
13.5569
25.8760
23.4507
18.1201
28.9036
23.0159
20.4466
32.8111
25.2415
30.8998
29.0935
17.8830
28.4171
26.1986
18.9126
27.2463
24.7267
32.4674
29.4010
28.9140
28.4831
24.8308
23.2043
33.4244
28.6632
26.8295
24.6756
22.4520
28.4910
24.2463
40.2484
24.3859
36.2356
23.2004
21.7579
40.9643
32.4050
16.6419
28.9310
29.6187
42.7300
17.2609
39.7713
21.1898
18.1867
24.9012
26.6393
22.2137
32.6108
21.1441
26.8191
23.5474
32.4377
23.8004
25.9111
19.8963
31.6976
24.1152
24.9476
13.8255
21.5509
25.1506
14.4884
20.8262
23.4067
21.6649
20.2480
35.5810
17.0592
16.1280
17.7195
18.4696
24.6267
18.6551
36.6099
25.7238
23.6939
17.1602
21.2109
26.7640
25.2041
23.6994
25.2213
16.6201
33.0967
24.0289
11.5285
20.7336
28.9305
21.0712
22.8414
34.2421
26.1869
40.0575
34.1378
20.7061
24.8533
