11.8628
9.4105
8.6275
9.8116
10.0344
9.1128
9.3803
8.3971
9.5153
11.3889
10.0929
9.3379
9.1528
8.1183
8.8267
8.9162
8.6639
8.5635
10.4805
8.6645
8.8113
8.5695
9.3703
7.9815
10.2816
10.4213
11.0794
9.9452
9.7117
9.1035
10.2785
10.5352
10.8188
9.7023
9.0124
10.1865
9.2794
9.6727
9.8726
8.8727
7.7603
9.8221
7.9259
8.9363
8.9329
9.5393
10.8005
10.0050
10.0497
11.8200
9.3607
9.2813
9.6963
8.7131
9.3539
10.3623
9.2346
9.6980
10.8595
9.2219
10.3056
8.8157
10.1113
9.0699
9.6095
9.6419
8.8473
11.0849
9.9564
8.3685
8.9239
9.2931
9.8595
9.2412
10.4915
8.6711
10.1740
9.2677
8.7613
9.7191
9.8104
8.3823
10.2757
9.0389
8.8654
10.0209
9.3230
9.4761
12.5316
10.1675
9.1683
10.9582
9.2815
8.5699
8.1613
10.5422
11.1001
10.2973
9.5498
8.4395
10.1557
8.2813
9.7420
9.2353
8.4971
9.7568
10.1116
9.7292
7.5222
8.4745
8.2154
11.6459
9.4242
8.5858
8.6019
8.8600
8.4773
8.8625
9.8784
10.2269
10.1935
8.1927
16.3598
8.9468
8.8014
10.7385
9.4549
9.0331
8.7619
11.9800
9.6179
9.1454
10.8659
9.1041
9.8922
9.9352
10.0179
9.3357
8.9228
9.0287
9.3820
10.0112
10.0520
8.5389
9.1899
10.4323
8.7502
8.5722
8.1535
7.4661
10.5337
10.6635
10.1262
9.5088
8.8079
9.7141
9.8955
11.4216
9.5553
9.4643
11.1833
9.5018
8.4243
9.0243
9.5093
9.0111
10.1545
8.4347
8.9111
8.0993
8.7486
8.2189
9.0104
9.1737
9.6347
9.2126
9.7121
10.0547
9.0401
9.1316
10.1394
9.6678
9.9912
8.7623
11.6274
9.6186
9.6764
10.4621
10.8307
9.8816
10.5427
9.2305
9.1195
8.7782
10.2859
8.5950
9.9949
9.7295
8.3108
9.2034
