2.9434
4.6490
7.6515
9.3366
9.0406
8.5952
8.0650
7.7974
6.9263
7.7518
6.1570
7.0006
6.1228
5.9839
6.3513
6.5701
5.8553
6.2740
5.2013
5.1689
6.5913
5.7507
4.4032
5.4549
6.5434
5.7937
6.2042
5.2326
4.3673
6.7485
5.8927
4.4720
6.3880
4.6181
4.9760
5.1375
5.6167
4.4550
4.9296
4.0685
5.6549
5.4644
4.7587
5.9113
4.9407
5.0644
4.5600
4.6248
4.5393
4.9979
5.4001
5.3076
4.2928
4.7800
4.8427
4.9831
4.0502
4.9959
5.0458
5.0788
4.2419
4.6713
4.8533
4.7900
3.5716
3.5201
5.3465
4.3130
5.1688
4.2002
5.5255
5.1867
5.7599
5.4911
5.3392
4.5089
6.5669
4.4096
4.6817
4.5711
6.1604
4.0818
5.1316
3.8366
4.3799
4.2668
3.8480
4.0485
4.8311
4.9528
5.3721
4.6815
4.9372
3.9791
4.7998
3.9383
3.8751
4.3306
3.8816
3.8242
3.7006
4.3806
5.6330
4.6577
4.6825
3.6550
4.0652
5.6680
4.6673
4.7891
5.4655
5.1760
3.6572
3.4828
4.4326
5.2647
4.2638
3.2517
4.4046
4.8957
6.0823
3.4152
3.4081
4.9165
4.6245
3.8696
3.9895
3.3590
3.1836
4.5225
3.9901
3.7570
4.3000
4.0286
5.3284
4.5228
4.1460
3.6146
5.3636
3.6721
3.2870
3.9860
4.5956
4.5441
4.2996
4.5937
4.9485
3.3723
3.5172
3.8272
3.9314
3.4790
3.8933
4.0866
4.0807
2.8689
3.7767
3.2739
3.5678
3.2571
3.8800
4.8664
3.9755
3.8770
3.9183
3.8712
3.4621
3.5075
5.5180
3.3860
5.9120
4.2139
4.3834
3.2303
4.0530
4.2637
3.9429
3.4235
3.9499
3.5736
4.7196
3.2761
3.9067
4.0883
3.7643
3.2057
4.0216
4.4416
3.1951
4.1570
2.8680
4.4893
4.5313
3.5837
3.6305
3.3572
5.1022
3.5108
3.3920
4.0019
