8.9164
6.1972
7.9162
8.0157
6.1577
6.3540
5.7194
5.6609
8.3473
7.6467
7.1951
7.0473
7.9919
7.7900
7.5545
8.3994
6.7704
7.6089
6.2870
6.4224
6.2099
7.2289
6.6235
7.8031
8.1521
6.1305
6.9450
6.0628
8.1972
7.1826
6.7264
7.4555
8.4012
5.9537
6.5715
7.8066
5.8501
6.4436
7.4221
7.5971
6.2868
6.0934
7.4370
8.3711
6.8609
6.0669
7.8706
7.2632
7.8055
6.0343
7.5543
8.2704
6.2593
6.3055
7.6608
7.5678
8.3142
6.5253
6.7112
7.7980
6.7447
6.4882
6.7722
6.4680
6.6569
5.5384
8.2334
6.3079
7.2488
6.7343
6.9072
7.9891
7.3219
7.7857
6.9012
5.7461
8.7374
7.8895
7.6265
7.7246
7.7892
7.5873
6.2100
7.5468
9.0716
7.3015
8.4042
5.7755
7.3226
6.0243
7.2111
6.0258
7.5618
6.5576
7.5900
7.0092
6.4996
6.7474
6.2593
7.6486
6.3248
6.8266
8.4208
7.4772
7.2703
8.3149
8.0691
7.4352
7.5373
6.3200
8.0704
7.8206
6.0390
6.5558
7.2820
6.5919
7.0306
6.8580
6.6077
7.1937
7.9705
5.7349
6.6191
9.2474
7.9449
6.9491
6.9263
7.4797
6.7077
6.8339
8.5904
6.7680
5.3058
6.3923
6.8839
7.4036
6.7578
6.5793
9.3763
5.8617
6.9505
6.1618
6.1304
6.3431
7.6243
6.0635
7.3510
6.5579
7.0910
6.2679
6.9554
7.3321
6.2208
8.3883
8.1372
5.7672
5.9374
6.4075
7.6619
8.0790
7.1610
6.4800
5.7947
6.9199
7.9006
6.3587
7.2703
6.4161
5.9957
6.9622
6.1833
6.6040
6.9539
6.1531
7.1009
8.5757
6.4780
7.5086
7.9389
8.4167
5.6622
5.9311
6.5904
5.9312
6.2196
6.9636
7.2545
7.8440
7.3606
7.4511
6.3937
7.2913
7.5173
7.8196
6.3306
6.6959
6.2416
6.5750
6.8818
6.9884
