3.1869
4.3445
6.5250
10.0415
10.8222
12.6257
12.4858
12.0007
9.8217
10.9624
11.0098
11.8056
10.2463
11.1313
12.0590
9.0950
10.8663
10.0693
10.3278
9.6802
9.4431
11.6516
8.9707
8.4356
8.3192
8.0282
8.6804
8.6768
9.6077
9.0023
9.1004
9.5041
8.3920
7.2714
8.6611
10.4605
8.5839
8.0121
9.1265
8.4529
9.0390
7.9430
9.4282
8.3398
7.4534
5.7553
8.8111
7.5939
7.9205
9.8259
7.9634
8.6309
8.0498
7.1539
8.6364
7.4987
8.3367
6.2294
7.1453
5.0742
7.3037
7.0184
8.1049
6.2589
6.9669
8.7825
7.5357
7.5390
6.4382
5.8561
8.9333
8.0956
7.1003
6.1437
9.3107
7.3016
7.3247
8.2900
6.8953
6.6947
6.5005
8.3874
6.6934
6.7465
6.7088
7.5162
9.2347
6.7419
6.4852
7.3112
5.7834
7.8864
7.3725
6.7024
5.9743
7.5143
6.7461
6.5700
9.0710
7.8443
7.2418
7.7981
7.1120
6.8448
8.1503
7.3949
6.7326
9.9840
6.9448
6.7879
6.7987
7.1490
8.0356
4.4309
6.6868
6.7438
9.4568
8.2318
7.4632
7.1560
7.2483
5.8612
5.1837
6.6788
4.4832
5.7485
5.9358
6.3646
8.6283
5.9373
5.2808
6.7292
6.0645
6.1344
5.1207
6.7818
11.4216
6.1337
6.3695
4.6792
7.3805
6.6625
3.8255
7.5577
7.5548
7.2177
6.1305
6.6721
7.3613
5.0881
6.0764
5.8393
6.3429
6.5873
5.7790
5.8536
5.3317
7.3504
7.0170
7.0606
5.5290
5.2544
6.1538
8.2960
3.8351
7.7173
6.3362
8.7462
6.4717
6.2152
6.3030
5.6856
3.8712
5.2897
6.4269
6.1538
7.3670
5.8666
6.6895
7.0985
6.9257
6.8368
6.9097
8.5654
6.7043
6.4534
5.2370
6.9371
6.5854
5.4190
8.6678
6.9788
6.5233
7.5968
6.8632
6.5106
5.3836
4.3571
7.4776
5.5781
