15.7297
7.2759
7.5590
6.5740
8.5278
7.6577
8.7039
8.1614
7.5996
7.4212
7.0917
7.8003
8.1703
7.6076
8.2314
7.9692
6.8715
7.3598
8.7216
6.6065
8.1474
7.8693
8.4955
7.1010
7.0113
6.3373
7.0503
7.2812
7.9934
8.0052
7.4931
8.1343
8.7263
6.0118
8.0855
7.4592
7.8128
7.4639
9.0390
7.1856
6.4330
7.4082
7.6447
7.4428
7.8917
7.5566
7.4550
9.0576
7.0935
8.7554
6.7789
6.4797
7.5430
9.0505
7.0256
7.7846
8.1850
6.1689
8.1702
6.9241
7.3764
7.9230
6.5648
7.7354
7.6946
5.9811
6.9708
7.5947
7.6171
7.9208
7.2241
8.2695
7.1800
6.8757
8.1731
7.8729
8.3904
7.2573
6.5229
7.9589
7.2583
7.2762
6.5924
8.3574
7.6282
6.0147
8.5850
7.5179
6.2379
7.0956
7.9402
7.6244
7.3907
6.8250
8.4480
7.5081
6.8473
7.1258
7.7021
7.8775
6.9854
5.4786
7.7524
8.4066
8.1022
7.2513
6.9746
6.7175
6.7141
7.1691
7.9565
5.9344
8.7750
6.4212
8.0304
6.6469
7.8464
7.2804
9.0794
8.2345
7.7214
7.0833
6.6338
7.6156
8.5992
7.4406
7.3856
8.4093
7.5651
7.6411
6.9529
8.1281
7.3105
6.8665
7.7315
7.2087
7.1014
7.0912
8.8641
7.2604
7.2481
6.8573
7.4137
7.9149
8.2341
6.9143
6.4308
6.2836
8.0728
9.1810
8.3580
6.4259
7.3739
7.3746
6.8715
6.5310
7.6548
7.0390
8.1760
6.7623
6.5175
8.5951
7.5696
8.1968
7.1159
7.6261
8.0206
7.7514
6.8616
7.0065
7.7570
6.7079
7.8967
7.4324
7.7452
6.7018
9.2861
8.3329
7.0710
7.7591
8.4878
8.3836
7.7385
8.2360
7.0014
6.8453
8.4782
8.1578
7.8869
7.4257
8.0405
6.9678
5.8628
6.6538
7.5474
6.7656
6.2241
7.6366
7.5985
8.2678
