17.8512
14.2224
10.5297
11.6748
9.9201
9.5791
10.8167
9.3271
10.0370
12.1536
8.9415
12.2902
10.0409
8.6041
8.8165
9.5393
9.5811
10.3860
9.7143
9.3637
9.2337
8.7442
11.1716
9.8276
9.5695
9.9343
9.6557
8.2823
9.5063
9.1031
7.7109
7.4653
8.6168
10.7675
9.1327
8.8321
8.3377
8.3842
8.7547
8.8320
7.7206
9.2645
8.7818
7.5475
9.0171
9.6381
8.2193
8.8447
8.4282
8.0033
9.2297
9.2287
7.9129
8.1971
8.9481
7.7727
7.8227
8.9904
8.2271
7.3610
8.3684
7.7212
7.1678
9.9893
7.7160
10.1565
9.1208
8.3106
9.8405
8.6888
7.2487
10.7858
8.9352
9.7560
7.4656
9.4382
8.4793
9.4734
8.4721
8.7904
7.3739
8.1974
9.1596
8.3108
8.6750
8.4406
10.6465
8.0442
8.2321
7.9696
8.9874
8.5037
7.8681
7.7357
7.0515
9.1391
7.8618
8.5100
9.6922
8.2430
9.4638
8.2244
8.7219
7.9526
7.4161
9.1410
9.4759
8.2561
8.0097
7.4412
8.7749
9.0388
7.9686
7.8225
8.2160
8.0766
8.5505
9.4403
8.2806
8.9813
7.2180
7.5069
7.4304
8.2209
6.7227
9.2574
9.3734
9.5569
8.6572
7.8182
7.4183
8.5696
8.0283
7.6365
9.6811
6.9873
9.3061
8.7530
10.0428
8.4548
9.0167
9.0841
8.4329
8.9984
7.5857
9.0271
8.0448
10.4324
8.8810
7.5828
6.9186
8.6180
8.1185
7.6166
7.7969
7.4295
7.0739
7.2222
7.6355
8.2749
7.2512
9.9915
7.1528
8.2319
7.4508
8.3547
6.6014
7.2364
7.6488
6.9433
8.5680
7.1910
7.3250
7.8507
7.4596
8.8769
7.5964
9.6440
8.5890
7.6731
8.5252
8.4745
9.2334
7.1967
9.2612
8.3255
8.1782
8.2164
7.8282
7.5644
7.0418
8.6956
7.4941
7.7262
7.4059
8.0334
9.0676
7.0711
8.7056
7.5786
