20.9861
21.5102
20.5154
12.0249
8.5303
11.3706
12.9241
16.1626
10.3214
15.6396
9.8087
16.2241
17.8228
15.0056
16.9088
16.3204
16.9225
16.0817
17.2837
11.0641
17.4256
15.5973
11.5708
16.5388
7.8361
14.3257
16.7004
15.1468
17.5665
18.5469
15.2119
15.8806
14.1547
15.4766
15.8873
17.2374
16.9344
18.3501
7.8089
15.2254
14.9511
17.1127
15.5647
11.4526
15.1163
17.5567
7.8807
17.1433
16.1636
10.8163
18.8501
18.0602
14.7828
16.6646
4.4362
11.7135
17.6079
19.5341
18.7742
11.0271
14.9493
17.0634
9.3151
13.7629
17.8011
14.8259
13.9028
16.2425
13.3606
16.9828
13.7224
17.6994
19.5372
17.0252
14.6440
14.3823
16.2607
17.4597
12.2473
16.8489
20.0782
17.7164
10.2636
18.0045
16.2558
13.1768
13.9622
15.2106
17.3086
16.1012
12.4642
17.7896
6.3383
15.9697
17.5532
12.2728
16.8040
16.0361
15.7395
15.9433
13.3340
16.5604
15.5973
19.7664
15.1454
14.9309
15.5730
14.3618
16.1535
16.6762
15.3649
16.4772
16.1032
15.3236
14.0870
14.8727
16.8232
9.0468
17.1408
16.7537
14.1349
13.3323
15.8226
13.2380
12.7065
15.9017
16.3858
17.3418
11.3566
15.3303
17.3950
12.1225
15.0798
16.5424
10.5824
16.8694
15.6030
10.2517
18.3485
17.6822
14.0210
16.2065
14.9987
15.1468
9.2414
14.5170
17.9843
7.9254
14.5417
19.0842
15.6504
10.1318
15.5840
14.9335
18.6846
15.4441
13.3214
15.6642
10.2343
11.1454
13.3058
16.2355
19.1057
11.4433
13.8206
16.3009
10.8035
17.5354
14.6159
16.0731
16.0304
9.7307
16.5618
18.1917
11.6799
15.8044
15.3957
15.2499
17.6545
18.5268
15.5384
16.0666
15.4405
14.7495
18.7893
10.3482
17.1785
17.4118
16.3591
15.6218
16.6380
15.8690
19.1374
12.0128
11.8952
17.0961
14.6217
16.2784
17.8716
13.4331
