1.7907
11.8396
13.0028
13.3629
12.3169
12.8404
12.2355
13.4599
12.1484
13.4055
12.6203
12.7004
13.0291
13.1050
12.7000
12.9991
12.9508
13.4769
12.7602
13.1312
13.2740
13.2264
13.3615
12.5636
13.0431
13.5489
12.6039
13.0586
12.7436
12.4021
13.1313
13.2171
12.8770
12.4743
12.8489
12.5326
12.9534
13.5730
13.0483
13.0875
13.3456
12.7754
12.9130
13.6513
13.1127
13.0737
12.8311
13.0204
12.5327
13.2191
13.2080
13.3780
13.4209
13.1381
13.3731
12.8612
13.0588
12.6993
13.1149
12.7972
12.7938
13.0913
13.1141
13.4432
13.1933
12.7706
12.9602
13.3381
13.0579
12.9381
13.3416
12.5064
12.8864
13.5589
13.4372
13.3855
13.1190
13.0080
12.4729
13.3150
13.7672
13.3277
13.9097
12.9171
13.4259
12.9924
13.3516
13.1236
12.5049
12.9213
12.6414
13.4544
13.1514
12.7334
13.1824
13.6998
13.9240
13.1090
13.2909
13.3301
12.9932
13.1086
13.1781
13.9041
13.1400
12.9358
13.4319
13.5206
13.0769
13.4603
12.7557
13.5593
13.3893
13.2915
13.2830
12.4533
13.4166
13.0735
12.9890
13.5987
12.4166
13.4176
13.3547
13.1312
12.7673
12.9675
13.6122
12.9420
13.6899
13.2573
12.8754
12.7074
13.8723
13.0662
12.5619
12.7650
13.1498
12.5085
13.6190
13.5955
13.3381
12.8849
13.3094
13.7040
12.6384
13.0586
13.2032
12.9714
13.1406
13.8324
13.9615
13.5919
13.0679
14.0552
12.9662
13.2015
13.6259
13.2432
12.9528
12.8731
13.0824
13.3302
13.1806
13.0771
12.5222
13.1295
13.0529
13.7787
13.6844
12.8270
12.5286
13.2216
13.7001
13.5385
13.3296
13.6509
13.0922
13.6511
13.4782
12.9298
13.1826
13.0644
13.2227
13.0730
12.8989
12.8132
12.8461
13.6028
14.8214
13.2791
12.7083
13.5086
13.3674
13.2297
13.0474
13.4578
13.4686
13.3287
12.8264
13.1208
