2.8632
4.6873
6.3908
5.1740
6.9640
9.1935
5.8764
8.4348
10.3385
9.3642
10.8827
9.6633
9.6091
10.8043
11.5155
23.7760
9.6969
10.9639
10.4122
10.9102
12.7345
15.4672
15.0119
13.9186
12.1628
13.4556
13.4569
12.8947
12.0043
12.9136
13.5453
12.7244
11.9307
13.9410
15.8350
10.2650
13.7871
11.0996
13.6201
13.2162
15.4617
14.2565
12.9194
34.5735
11.1757
9.2414
13.9560
12.6003
14.0149
10.9925
13.8263
14.2767
12.3980
13.4639
14.1979
15.3913
11.5704
10.6125
12.8862
13.0886
16.2965
13.8725
12.2791
13.5390
14.3871
11.6352
15.9343
13.5092
10.2901
10.7750
12.3209
12.0970
10.7393
12.8386
14.5625
13.0547
14.6396
11.9393
13.7200
13.4514
15.9124
12.0968
14.1021
14.9497
13.0357
13.3491
16.2854
18.8504
14.0424
15.2229
13.3590
16.0991
16.8083
15.8451
16.6953
16.7070
16.4813
11.4493
15.7108
16.8815
19.3081
20.9771
17.7201
18.7943
15.2947
16.3334
15.3142
17.5951
13.9365
15.6501
13.6252
15.7296
18.4177
20.4127
14.5698
18.6596
19.8014
17.7255
14.7638
13.8352
14.7009
16.0989
15.9187
19.5854
16.0278
15.0494
20.4758
19.2222
16.6054
17.2821
16.2931
18.2786
16.4564
19.6515
23.3413
16.8688
17.0025
16.5973
17.5381
16.5272
17.4793
18.6818
16.0395
19.8089
19.6505
16.9016
15.5375
19.4626
20.1571
16.5802
17.2750
17.6046
19.5711
21.6677
17.9662
19.2162
17.9475
17.6328
16.2104
18.7490
19.6976
13.5906
17.1796
21.0423
20.0642
21.2167
15.5856
20.5621
16.6098
16.7454
17.0935
19.7730
18.2516
21.5787
14.9751
20.7904
25.6136
24.1193
17.9306
21.3281
21.4926
17.9576
24.5605
19.2113
26.4661
17.4061
21.9351
19.8798
23.1856
19.1287
25.1273
18.7808
19.6692
23.7186
19.3533
21.8435
17.9196
20.5087
24.8641
17.8261
