2.6019
2.9948
5.7324
8.3609
9.8565
9.4037
9.4455
10.6909
9.7113
9.0989
9.8470
8.7443
8.7478
7.6256
9.2773
9.8285
8.6142
7.6694
8.5042
8.2861
7.3637
9.2259
8.4924
7.5033
8.9367
7.3985
7.6915
9.0555
8.1880
7.6717
7.1466
8.4420
7.5339
6.8867
7.4759
7.4345
8.1938
7.1897
6.7625
5.7515
7.3208
7.2506
8.0506
8.2307
6.5047
7.2946
8.4081
6.6477
6.9672
7.2462
6.7739
7.0820
6.7480
7.7217
6.1598
8.0650
7.8066
5.6562
6.1313
6.3818
7.0941
4.9803
6.3701
6.9447
7.8780
6.9343
5.1583
6.3237
5.7370
7.7345
7.6328
7.4381
6.2974
6.4622
5.9224
5.9396
6.9406
4.7663
6.4785
5.3818
5.9444
6.1488
4.7693
7.6473
8.2770
6.6382
6.3077
4.7309
5.8101
5.5699
4.8885
4.2931
5.1863
6.3239
5.9308
5.0840
5.4719
6.0853
4.0878
5.7606
5.8840
5.1665
6.2358
6.9351
6.3986
5.2781
6.1096
6.0401
5.1904
5.2694
5.4338
6.0270
4.2129
6.4916
7.3887
4.2715
4.8407
5.4731
6.1144
4.5180
6.6541
6.0114
5.1050
4.7557
6.0472
5.9491
7.1091
4.6100
5.5743
6.0122
6.5083
5.4620
4.5521
5.1379
6.1698
6.4195
6.4900
5.0771
3.8469
5.8259
4.8964
6.8433
5.6972
5.1468
5.2006
5.7272
5.0106
5.5500
5.3487
4.9403
6.7381
4.6092
5.0579
6.0159
6.4710
4.7916
6.7968
6.4547
5.4192
4.6053
5.1351
5.2515
5.6958
4.4369
6.4526
6.6293
5.0274
5.6211
5.7313
6.2556
6.3076
6.3740
4.8086
4.5758
6.2744
5.4354
5.9307
5.0957
6.0225
5.4154
5.8947
4.0524
6.7086
4.9970
4.9543
3.9721
4.6739
5.0945
6.1116
5.5751
6.7272
4.5392
5.5813
4.6738
4.7363
5.0302
4.3752
5.6192
5.5381
5.7005
