13.6958
9.1808
8.7121
8.5071
9.5930
9.0102
7.9684
7.4440
9.7273
8.9308
8.3771
8.5060
8.1772
7.6873
6.4188
8.3561
8.2194
7.5979
8.1599
8.0303
9.6043
7.3164
7.3790
10.5124
8.1059
6.9343
8.5377
8.9286
8.1012
8.3908
7.4723
7.1987
9.1247
7.1317
6.9563
7.8307
6.9844
10.2085
7.1144
7.0224
7.2671
7.9924
8.5683
8.3063
8.7005
8.9155
8.4756
8.3572
8.0871
7.9405
9.3228
9.8691
9.0757
9.3307
7.3197
6.9233
9.0949
7.2379
8.7757
8.3523
9.9698
6.3372
8.1152
7.6859
6.7799
8.4456
9.0130
7.1187
7.8446
9.1198
8.2883
6.9312
7.7085
8.2874
9.3500
8.8894
8.5284
7.0124
7.9560
6.8620
8.0240
7.0360
7.4335
8.3675
6.8183
8.1115
7.8694
8.8634
7.7427
8.0932
8.4469
9.4461
8.2239
10.1614
9.1508
6.9917
7.8224
8.8781
7.7700
8.6653
7.7961
8.1702
8.5192
8.6677
7.5899
8.1188
7.6321
7.2328
9.6237
6.9588
7.6361
7.2971
7.0323
6.9995
6.5065
7.9196
7.9128
7.6490
8.9379
7.4440
6.7631
7.8840
7.9291
8.8389
7.8086
7.5554
7.8989
8.5961
6.9375
7.7258
9.8808
9.2723
7.6603
7.4431
7.3140
10.1861
6.9390
8.5660
8.7947
7.1499
8.5798
8.4904
6.0264
7.2178
9.4511
9.2558
7.8184
8.3399
7.2029
8.3653
7.1100
7.3303
8.2889
8.3732
8.3183
7.8840
5.8792
8.4499
8.2027
6.4786
8.4695
8.0373
8.9937
8.8368
7.6265
8.5353
9.6461
7.4573
8.5394
6.5534
6.7892
8.0691
7.4564
9.9484
7.0936
8.1422
8.3237
7.7637
7.2551
8.1821
7.5051
7.1716
7.4679
7.3041
10.0328
7.8768
6.9005
6.4345
7.4759
6.3402
6.9842
8.9675
7.4391
7.7805
6.5130
7.4102
7.3758
7.3807
7.8644
8.8048
