16.1846
7.0180
6.3254
6.2070
5.5557
5.8356
4.5351
4.7618
3.2166
4.0855
4.2908
4.7524
4.2115
4.0399
5.3210
3.7444
4.0820
3.4860
3.8508
3.4473
4.0263
3.9452
3.2498
3.9073
3.9980
3.5041
3.9280
3.0793
4.1130
3.5650
4.2822
3.7926
4.3302
4.1659
3.1346
5.6082
3.3665
3.4571
4.6326
4.5590
2.9579
3.7814
3.6557
3.8288
3.8242
3.7510
3.5538
3.9146
4.4513
3.8554
3.6859
3.4727
3.9732
5.0745
2.9398
4.5592
3.6901
4.9057
4.1993
3.7017
3.1212
3.4900
3.0272
3.7744
3.9320
3.6501
3.3082
3.8304
3.4766
2.6832
3.9174
3.0455
2.0797
3.6294
3.8565
3.0038
3.9902
3.1796
3.3433
3.0990
3.5505
3.0522
3.5073
3.3086
2.9790
3.1842
3.8278
3.2950
3.0330
4.5159
2.9724
3.1732
2.5519
2.5067
3.2913
4.6273
3.9721
3.7585
3.3143
3.6620
4.1342
2.5765
3.9852
2.8754
3.1020
2.8646
3.5573
4.0354
2.8590
3.0511
2.2918
3.6645
3.8297
3.4514
3.5227
3.9706
3.1912
3.8091
3.3231
3.1169
4.1549
3.5667
4.3988
2.9895
2.8272
2.1635
3.6587
2.2711
3.7564
3.9245
2.5699
3.2527
3.7170
2.5412
2.4459
3.3902
3.1585
3.2999
4.0916
4.0097
2.8904
4.4605
2.7750
3.7474
2.9531
3.4130
4.1063
4.4440
4.6510
4.5087
3.0677
3.5742
2.5755
4.9088
2.6449
3.6447
3.5741
2.8622
2.4842
2.8352
4.6864
2.8348
3.7053
2.7154
2.7488
3.4404
3.6131
2.6695
4.0352
3.9119
3.1636
3.8586
3.1136
3.2820
3.4765
2.9176
3.6185
2.9622
2.3145
2.5459
3.8392
3.3229
2.7326
4.1681
3.4062
3.3302
3.7668
4.3138
3.4606
3.8599
3.4981
2.8256
3.8758
3.2130
3.9775
3.4638
4.2255
3.9483
3.7293
3.2650
