1.1368
1.4112
1.4104
2.3341
3.2182
4.4735
4.8803
4.4518
4.6888
5.4911
5.4715
5.5665
5.4897
6.3644
6.2412
5.7756
6.6167
7.0970
6.6578
6.1385
8.1503
8.8007
6.8413
7.5547
7.1733
7.5130
7.5008
7.9587
7.1377
7.1264
8.4563
7.9029
7.8854
7.8600
9.2065
7.6170
8.8616
7.6329
8.3171
8.0593
8.1110
8.2245
9.4878
8.1969
9.6587
8.3001
9.1835
9.2345
9.7833
8.5850
7.6957
9.0841
10.1290
8.2736
8.1482
9.8368
10.2383
10.3442
9.8809
10.4976
8.8344
8.4774
10.7891
9.2765
9.0143
9.1050
9.7759
9.2042
10.4430
10.4837
9.6517
9.1265
10.3456
9.7741
9.3099
10.7709
10.4750
9.8994
10.1621
12.2447
9.2644
10.7681
10.1812
10.4101
10.9595
9.8328
10.3499
10.1999
10.8125
9.9036
11.1345
13.5581
11.6635
10.3050
11.7499
9.0672
10.5133
11.1901
11.3535
12.2494
10.3685
9.1922
10.8001
11.2366
11.2211
12.0528
11.4692
11.9783
10.3622
10.7652
11.4280
13.2230
11.9506
10.9430
11.6455
11.4935
11.5335
12.2439
12.4163
11.6391
10.6030
13.9820
12.5752
11.5878
12.6253
12.8668
13.2550
12.3915
11.7671
12.4991
10.6425
11.3802
11.8185
11.0486
12.2401
11.0666
12.0325
12.8769
13.6804
13.9778
11.6468
10.9324
12.6060
11.2218
12.2337
13.8495
11.9421
13.1266
12.6032
10.7715
14.3606
14.0094
18.0091
11.4477
12.2825
12.1079
11.2327
12.3116
13.3482
12.6546
12.9140
14.0896
14.3387
12.7907
12.8470
10.7724
12.4166
12.7513
13.9592
12.1439
13.3538
13.0794
11.8452
13.1405
14.3152
12.6976
14.7526
11.5220
13.1644
12.8743
13.5372
12.6521
12.4606
13.9837
11.9880
12.2627
14.1561
13.8009
13.1227
12.4855
14.6879
12.9182
12.7289
13.6088
12.5458
13.4057
15.2567
13.7621
13.3160
14.5256
