2.9743
3.3450
6.4341
7.6613
7.8625
7.7065
6.4615
6.5791
7.9631
6.3676
6.1695
5.6879
5.3240
5.2222
5.5319
6.5118
6.1487
5.7313
5.5784
5.1704
5.1646
5.4408
4.9480
5.3395
5.5649
5.7258
4.9840
5.8050
5.2049
5.1784
5.3551
4.5473
4.0337
4.8115
5.1480
3.7478
5.1210
4.9496
3.6443
3.8257
4.5239
6.0479
5.3334
5.4337
4.9235
4.9318
5.9933
4.0907
4.2827
5.3736
3.9387
3.7672
4.6854
4.8600
7.2602
3.4764
5.9864
4.2250
4.1576
3.8849
3.8209
4.6861
4.9062
5.6343
4.7979
4.4099
4.8728
3.5602
4.2480
3.5187
3.8072
4.8135
4.5505
3.9857
3.2146
6.0050
4.0239
3.6420
4.1195
3.3464
3.8966
4.1567
3.6094
2.9512
3.0142
4.5366
6.2864
3.8455
4.7293
3.4887
5.1669
4.6033
3.3662
3.6454
3.5377
3.9691
2.6771
4.7091
4.2591
2.8610
3.0802
4.1040
4.1665
4.7044
3.9775
3.8102
4.0891
3.1313
3.1351
3.5738
4.1878
2.9848
3.5180
5.5373
3.3836
3.6577
3.4273
5.3742
4.4301
4.4808
3.5664
5.2553
4.3116
3.2822
5.0675
3.7344
3.3868
3.2299
3.4365
3.4623
4.4103
4.6068
3.9936
3.7226
4.2294
3.9132
4.1285
3.6872
3.1621
2.9738
3.4887
4.0266
2.9404
4.0432
4.5403
3.8525
3.8279
3.5979
3.7015
3.6757
2.9385
3.1514
4.6447
4.2617
4.1182
4.4281
4.2696
3.0458
4.7177
3.5610
4.1312
3.1730
4.4419
4.4048
2.9202
3.3733
4.1458
5.3769
4.4606
2.9776
3.7166
2.7784
4.7980
3.4268
3.5189
4.6873
3.9596
2.9469
2.8201
5.7752
4.0423
4.5460
4.8064
4.0747
3.8108
3.5523
3.1350
2.6783
2.8804
3.5550
3.2864
4.2539
4.1849
3.0328
4.0780
3.0679
3.4688
3.9553
5.2208
3.4204
