21.8306
11.5803
9.1550
8.4354
8.0561
7.7921
7.8979
8.4149
8.2253
7.9947
8.1277
8.1982
7.8604
7.5093
7.7925
7.5282
6.6586
7.2689
6.9333
7.1709
8.9257
7.2880
7.9013
9.6754
7.9841
6.9187
8.1218
6.7215
5.5133
7.1642
8.5149
8.6371
6.9343
6.8395
8.2421
6.2725
6.9326
6.7267
8.7358
6.9387
7.7315
7.4206
6.8583
6.9491
6.1217
6.3111
6.9633
6.8874
7.3962
6.5737
6.7470
7.7814
5.5526
6.6443
6.2639
6.4784
6.4946
8.6547
7.4604
7.5388
8.0605
5.8487
6.9761
7.5958
6.8196
7.0262
6.2898
8.6531
6.4161
7.2535
7.2045
7.4110
7.2343
6.9367
6.2050
7.0080
6.8282
7.2757
9.1412
8.4022
7.5893
6.1242
8.0210
6.3915
6.9048
7.5976
6.5252
7.1587
7.2809
6.9353
5.9713
6.9841
6.4340
8.1607
6.9961
6.1087
5.4154
6.4523
6.0956
6.8223
8.8251
7.2786
6.2512
7.5374
6.6601
6.4284
6.7551
7.6096
6.5110
6.0719
6.4339
6.5368
6.5165
5.9901
7.0804
7.6144
5.5104
8.0048
6.2379
6.8838
5.6430
6.2879
5.6929
6.7184
8.3404
6.1829
6.5551
6.7307
6.6389
6.5527
5.8689
7.0375
6.2443
6.2085
7.3035
6.2205
8.1140
7.0669
5.7293
6.3530
6.0953
6.2247
6.4223
6.3152
7.0620
5.9727
7.3111
5.9545
7.1376
6.6016
7.7162
6.7340
6.2192
5.9873
7.3457
6.8653
7.1100
7.1549
6.6087
6.4862
7.3135
7.0014
5.5873
6.1020
7.3311
6.2064
7.6335
7.0666
6.9009
6.1366
6.3502
6.8208
5.9160
7.4198
7.4619
5.9251
6.9550
7.3933
6.9414
7.5616
8.1804
7.7802
8.1359
6.8851
6.4069
6.7151
7.1702
6.3475
6.1982
6.2107
5.7929
5.8610
7.1128
8.0192
7.4821
5.9166
6.4866
5.0630
5.9478
6.0175
