3.2494
3.2799
3.8529
4.3665
4.2519
7.0084
5.6966
6.5820
7.7489
7.9774
6.4952
6.3449
7.7790
10.0771
8.9682
7.0061
8.6997
9.3547
7.8107
9.5213
8.6103
8.5881
8.2486
9.3376
11.5743
10.3567
9.5671
10.2157
10.0988
9.1655
10.2232
9.8928
10.3600
11.0341
9.3668
10.7851
9.7540
11.2875
9.8200
10.9424
15.5087
11.1757
11.6031
13.0181
12.1422
11.2937
12.7363
10.2602
11.8226
10.5350
9.3029
8.6766
9.9235
10.6094
11.3465
11.1058
15.4382
11.3521
14.2459
10.8616
11.1389
11.1323
13.1111
11.8572
14.0777
14.3732
14.9144
13.3543
12.6501
13.4608
11.2628
13.0303
16.7792
13.1182
12.9766
17.8791
16.0243
14.7417
13.3642
17.5290
14.6381
15.8546
14.1380
15.8721
14.4450
16.7501
16.9230
13.3706
14.5896
14.4523
14.1471
14.1310
14.6799
14.9196
14.8761
16.4400
17.4919
14.1511
15.8721
15.5755
14.0166
16.2706
14.2897
15.2340
18.4142
14.5850
17.7869
14.5360
14.9640
15.1718
13.6330
15.2190
18.4226
18.4440
18.9236
16.2411
15.2814
19.1447
16.7533
15.7290
16.0548
18.5724
15.9936
15.0498
17.2860
16.7911
18.7343
17.2185
17.5960
19.8101
18.5531
18.3582
20.1928
16.3169
16.2018
19.2165
18.6989
18.6488
17.3957
22.9637
21.3318
20.1323
19.4243
18.9937
17.1504
21.5352
19.6884
21.0318
18.4395
21.3774
16.6395
18.8746
19.2294
21.2124
21.1905
18.7236
20.8979
18.7947
19.8839
21.2511
18.5743
19.0087
16.7522
21.2786
21.8782
23.3789
22.4176
20.9347
23.0983
23.0570
22.5399
22.1229
20.6602
23.4556
19.6440
20.1788
20.2841
20.7791
19.7041
29.8043
21.5954
22.2348
18.5082
21.3977
24.8401
26.1323
24.6548
23.4747
24.2487
27.2256
24.3465
24.5151
18.8298
22.8661
22.6628
23.9756
23.6949
25.3462
24.7458
23.5576
