3.4374
4.0919
3.8085
4.4595
5.3767
4.4308
4.3760
4.7191
5.0483
3.9656
4.1117
3.8871
3.5010
3.8312
3.6593
4.8284
4.1750
3.4914
3.2092
4.3753
3.5973
3.7836
3.3381
3.0053
4.3856
3.9771
2.8127
3.2269
3.8245
3.3474
2.8150
2.9128
3.1894
4.3786
4.2269
3.4185
2.9819
3.3093
3.4548
2.9011
3.1054
3.3026
3.0478
2.7168
3.4675
3.2537
2.9753
3.5107
2.7172
2.4225
2.8586
3.3945
2.7142
2.5715
2.9342
3.9047
3.0733
2.6728
2.5293
2.4562
3.5148
2.7669
2.7633
3.0895
2.8902
2.5414
2.9787
3.5240
3.4221
3.0184
4.0838
2.4736
4.2177
3.8451
2.3676
2.9297
2.6613
2.7883
2.7524
3.0542
2.7957
2.6516
2.6882
3.3397
3.1916
3.0994
3.3919
2.5802
2.1808
2.6174
2.1801
2.3597
2.1600
2.6860
3.2651
3.2005
3.6204
2.8212
2.1957
2.5861
2.3023
2.8910
2.4998
1.9683
2.4414
3.0809
2.7258
2.7331
2.4643
2.9394
3.9486
2.2777
2.8941
3.0322
3.5142
3.2814
2.9217
2.8441
2.8248
2.7189
2.8661
2.5401
2.8845
2.2628
1.9457
2.9308
3.1851
3.3033
3.3021
3.2939
3.2039
2.1986
3.2447
2.3127
2.7275
2.8625
3.2393
3.2304
2.3036
2.7177
3.1759
3.0780
2.6028
2.5917
2.8645
2.2265
2.7357
2.2469
3.3098
2.9289
2.3518
2.1338
2.6233
2.0155
2.1692
2.8090
2.7909
2.1635
3.0733
2.3330
2.5610
2.1048
3.3928
1.7055
2.8503
3.2535
2.4966
3.0075
2.6464
2.6379
2.1003
1.6771
3.2952
2.7514
2.1241
2.8941
2.0870
3.2529
3.1608
2.3015
2.4276
2.2452
2.8955
3.0188
2.0385
2.5328
3.4330
1.7578
2.4051
3.1225
2.6081
2.1808
2.4253
1.9803
2.0656
2.8579
2.7531
3.3197
3.1084
2.0782
