1.2677
1.0850
1.7020
2.1664
2.7396
3.8533
4.2383
4.4481
4.9362
5.8210
4.7022
8.7856
5.4017
7.1933
8.0815
6.8636
5.5276
8.5754
7.7968
9.1433
10.1896
9.2500
9.8157
10.0465
10.4729
9.0427
9.5483
12.3447
10.5750
10.1219
10.4562
11.4102
9.8964
10.8912
7.7849
9.4605
14.0245
14.9040
10.4625
10.6679
11.6204
10.1733
12.8147
14.1644
10.9570
9.5159
13.8831
13.2271
12.3719
14.9029
11.6962
15.6792
14.1852
14.2103
11.9902
17.1613
12.2880
11.1961
14.4995
12.9960
12.8260
11.5273
13.7758
12.8356
13.3506
13.9063
12.4307
11.9051
12.4912
15.5407
15.8911
13.7488
12.3784
14.8805
18.7575
13.0572
11.2638
19.5765
14.8749
17.0369
16.9591
14.6502
16.3008
13.8049
16.3498
15.2287
15.5071
18.9224
14.3813
15.1233
14.4283
13.2716
14.6681
20.9736
19.0695
18.0841
17.8689
14.2806
14.8935
17.1206
17.3272
18.4814
15.7705
13.1171
15.4958
13.8736
17.3895
19.4449
17.6823
17.2185
20.5682
13.5980
21.8074
17.2930
15.3105
14.3565
15.8308
19.4423
18.8312
15.9457
16.8732
18.1835
19.1769
18.7590
16.0851
16.5199
17.3366
19.3032
21.0373
20.1905
17.2749
21.1800
20.0655
17.8632
18.7366
20.1817
18.0406
15.6633
20.0222
21.5082
18.5436
18.4426
22.0512
18.6222
19.9896
18.7316
19.0561
19.6108
23.4425
20.9450
20.7894
22.7266
18.2851
22.2899
17.2620
26.2737
20.2296
18.8399
19.2293
19.1574
17.8419
25.2366
22.1681
20.2609
21.2266
21.0013
18.3390
20.0211
18.1051
24.2053
22.1196
23.1137
23.2245
21.7631
22.2698
22.3362
22.1277
23.2293
22.5979
22.4634
20.1582
24.5834
22.2786
25.7750
21.0259
22.7140
19.1496
19.6549
17.8457
21.7942
24.6287
24.3040
21.7158
21.3889
26.5203
20.8970
25.9315
26.7984
22.9119
23.0641
