3.9419
6.9999
11.1788
15.5243
15.7366
8.2150
10.9668
11.7092
12.9714
11.7163
13.3768
12.5946
12.3250
11.2403
10.1664
10.2995
10.4780
10.3010
11.4600
12.4737
12.5193
13.4415
12.5585
11.5942
10.2051
9.9865
11.8416
11.6216
10.8544
11.5172
10.8879
11.3382
12.4566
12.3395
12.1907
12.5098
11.1060
10.2853
11.3854
12.3480
11.4191
10.4466
11.4414
15.5795
12.5070
11.4217
12.5817
11.0648
9.2431
10.1111
11.1163
11.9272
12.3173
12.3046
11.4925
8.9984
9.5465
10.1862
11.8158
14.7085
14.0665
11.8300
13.3332
12.7526
11.8834
10.9468
14.0106
11.3854
11.0002
13.8676
14.3045
15.6304
13.7689
15.2006
12.4149
12.6435
14.6664
12.1167
11.6440
11.4860
11.0188
11.9464
11.3231
12.4455
11.8950
11.9289
12.7584
12.1232
13.4149
14.3186
15.4886
11.9311
10.5637
9.4138
10.4985
10.3126
11.6210
11.3976
10.6506
10.9720
12.4452
13.5410
17.0188
14.7570
11.8560
12.2007
11.4887
12.2699
14.3801
12.0982
13.3518
14.8113
12.3444
10.2435
14.0277
14.2844
13.9874
12.7280
13.6986
13.4518
14.5367
13.2739
11.5692
11.4800
12.9734
14.1179
11.9117
12.6021
12.2586
12.8395
11.9044
16.1160
11.7896
14.4649
15.9580
11.9588
17.4410
16.1306
12.8795
13.0625
18.7433
10.7527
10.6897
12.1401
13.9873
13.7111
17.4027
12.4187
13.1463
12.3265
11.4611
12.3836
10.7740
11.9016
11.4933
11.9695
14.6779
16.7906
12.1577
14.4894
13.0694
13.8788
13.5098
13.2486
12.9642
14.2611
13.4270
13.8011
14.4108
14.9673
10.9849
14.6327
13.6484
13.5836
13.5133
13.6682
14.3376
12.5801
11.4321
12.8049
12.3202
12.9384
14.7399
13.1672
12.1074
16.5271
14.7675
13.7743
13.4863
12.4261
13.4795
14.0462
15.2748
15.8257
13.3106
13.0470
12.7655
12.8813
13.0926
12.9039
