9.0610
11.6257
10.3174
12.1914
10.3941
10.8657
10.7534
12.5528
12.0181
10.7911
12.1155
10.0237
9.6263
11.9660
10.2873
11.8131
10.9262
11.3743
10.1002
10.7345
11.8372
11.8500
11.1639
11.3623
12.1061
11.5734
10.1942
10.5826
10.1187
11.0772
10.4370
11.3731
11.1885
11.7232
10.7527
10.3816
9.4865
10.1886
11.0969
10.2643
11.1150
12.4697
10.9551
10.1489
10.3856
9.8419
12.6776
11.1998
10.2977
10.9817
10.5208
10.2397
10.5083
11.7199
10.7242
9.9251
10.1604
11.1468
10.5641
10.2097
10.7541
9.6212
9.9260
11.4142
10.6753
11.5672
10.4304
11.5404
10.3019
11.2767
11.0330
9.6082
10.8779
10.9787
9.7914
10.2954
10.8792
11.4581
10.3436
10.8429
8.4222
10.6335
10.1288
10.2696
12.7678
10.3441
10.0792
10.1827
10.6897
11.0635
11.7803
10.9604
11.3632
11.0566
11.9540
9.8022
9.1068
10.4036
10.4320
11.4913
12.0855
11.6253
10.8637
12.4207
11.6852
11.9528
11.6923
11.9336
9.7823
11.8411
11.5974
11.1245
11.2126
10.5313
11.9668
11.8254
10.4783
9.3372
9.5755
11.3128
10.4233
11.6541
10.4372
9.9511
10.3313
11.0965
10.8347
12.3645
11.8731
11.9642
9.8874
10.6015
11.1236
11.3020
11.2486
9.1473
11.3201
9.4204
10.3058
11.5346
12.0876
9.4633
10.3882
9.1301
10.6731
10.7603
10.9544
10.2043
10.2869
9.3132
11.0372
11.2061
9.3888
11.9769
9.4821
11.1849
10.6670
12.0819
11.0695
12.3729
9.8904
10.4946
10.9839
11.6733
10.2820
9.6609
10.2882
10.7099
10.5646
9.7882
12.2996
12.5954
9.8270
10.0481
11.3138
11.4286
11.9329
11.8797
10.7221
10.6604
10.8312
9.8753
11.6394
11.3879
10.1651
10.9230
12.5757
10.1499
9.5506
9.9142
10.7879
10.7148
10.6257
11.0674
11.9625
8.5439
11.7010
10.4865
11.1788
11.7207
