11.2594
13.7833
11.5136
14.1495
15.3332
16.7948
14.0549
15.3545
16.4120
14.0004
15.9380
14.3266
14.5973
13.2178
14.5248
14.8735
16.7781
14.2057
15.3332
15.1010
15.8973
15.5113
16.6128
12.3756
15.7305
14.9008
13.0794
15.7575
14.4496
12.2771
16.6290
15.9827
12.4957
15.1042
13.4664
16.1036
15.4762
13.9438
16.3102
14.0715
14.8941
12.4929
15.1246
15.2680
16.3531
12.0549
15.8484
12.9506
14.3408
15.9642
17.0306
14.7982
15.3339
15.6833
17.9048
14.6141
13.3074
13.0640
14.3120
14.7162
14.2996
14.9885
16.5390
14.4628
12.8799
12.6054
14.3754
14.3302
14.8875
13.9939
13.8309
12.3447
14.9417
13.3960
14.7355
14.8210
14.4203
12.8087
16.7892
16.1637
17.2585
15.3833
13.5524
14.0095
14.3840
14.1888
14.2001
12.8814
15.5462
14.7065
15.6190
13.6920
15.1802
15.3234
12.8411
15.2606
14.2684
15.1560
14.3712
12.8710
14.0540
13.0189
14.2761
13.7478
13.9557
15.1341
13.8330
15.7280
14.3612
16.2795
13.2026
14.2107
16.2250
15.1153
14.3394
13.4065
14.7406
15.4401
14.3108
15.2758
15.1101
12.2202
16.5476
14.9675
14.7963
15.0827
15.4655
14.6642
15.2199
11.3341
13.5236
13.7579
12.7967
14.8509
15.2779
12.8055
15.0451
14.0179
13.7777
15.8370
12.5028
14.1022
14.0351
13.3794
12.9170
13.4662
14.3895
14.9197
14.8620
13.9214
14.7763
15.8289
14.5693
13.5986
15.0636
14.4592
15.0258
14.3481
14.7529
13.7071
12.7944
12.9959
15.9755
15.1180
15.7802
13.5137
13.5395
15.9250
16.4394
15.5610
15.5486
15.0350
14.4346
14.3346
13.2798
15.0097
15.1681
13.7053
17.4121
14.3836
14.4779
14.9366
14.3834
13.9092
15.4994
13.8316
12.6479
13.1302
13.6486
14.5762
15.9623
14.4547
16.8867
13.8219
14.3452
13.7743
13.3986
13.5043
12.9084
14.7239
