15.9414
14.4245
15.7124
14.1155
7.8338
7.3135
3.5495
5.6081
4.2898
3.3693
4.4614
3.6962
4.2538
5.1736
5.6835
4.9281
4.4739
7.5572
13.0060
13.6107
14.5509
7.9319
13.6642
4.7078
3.8291
4.8584
4.4287
3.4161
2.6101
4.7951
4.5853
2.9970
3.0419
3.7917
3.4457
8.4766
4.0647
11.3400
13.3328
14.4591
16.2630
9.1701
6.4537
4.2347
3.1522
3.1593
4.7085
4.0479
4.0326
3.2045
3.9981
3.6334
3.1454
3.3010
3.2440
2.8113
3.1023
2.9063
3.0247
4.5399
3.6206
9.1934
13.6432
17.9226
15.4268
10.3453
7.5251
4.8701
2.7741
3.9420
3.4459
4.1667
2.7622
5.0625
4.3742
3.0245
3.7130
3.2819
4.9650
5.8654
5.2872
11.8339
15.8325
15.3742
18.0881
6.6685
3.9421
2.5763
3.0768
3.4329
2.4183
3.7070
3.3125
3.3878
3.4494
3.2407
4.4958
3.4405
2.5315
4.6628
9.2344
13.4915
12.1675
17.0605
11.5814
7.9116
4.7293
4.5980
4.3268
4.8929
3.4519
3.0088
5.2059
2.7751
3.0596
4.2585
3.5237
3.7140
4.2082
2.9046
3.3364
4.2875
4.1349
7.6871
15.8014
17.1789
15.5443
12.9892
12.9983
7.8502
3.7139
2.3187
2.9116
3.6765
3.6956
3.3048
4.0625
3.8165
4.3894
4.1343
4.8215
3.0565
4.3164
4.2288
4.0524
3.4284
3.6543
3.5019
4.6603
3.0921
9.8113
13.5073
16.4798
16.1062
7.5881
8.9906
5.7265
3.4442
3.1812
2.4344
3.2872
3.0966
2.7556
3.4529
4.8455
3.5836
3.1994
3.0939
3.6466
3.5925
4.3835
8.8033
11.6440
14.2573
11.8405
16.0105
5.7003
6.7435
5.2836
4.2726
3.1834
4.1783
2.9195
4.2546
3.9150
3.3665
4.6815
3.2785
3.0588
2.6316
3.8749
3.1137
3.9906
3.1644
4.3120
4.7648
3.3406
6.5360
11.8680
15.9510
