14.9138
7.3113
9.5513
6.2382
5.4464
5.7498
6.4190
5.7683
5.1702
5.1389
4.7710
5.8205
5.5941
4.9346
6.6924
4.3893
5.1745
5.2427
6.4006
5.3763
5.1921
5.7465
4.9343
5.6418
4.9791
6.4481
5.0763
5.1739
5.4897
4.7567
3.9299
5.0404
5.7345
5.3244
4.8614
6.6773
4.6749
3.7254
4.3032
4.3888
4.5744
4.5894
5.2012
5.0861
3.4299
4.8521
4.4259
4.9068
4.4409
4.1431
4.7700
4.0606
5.3892
5.3625
6.3040
4.8359
5.0078
4.9985
4.2826
4.6970
5.0949
6.8472
4.5563
4.3687
4.5314
5.0517
4.8411
6.2636
6.1366
5.0417
4.4699
5.2761
3.7756
4.9036
5.1735
5.6971
5.2236
5.0751
5.1950
3.7357
5.1301
4.2569
6.5112
5.6001
5.5009
6.0537
6.5501
5.3313
5.1473
3.8112
5.2150
5.0574
5.0693
4.2698
5.0463
5.0550
4.4784
4.4332
4.2850
4.2703
6.0738
5.5960
4.7733
5.9692
4.1730
4.4144
4.8910
4.6659
5.6534
4.0853
5.3405
5.5318
5.3299
4.4045
4.0407
5.2181
4.5982
4.3543
5.6968
4.5599
5.7024
5.0480
5.3940
4.2425
4.1604
5.3637
6.8233
6.0527
5.1791
5.2430
5.6509
4.2596
5.5547
5.5856
6.8575
4.2579
6.6849
4.0669
3.9764
4.6540
3.8541
6.8300
3.9640
5.1680
5.9743
5.2053
5.4019
5.5964
5.2822
6.2188
5.1489
5.6366
5.1340
3.8907
4.9059
4.3660
5.4553
5.0316
6.4885
6.4922
4.7061
4.1619
4.9677
5.9351
5.7632
5.4195
3.6202
4.8907
4.2677
5.5952
6.2703
4.4721
4.7461
4.6587
5.1394
5.0134
5.3428
5.0569
6.0174
4.7878
4.4810
4.0197
4.1255
5.6016
3.4320
4.0452
5.7553
5.3341
5.4129
5.0821
4.2741
5.6046
8.1577
5.6358
4.8531
4.3550
4.8638
3.9092
6.0584
5.2915
