2.8623
4.4205
7.2943
9.4953
11.2593
8.7798
10.3041
10.4400
10.1915
8.5562
9.9443
7.7539
8.0078
7.9969
7.8909
8.1917
7.8147
7.9837
6.8816
7.2181
7.6748
6.1210
8.3324
5.5574
7.7343
5.2224
6.1787
8.0147
7.4484
6.8349
7.5012
5.7026
7.6745
4.6853
6.4336
5.8726
5.4706
6.1474
6.3864
5.9093
6.7827
5.8872
5.9803
5.5310
6.0207
6.8159
4.7785
7.1615
6.5137
5.8721
6.7534
5.8052
6.2467
6.2265
6.3930
5.3833
5.9335
5.4761
5.5620
6.3883
5.4292
6.9052
5.3495
4.1051
5.8168
4.7627
4.8220
5.8047
6.7398
7.2076
5.9070
4.7469
6.4515
5.3712
8.0018
4.7950
7.1029
5.9967
5.2575
5.6179
6.2502
6.6160
4.9501
6.1924
5.3048
5.5353
6.2564
5.7412
6.6867
5.5240
5.7834
4.4537
5.9635
6.0284
5.3164
4.6800
4.3340
4.6964
4.6193
6.2083
4.9498
5.2491
4.9784
5.2437
4.1702
4.5068
5.2615
5.7457
5.1546
3.8884
3.8840
5.5843
6.2060
6.2355
4.2697
4.6503
3.9368
5.2438
5.6913
4.5530
4.2093
4.4184
5.4827
4.8550
5.8659
6.2433
4.8378
4.5845
5.1775
5.3674
4.9106
3.7233
4.8263
5.8391
5.2419
5.0883
6.2671
4.1353
5.3014
4.8738
5.2537
4.7808
5.1109
5.7737
5.5867
4.8754
4.0060
4.9539
5.5653
3.6715
6.6717
5.6591
5.4240
5.5830
4.8581
4.6217
4.5949
4.1831
6.5275
5.2819
6.2814
5.0646
4.9169
6.0656
5.2931
5.7005
5.3799
4.1654
5.5085
4.2493
3.6667
4.2783
4.1092
4.8202
4.5637
4.1275
6.4177
5.4451
5.9122
5.2403
5.4695
4.8219
3.8019
4.9609
4.3569
4.0960
4.8074
3.5359
4.7293
4.0708
4.3307
5.5146
6.1242
4.0444
5.3236
4.9781
5.8956
4.1700
5.4610
4.5021
