2.2854
3.0684
3.3938
4.7961
5.3028
4.8603
7.0167
7.3806
6.5784
6.1161
10.9783
8.4246
8.5384
10.9444
11.9768
11.2140
12.1703
10.4400
14.4585
11.6003
11.2244
15.8420
11.4283
10.8962
12.4822
11.4738
12.8535
11.7063
13.0049
13.4202
10.8276
13.8611
13.2429
13.1878
15.0691
15.1283
15.2915
14.3038
11.0625
13.5892
14.3742
13.8266
16.3373
13.3739
18.2287
16.1730
20.1180
18.4444
17.2425
14.5296
17.1450
14.9185
16.2872
17.9383
17.6127
17.0916
19.9424
16.7318
16.4746
16.5009
16.3469
18.3424
15.8271
17.3956
18.5894
17.6000
18.8603
16.7990
18.0122
17.7837
16.4577
18.4691
16.1847
20.3321
18.9851
21.4030
21.3767
19.2828
20.0032
17.1559
17.9987
20.8316
23.1369
20.4855
19.2332
25.9300
17.6701
20.6337
18.6491
23.0184
18.2033
18.0760
20.6138
20.1354
22.0400
24.2034
19.3385
21.1794
20.6894
22.0712
15.3395
23.9525
18.1848
22.4952
25.4351
18.1924
21.4028
23.9875
21.0863
20.0924
18.4742
20.9136
21.0329
20.6318
18.9480
16.8480
20.7468
23.8718
24.5545
18.6144
22.7553
21.0725
24.0217
23.0073
20.4186
21.8831
18.7003
21.3232
25.7132
19.5940
24.1950
20.2808
23.7263
26.3227
19.8467
25.4275
22.8825
24.3666
24.2911
26.2096
24.6863
20.6710
25.7732
23.7923
21.1698
20.9195
19.6567
21.4569
21.8665
20.1405
22.9573
19.9852
21.9203
21.5616
28.7124
25.3804
25.8914
22.8662
25.5180
23.5237
18.6313
26.5287
21.3440
25.9478
31.8566
26.7092
28.1821
21.3725
24.4149
21.4032
21.7905
22.8275
28.2181
20.1992
27.1051
25.0011
29.0324
23.7843
21.8601
24.1980
22.7735
21.2413
29.3467
28.9662
32.1989
23.6339
31.0420
21.4820
21.8493
22.5352
28.4983
24.2164
21.2593
24.0069
25.9392
28.2138
25.0487
24.0443
22.3646
30.1455
