2.5724
2.4900
3.5425
4.4450
4.3444
3.5542
4.6870
4.3946
3.1001
3.6059
3.0904
4.1635
4.1719
3.5649
3.5886
3.9209
2.8187
3.5627
3.5159
3.7174
2.6941
2.7556
2.9357
3.1839
2.9400
3.1533
2.8682
3.4591
3.0535
2.4645
3.7860
2.9959
2.5396
3.0590
2.8344
2.2211
3.2348
3.1992
2.1553
2.7967
2.8527
2.3198
3.5350
3.7499
2.1682
2.6694
2.4813
2.8923
2.2573
3.8498
2.3789
2.6387
3.0505
2.6782
2.7867
3.7036
2.5670
1.9461
2.8249
2.3509
3.4124
2.9612
2.6019
2.1057
2.3913
2.7657
2.7771
2.0405
2.6494
2.0988
2.0077
2.7051
1.7061
2.4303
2.7641
2.4279
2.7242
1.6691
2.3777
2.1425
2.1347
3.0273
2.3209
1.8689
1.7049
2.2343
1.8526
2.2619
3.1648
2.5765
3.0746
2.3007
2.9258
1.6968
2.6421
2.8648
2.2468
2.4655
2.7759
2.0314
2.4002
2.7829
2.8595
2.9553
2.4189
2.0625
2.7066
2.5823
2.4388
1.9405
1.9734
2.1264
2.2118
2.7907
2.7037
3.2153
2.6948
2.1841
2.4930
2.5382
2.3182
2.2141
2.5669
2.3230
2.3350
2.6836
2.2586
2.2220
1.9825
2.2703
2.4056
2.2823
2.1782
2.2479
1.8172
2.6435
1.7679
1.7827
2.4125
2.4171
2.2285
3.2804
2.1212
2.6603
2.4342
2.3625
2.1169
2.4880
1.7779
2.1012
1.9492
1.8134
2.4476
2.4712
2.2797
2.0229
2.6122
1.8611
2.4723
2.7505
2.9112
2.3556
1.6679
2.1665
2.0528
1.8051
2.5848
2.8518
2.0691
1.9735
1.8862
2.3284
2.1231
2.2902
2.4464
2.0809
2.1221
2.4466
2.0669
2.2658
2.7132
2.6570
2.4457
2.3545
1.7353
2.6091
2.0236
1.7018
2.1849
3.2542
3.6978
2.0056
2.1667
1.6947
2.5807
2.2500
1.7524
1.4314
2.2019
2.0130
