20.5636
24.6743
25.9127
27.9280
27.1700
30.0523
28.7788
27.3191
24.6433
30.7023
28.2006
27.2734
27.4943
26.5494
26.0237
28.6029
30.2453
28.3787
27.0598
27.4816
27.9706
28.3067
27.2141
28.2933
27.7007
29.0012
28.3154
29.5565
28.2401
30.1018
25.4085
26.6834
29.9600
24.9410
29.5609
31.2388
23.6370
29.4655
26.8904
26.9422
26.9767
30.4545
29.1262
29.4550
27.3423
27.1301
26.9503
27.8113
27.5792
25.9828
26.3378
28.1408
29.1316
28.4522
27.3437
23.7931
28.1097
25.7220
25.0694
25.7492
27.1502
26.6932
27.6849
25.8476
29.3651
25.5702
24.8474
25.3222
27.2836
30.7497
26.0993
28.5962
30.1247
28.3445
26.2960
25.4632
28.6116
27.7649
28.3821
26.5930
22.8823
27.7789
27.4715
28.6347
29.3869
27.5370
27.0976
28.3918
22.8674
29.1120
27.7497
29.3192
24.9669
27.7892
27.5526
24.5623
24.7802
29.5347
28.5907
27.2492
27.7089
28.5765
26.7701
27.3699
28.6528
25.2689
26.7520
27.2592
27.9921
25.0238
26.5770
29.3779
28.0870
24.9107
28.5227
28.6228
25.9995
25.7228
26.7422
27.9444
26.1606
29.4939
26.0698
26.0408
27.7177
28.8571
27.9796
27.5245
28.4690
27.2127
26.7064
25.6427
27.8467
26.6193
27.4245
26.6234
25.9043
25.7712
28.5351
24.9083
30.1610
25.5482
26.9630
26.6681
27.2376
26.9541
28.6578
26.6384
27.8535
26.0899
26.6009
30.1973
28.9448
29.4475
26.6828
27.1456
27.6268
27.3690
23.5976
24.8911
31.2436
27.0894
27.5649
27.0985
28.1902
29.4587
30.6159
23.2610
26.1054
25.7116
26.3881
27.8470
27.3398
27.2615
26.8324
25.9235
26.4646
25.3985
25.6919
28.7612
26.1882
25.7934
26.7526
28.3506
26.0826
27.8377
27.4440
28.3602
27.3953
28.6907
26.4398
28.8129
26.7936
28.8582
32.3344
28.2207
25.4617
28.6789
30.2113
25.0247
