20.9861
26.4851
21.7898
12.7102
14.7435
19.2957
14.8081
16.9458
16.0226
16.4821
15.8709
17.0376
16.2770
15.9619
17.3387
16.4012
17.2033
17.9420
16.1319
17.9217
18.9613
16.4366
16.0350
19.8254
21.2019
16.8896
19.0903
17.4988
17.7846
18.3429
17.0743
17.4306
15.8889
18.1237
15.4831
20.8769
18.7393
7.5771
9.7218
5.8498
5.9895
4.0126
4.5653
3.7116
5.7237
11.6682
12.8081
14.3661
18.3293
16.4631
15.4779
15.7359
14.4153
19.2731
13.8258
14.5079
18.4840
18.9890
18.0346
21.3857
16.5283
15.2435
15.7519
12.5304
18.7408
19.2898
15.5529
16.5258
17.9980
17.1145
18.9822
19.0164
20.7221
18.5225
18.1338
21.2742
20.6597
16.5599
13.9332
19.0772
18.2517
16.3696
18.3735
18.1096
13.9996
15.2227
17.0174
15.4332
16.7753
19.3598
17.0049
19.1025
20.5187
19.6179
16.5553
19.9234
14.1971
17.8208
16.2853
17.7554
16.4908
16.2685
17.0181
18.6980
14.8009
14.8167
21.4477
16.9351
14.3493
14.4027
16.4487
16.3141
15.3584
20.3269
15.5246
17.2179
18.2127
15.3314
16.5127
16.9082
16.7077
17.5949
14.8463
15.2610
16.9969
14.4709
15.0700
18.4364
15.0757
20.2099
17.4684
14.7972
17.5066
16.4158
18.1362
19.2802
17.4271
18.1280
17.5423
13.9606
20.3142
19.7652
19.6736
16.6918
9.9314
14.7311
14.0214
16.1219
15.4616
19.5375
17.5493
16.7330
16.8556
20.0705
17.5917
18.5478
17.4110
16.8348
19.3927
18.9851
18.9610
16.7404
14.9163
17.9963
17.7266
16.4967
19.7942
16.6004
17.8218
18.3902
14.8301
16.0936
17.5198
17.4675
18.7772
17.7751
17.2743
18.4527
19.0908
17.3238
19.1938
15.0040
16.5061
16.7259
15.0987
18.5475
17.4247
17.3390
16.5065
15.2490
15.5832
18.3406
16.5661
19.6344
18.0953
17.7778
16.6047
18.5815
14.4881
16.6283
