2.3848
2.3589
3.8600
5.8250
3.5992
3.6596
3.2471
4.8036
2.4808
2.6361
3.8279
3.6068
3.0426
2.8116
3.0099
4.6979
2.6929
3.0007
3.6584
3.0021
2.5276
3.6139
3.2258
4.6951
3.1173
3.6952
3.2842
3.0924
3.5194
2.1336
3.5644
3.5232
2.3511
2.7084
2.7754
2.7608
2.7388
2.3880
2.6365
3.4882
2.3672
3.4903
2.7565
2.4290
3.6507
3.2596
2.3869
2.4739
3.5802
2.5532
2.6761
3.1962
2.9106
1.7630
2.8661
2.5952
3.1326
3.3894
2.7029
2.2832
2.8704
2.5661
2.0475
2.7376
3.9939
2.5100
2.8751
3.1233
2.8011
3.3662
3.3043
2.4653
2.4544
3.4023
2.8611
2.7009
2.6924
3.7274
3.5674
3.2830
2.6782
3.0425
3.4397
4.3756
3.3043
3.1391
2.9922
4.3348
2.8358
4.6726
2.3590
2.2526
2.6135
2.9285
4.2031
2.7863
2.8132
3.0348
2.0859
3.5984
3.0509
2.9879
2.9451
2.9660
2.8893
2.5887
3.1700
4.1737
3.1138
3.4135
2.3113
1.9179
2.9180
2.6145
2.3623
4.2562
2.6672
3.2895
2.7545
2.6425
3.1627
2.7126
4.3410
3.1703
2.5441
2.9461
2.6307
2.5110
3.4956
2.4285
3.2030
2.6642
3.1403
4.1726
2.3830
3.2088
3.2844
2.6662
2.5123
3.9682
2.5106
2.4151
3.3035
3.2478
2.1013
4.6539
3.2080
4.1653
2.4557
3.3703
3.3228
2.9863
2.6723
2.7532
2.3585
5.5274
2.0570
3.4087
2.3221
4.0336
2.5358
4.5284
3.4697
2.6246
4.5668
1.9892
3.7021
2.5882
3.1967
2.7348
2.7942
2.8978
1.8541
4.1050
2.7171
4.7773
2.7540
3.3300
3.7303
2.8245
3.3117
3.2515
2.5397
4.1571
3.3783
3.7167
3.4576
2.9789
3.5889
2.6728
3.3966
3.8562
3.9225
2.4884
3.5874
2.1245
3.6896
2.7389
3.8053
4.2347
