3.7697
4.3443
6.4541
8.1706
9.0500
8.8530
9.4516
15.1943
8.4233
9.1508
8.0690
6.7546
7.3622
7.8343
8.3423
6.9896
9.5472
6.8839
5.6367
6.6011
7.2757
6.8142
6.3251
7.8902
6.5234
5.4334
5.5617
7.4466
5.6417
4.0461
5.0290
6.7934
6.0878
6.0733
6.2920
7.1918
5.2804
5.3405
4.7715
4.6410
4.0842
5.0074
5.6184
5.7870
6.0616
4.3124
6.0928
7.4517
5.1641
5.1068
5.3211
6.3549
5.3741
4.7064
6.2463
4.6262
5.7150
4.4166
5.5142
5.5257
5.1084
5.9711
6.2158
3.9726
6.8359
4.3511
6.0503
5.7898
5.9492
5.1057
4.2866
4.5596
3.3344
4.2252
3.6746
5.0832
6.2243
3.9221
4.8843
3.8439
6.9639
5.7050
5.5771
5.0978
4.2253
3.8438
4.1354
4.5047
6.4731
4.9560
4.4927
4.5398
4.0974
4.6374
4.5318
4.7574
5.1515
4.5470
6.3903
4.3709
4.9449
4.2851
4.2533
4.3402
3.5173
5.3786
4.5009
3.5901
6.0184
2.9110
4.8747
4.8153
4.5958
4.1528
3.3023
4.1298
3.4108
5.4553
3.7415
6.2430
3.9964
3.6430
4.8284
3.7909
5.0067
4.3285
4.3688
3.6384
4.7253
4.1468
4.4061
4.6214
4.3686
2.9665
3.5632
3.9594
4.0634
6.4916
3.4275
3.6969
3.9647
3.8472
3.8507
3.5754
6.4464
4.3353
4.7692
5.2380
3.9552
3.3844
4.2899
6.1615
4.7516
4.2933
4.2208
4.1539
5.0074
3.1079
4.4397
3.6458
4.3401
4.1215
4.8798
3.8824
4.2615
5.0644
4.6766
4.5993
4.8626
4.1926
5.1425
3.3948
3.9146
4.6976
4.2447
4.4257
3.0130
2.7348
3.9852
4.0165
4.2602
6.1186
3.2265
4.5942
3.2185
4.6193
3.2838
3.6739
4.3170
3.4026
3.6563
3.3589
3.7917
4.6178
3.2140
4.7409
5.8380
3.6796
3.4711
3.6499
