14.8836
13.1403
14.2527
17.0332
17.5265
15.7925
19.5209
13.3106
14.6221
18.4783
13.6328
14.7135
14.8036
15.8996
14.3532
15.8414
16.0697
14.2801
15.5911
15.7209
18.2552
15.7651
14.8573
14.5602
18.4784
16.7787
14.7785
14.7592
15.0303
15.0032
16.8628
17.2032
18.1168
18.4662
13.8931
15.4033
15.8375
13.3865
15.3288
15.5503
11.0255
18.9080
17.0680
17.7891
15.4803
16.9923
16.3653
17.4654
16.3603
14.1491
16.8616
17.4450
16.5224
16.1714
15.7099
11.7749
14.8404
16.2899
15.3310
15.9469
18.0185
15.6078
17.1424
16.6454
15.9221
14.4883
13.8504
16.5198
16.7599
17.7750
16.1705
12.9605
14.4273
15.7673
17.2304
16.3852
15.1808
14.9297
19.0258
13.8416
15.0999
14.4883
17.0165
16.3234
12.6254
15.4019
14.6884
16.3376
16.5018
17.0088
17.0356
17.6333
14.6249
14.3916
16.9775
15.7416
18.3091
18.7766
17.5097
13.2593
15.2738
14.9966
20.7953
17.4812
16.4650
15.1586
15.5579
14.7149
18.6433
14.9520
15.1661
16.2780
13.6848
16.9218
17.4841
15.8691
15.8348
16.9645
12.0898
18.9728
15.8339
17.0305
16.5669
16.6791
15.1182
15.4379
17.5210
14.4631
16.4611
16.6528
17.2147
17.8597
16.6338
16.7016
16.5857
15.2584
11.8902
17.4045
15.8163
16.2118
15.3590
18.0612
16.1927
17.7328
17.9590
14.1786
14.7665
14.3985
14.8472
15.5888
16.6638
17.1860
12.1132
19.3250
16.3291
16.2391
12.2782
15.6008
14.4122
13.0121
17.1625
15.3357
18.5480
14.1747
16.5860
18.3290
15.9725
13.5864
17.4891
11.7092
15.8504
19.8457
15.0762
18.6350
16.4436
16.0472
15.0634
16.2100
14.4544
17.4862
11.7266
14.2120
13.4850
15.3503
16.7010
13.6525
15.0973
16.4809
17.9723
18.4832
14.5311
14.6215
15.9419
15.0229
14.9100
17.3785
16.9617
17.4005
16.1072
12.0130
