21.8306
8.8292
8.9752
8.6870
7.0317
7.6630
8.2717
8.1212
7.7173
7.4211
7.4978
7.8871
8.2970
7.8715
8.2207
7.3999
7.8348
7.8574
7.6212
7.1838
8.7924
8.4516
8.3750
10.1428
8.2413
7.2617
8.4140
7.4649
6.4843
6.8957
8.7374
8.5386
8.0495
8.5792
8.6505
6.8306
7.9932
7.2657
9.3382
7.0995
8.3670
8.0669
7.8112
7.8084
7.4186
7.5231
8.5737
7.4581
8.0413
6.5074
7.4950
7.9428
6.8233
7.5440
6.8886
7.3108
6.8240
8.7052
7.7432
8.3119
7.7129
6.7522
7.1981
8.4999
8.1867
8.0602
6.4333
8.9146
8.2223
8.1004
8.1766
7.8153
8.2349
7.8995
7.4725
7.3307
8.0358
8.5370
9.0092
8.9301
7.0751
6.6973
8.8253
6.8473
7.7715
7.8770
8.0114
7.5221
6.8650
7.2606
6.9460
8.1246
7.5713
8.4726
9.3695
7.2287
6.8053
7.7884
5.9417
8.5838
9.1902
9.1457
6.4595
8.0833
6.8050
6.7376
6.9647
7.8828
6.9237
8.0272
7.1118
7.5866
7.4418
7.3082
7.4976
8.9209
6.9853
8.7749
6.7767
7.6813
6.5084
6.4780
6.4189
8.1046
7.5928
6.7708
7.5591
6.7862
8.1206
7.4965
7.7098
7.9032
6.7300
7.3745
7.8357
7.1881
8.6074
8.4097
6.2072
7.2285
7.4104
8.4577
7.0632
6.4995
7.8606
7.9732
8.8124
7.0972
7.7746
7.6690
8.2693
6.1786
6.8303
7.7546
8.6711
7.6381
7.7842
6.8365
7.8302
8.1866
9.4442
8.1398
6.8995
8.0977
8.8717
7.3932
8.5927
7.9701
7.8817
7.2842
7.4876
7.7604
7.5092
7.5709
8.5188
6.6072
7.8205
7.6424
7.0415
8.4791
8.3990
8.0679
9.2847
8.8614
6.6765
7.5351
7.6125
8.3147
7.8871
7.6301
7.5207
6.8597
7.4998
8.5397
8.2462
6.8362
7.5125
6.6224
6.6362
7.3798
