20.8655
14.9241
10.8749
10.2598
9.2911
8.0073
9.2918
7.4240
7.3859
8.6708
8.2132
7.6032
6.8893
8.1635
8.5143
7.3802
8.5244
7.6951
6.4822
8.0028
6.8809
6.9009
7.3846
8.7696
7.0690
7.4944
6.9335
7.9999
7.9388
6.3889
6.9588
7.6447
6.8269
8.2195
7.0254
7.8669
7.8287
7.1821
6.4687
6.3232
5.4485
7.7389
7.0494
8.7487
7.6772
6.2264
6.9561
9.5618
6.8000
7.2610
7.1863
7.2161
7.3402
7.9092
6.9704
5.9518
6.3297
6.3166
7.9464
8.1309
7.1449
7.1603
8.2669
7.0482
8.7178
7.1790
7.8533
6.9390
7.0677
6.5472
6.5820
6.7107
6.6001
6.4539
6.5698
7.2692
7.2768
6.6218
6.7868
5.7895
9.4258
6.9588
8.1879
6.5741
7.0955
6.0371
6.4461
8.3350
8.3861
6.9136
6.0061
6.6854
6.0613
6.6037
6.5627
7.0212
6.8512
7.7565
8.9657
5.8725
7.9032
5.7763
6.7697
6.6643
7.0976
6.7764
7.5910
5.8303
7.9678
6.3023
7.5553
6.8816
6.6790
7.4237
6.9108
7.4881
6.9796
8.5286
7.4495
10.1811
6.6740
6.9026
7.3602
6.2247
8.6214
7.6299
7.2443
6.9717
7.6826
6.1506
6.5658
7.5785
7.9577
6.0489
5.8037
6.5993
6.5859
7.0796
8.0270
5.8338
7.2540
6.7858
6.9359
7.2935
8.6074
7.5061
6.7426
6.7340
8.4182
6.5342
6.9046
7.9358
6.9910
7.3340
7.1772
7.4839
7.1563
5.7989
7.2413
6.3938
7.1765
7.1901
8.1797
7.2045
5.8011
6.6200
6.9775
6.8977
7.4687
7.0907
7.2780
5.5635
6.7064
6.7383
6.8391
6.5596
5.4668
5.3488
7.0669
7.0453
7.6512
7.1689
7.2017
6.9305
5.7955
6.5122
5.0998
5.8354
6.7307
6.2232
6.4759
6.9835
6.6091
7.4015
6.3692
7.3372
8.0652
7.4980
5.3834
6.4335
