17.3201
18.3412
21.9254
22.2061
20.6758
21.5206
19.6253
22.0332
23.4554
19.9743
19.1527
21.6267
20.4369
18.7930
24.1824
21.1545
22.2745
23.4039
23.0638
23.1962
24.8234
24.1731
20.7319
24.1919
26.2991
23.7083
23.1887
20.3069
18.8146
20.7881
21.9570
24.9848
23.7869
22.4103
25.2206
21.6374
22.4705
21.3734
21.3822
20.0529
22.8131
20.7758
17.2728
23.0270
23.9979
24.1982
25.1021
23.9307
23.1899
23.2329
22.8916
26.1832
20.4986
24.2088
18.9814
20.9995
24.3387
21.0651
17.7834
22.3931
22.1608
22.2121
20.9583
23.5933
23.6655
20.9156
24.2031
23.1599
22.6848
23.2442
23.9668
25.0220
22.6846
23.4952
24.2791
20.9269
20.8325
16.8462
23.5628
18.5093
19.6743
18.5990
19.8718
24.0713
21.2635
18.1819
20.8807
23.4174
21.8736
20.5282
23.0249
20.2858
21.7829
22.0172
20.1960
22.8107
25.0536
23.8254
24.0332
22.5583
20.6341
20.5631
19.0218
21.6578
23.5376
20.9880
24.5898
23.6890
22.1081
19.2186
20.9763
23.5282
20.3595
23.8699
23.4228
19.6798
26.8249
20.0640
23.8680
23.5336
24.4603
17.9501
20.4140
21.1964
21.3024
22.3853
21.5558
18.3203
22.8122
22.8393
22.9943
20.8211
18.7204
24.8541
24.5228
22.4847
24.4209
24.9157
20.9002
22.8231
21.0467
23.7881
17.4628
22.8799
21.2839
22.0692
21.7125
22.8531
16.8588
22.4348
19.0392
20.8502
23.5739
20.7866
24.7775
22.5535
19.9861
17.1269
24.5034
21.9629
18.9430
24.6669
20.5427
25.2187
21.5370
24.2261
17.1757
23.3146
24.1121
20.6745
24.6282
21.2783
22.3848
22.6274
19.3489
22.8948
19.5423
19.5494
24.7748
20.3391
20.5672
22.8048
24.0037
23.3351
21.1538
19.3215
22.2562
21.8770
19.7513
21.2410
22.5805
20.3595
23.7123
21.6887
21.5869
18.9479
23.0353
23.0927
22.0837
26.6573
