2.8915
4.0722
6.7378
7.3745
9.2135
11.6328
11.7359
17.2702
12.8492
12.4273
13.5639
15.7593
15.0426
16.7805
18.3731
20.8109
18.0282
15.0475
15.8622
18.7294
16.9545
19.3762
19.6197
19.0388
20.2059
22.1191
21.9887
20.6903
20.0581
23.9492
23.3479
21.4062
22.0234
24.7598
22.4197
22.1165
24.4514
23.2795
23.4796
23.5753
22.5300
21.0547
20.8694
27.2084
26.6726
24.3745
23.3014
24.3912
26.8389
28.0433
22.2793
23.8413
24.3407
25.7341
24.3119
23.8144
24.9896
23.0406
26.3380
23.6462
27.5093
25.3959
25.9112
28.1285
32.2277
26.0961
26.4003
26.6922
29.2383
27.8694
25.8598
28.2686
31.1871
25.3757
25.8788
31.2783
25.9052
28.5992
28.1494
32.2772
29.4857
25.6377
22.3861
25.0451
28.6464
29.3527
27.6594
24.8290
31.3424
25.3743
27.7659
26.7161
30.8945
29.1501
25.8442
27.5697
31.0180
23.5639
30.4651
24.7899
26.9080
26.9031
28.2228
27.0536
33.2503
29.6938
31.9604
27.5963
28.7427
24.8804
26.4890
30.2333
30.2067
34.0651
33.7406
23.5342
30.8568
27.7701
30.3680
27.5399
25.6714
33.3336
28.6602
26.0587
32.0494
33.2980
30.0187
40.8527
30.1482
30.3670
30.8934
34.7042
33.9437
31.1362
30.1636
28.2067
27.0603
27.6667
30.5859
39.6573
30.7689
27.9451
35.1242
28.4963
32.6136
29.5866
31.9579
32.3214
35.5663
35.7911
30.7417
30.9112
28.0074
33.5681
34.0816
34.6319
33.2623
31.1898
27.4419
32.4298
27.7980
30.4789
40.7684
35.2510
37.1258
29.0384
36.0129
29.8131
34.7001
34.8839
34.8140
33.5559
26.3705
37.0754
28.9059
33.8148
30.5542
38.9825
31.6256
37.9785
35.6166
41.0215
32.0303
31.1427
39.2540
35.2020
31.6938
34.3988
40.3555
37.0806
36.5194
28.6911
34.3329
32.1897
36.6277
31.4039
27.8960
30.9232
33.4546
31.7138
