4.8376
6.8418
11.7444
16.4374
19.9518
23.7398
21.3145
20.5068
23.5351
25.5079
19.2896
16.5033
23.6310
18.1723
15.4190
13.3470
16.6475
13.9171
16.7055
15.3997
16.4914
18.1759
17.6672
16.7464
16.3063
19.2560
18.3245
18.8459
19.7703
19.3967
19.2490
18.4989
19.0820
18.7970
20.9028
21.8818
21.4739
18.8468
19.8257
22.3902
23.4482
22.4211
24.1037
23.6990
22.6588
21.4362
19.9538
24.3963
26.4435
25.4361
21.4908
28.1268
22.0631
24.9557
27.7763
25.2325
25.2736
25.7515
28.3198
27.6930
27.5382
24.3520
25.8877
26.0108
23.0848
25.2674
26.0971
26.0090
25.9012
27.3574
26.1815
26.7532
26.3420
27.7060
24.5426
28.2436
29.3500
26.6298
21.6914
24.7773
28.6083
30.9530
27.2079
25.7599
28.2041
28.3474
26.9041
27.8149
29.2453
27.4795
25.2442
22.5633
25.1568
24.7686
29.4501
26.1162
26.5707
25.8186
25.2667
27.2985
23.3998
28.1318
24.5367
22.6267
21.5356
23.9678
24.2858
21.4758
23.3578
21.6550
24.4393
20.9788
21.4285
25.4905
21.9332
30.1695
22.4656
23.3657
24.4616
22.9562
24.8482
25.7893
26.2979
23.1407
22.5920
20.7891
26.1396
21.6831
23.6001
24.6889
25.7308
23.1261
22.0656
21.6040
24.8605
26.4617
24.4659
27.4061
19.0419
20.1129
24.3043
22.3676
22.7609
27.0526
25.2633
22.4487
37.1591
23.5516
22.3588
26.5682
29.8061
24.8169
23.7036
24.5287
27.6477
24.8828
22.3688
29.0658
21.3978
41.2803
18.8822
22.9133
24.1079
27.1068
24.6174
21.9614
27.7513
23.2365
28.9281
23.8886
25.0052
25.0952
26.4592
23.9812
22.5742
23.0914
30.3508
21.9107
27.3337
20.2417
23.0268
20.7666
23.4299
22.3552
22.3104
20.5054
22.0021
26.0697
20.3793
23.7024
23.0743
25.6371
25.3882
23.6156
24.9939
23.1365
23.0341
25.6487
23.7348
22.7018
