3.3732
4.7192
11.7177
17.1470
20.3172
21.8488
21.7921
22.8914
21.0894
21.6204
21.6274
22.7324
23.8010
24.0026
22.1112
23.8611
21.6660
24.0392
22.4098
22.9117
23.6194
22.3326
24.8428
21.5541
22.0872
22.8401
20.5257
20.8671
21.8044
23.0125
21.1666
21.6575
23.0069
22.2721
21.4306
21.9357
21.0181
22.1319
21.3252
22.2281
24.1712
23.0560
20.3966
23.9737
21.2665
20.9768
21.1616
24.0738
22.0219
19.7873
19.3063
21.4546
20.6491
23.3872
19.5279
21.5710
18.2285
21.8357
20.1493
19.0385
19.5642
20.1373
22.4066
19.0150
20.3738
22.3151
21.2630
21.7850
19.7317
23.7108
19.4383
21.2038
19.9672
20.3046
20.2963
18.6062
22.2005
19.9227
20.1604
21.7307
18.8746
19.8749
20.8532
21.3613
20.1410
20.5448
20.4711
18.8491
21.4026
21.3758
21.2400
18.9905
20.0266
20.3049
19.6742
19.5844
20.1092
19.4543
20.5864
20.9987
20.8692
20.9209
20.9519
20.6401
20.8658
20.4650
20.3747
20.8023
19.6251
19.4522
20.7240
21.5460
18.9842
20.1829
19.4403
19.7411
19.9220
20.6565
21.7273
20.3199
21.1029
18.5057
21.0606
16.9950
18.2003
20.5507
20.7722
19.7483
20.8835
21.0146
20.3871
20.3677
22.4772
19.5714
19.8772
22.8180
21.8184
23.0900
21.2976
18.8626
17.3149
18.3097
20.9798
18.0762
19.4736
18.5160
18.7168
19.6249
19.1192
21.0727
21.3226
18.0240
19.4416
22.7456
20.5116
18.5228
17.6419
21.7032
20.1727
18.3415
19.0338
20.4108
17.3126
19.2193
22.3633
20.3577
20.1019
19.2466
19.0551
19.4957
19.8026
18.2294
19.3960
23.2795
20.9227
18.4502
21.4301
21.6576
20.2211
19.9476
20.9534
17.9587
23.3192
18.8575
18.9870
19.0420
20.2666
22.5601
17.8864
20.0362
21.2172
18.9122
17.4986
19.8137
22.0350
22.7984
19.9509
22.2335
21.5230
20.5816
