2.1739
4.5494
6.3625
7.9168
8.1595
8.7038
5.3297
6.5519
7.5936
6.8807
6.7277
7.2641
4.3705
4.9627
6.2172
6.2389
6.3754
6.3501
5.4898
3.9837
5.6494
5.9557
3.4295
4.3865
5.0410
4.0825
3.4313
7.1137
5.5582
3.5143
4.4382
3.7561
4.5780
5.3257
4.0178
6.3543
3.2955
3.4666
2.9009
3.1724
3.8193
2.8925
4.5611
2.6034
6.4637
3.6967
4.6587
1.7682
2.9761
2.7058
3.0167
2.4146
2.9101
1.1413
2.7405
2.6943
4.4589
3.3394
2.0068
4.4417
2.1908
3.6331
1.8664
5.8835
2.4786
3.4856
1.3724
4.0675
1.4457
1.9766
3.3891
1.5659
2.9625
2.5942
1.8038
5.8889
3.7893
1.7199
1.9054
1.9058
1.9564
1.6868
3.6013
2.3932
3.0217
2.2520
1.9504
2.0408
3.6272
3.5226
2.3940
2.5271
3.8478
4.0803
1.5766
6.6124
2.4840
3.1947
3.3272
4.5651
3.3305
3.1827
1.4859
1.8600
4.0622
3.2944
1.5291
2.1519
3.2997
2.3342
3.9799
3.7777
3.9089
3.7683
2.8762
2.0391
3.8956
2.7336
1.6536
2.9794
2.6501
2.7555
4.2676
2.3416
3.6972
2.5438
3.6995
0.9262
3.5235
3.1163
2.0232
3.1352
4.1697
3.8753
3.6014
2.1271
2.5366
1.7095
3.7601
4.1767
3.0904
2.1018
2.1207
1.9878
3.3945
3.3154
2.3952
3.0347
4.1335
2.6111
1.9269
1.6989
1.6802
4.1584
2.8417
1.1115
3.3759
3.3401
1.5323
4.0713
1.8504
1.8740
2.8163
3.8682
2.0152
1.7356
2.8114
1.1947
2.1788
5.3166
1.9451
1.5579
1.6902
5.0371
2.4231
1.8118
1.9086
1.9045
2.2918
1.9451
1.9353
1.7441
2.5198
1.5164
3.4086
3.0275
2.8828
1.5932
2.2283
2.8356
2.2913
1.3283
1.7491
3.7319
2.6543
2.0267
3.9558
2.6123
1.7030
3.0456
