19.9324
19.2013
12.0048
17.2003
6.4798
17.0469
9.4696
16.0547
17.2764
9.2088
16.4614
6.9726
18.0669
7.6048
15.8299
14.1931
8.2990
16.6026
7.2515
11.6909
18.7256
8.2310
14.9070
10.4522
15.9363
11.6587
6.4089
15.7791
15.3695
15.0405
16.8792
9.0741
15.8107
4.6403
14.4887
6.5191
16.5710
13.1423
19.2953
3.4941
17.2225
4.1426
13.1927
7.9541
19.8596
15.9546
11.5475
14.6691
9.4707
8.2641
16.9369
9.0001
14.7616
10.2941
13.3030
8.7987
18.8648
8.9487
18.0549
7.4717
9.2619
10.3446
13.9174
15.6819
11.4347
17.8579
5.9239
15.4274
12.1513
14.8268
14.0192
6.3631
14.3741
6.5898
15.6270
15.0360
12.5610
11.2326
8.4151
14.4507
13.9257
8.0595
13.3781
12.5670
17.0398
5.8537
16.2024
15.6731
11.4776
15.8327
9.2462
14.3181
6.9544
9.4222
19.7869
4.1225
8.9158
8.1643
21.2952
7.7797
7.7190
15.5714
10.9637
6.5335
10.5906
14.7521
12.0684
14.2263
8.6417
14.5224
14.0888
4.5034
15.3317
6.4053
13.4814
14.4109
6.8063
14.5278
6.8751
16.0024
8.6992
10.1535
16.8608
6.2718
11.3613
16.8515
9.7019
11.4455
7.1362
13.5284
13.4912
9.7112
15.7068
9.4904
14.9952
18.9016
14.7964
6.3308
15.4109
3.8325
14.2499
9.0661
14.3768
4.4896
18.7757
10.6019
8.9670
7.7809
17.0805
9.2730
5.9708
7.3291
12.2019
10.3007
9.7135
16.1414
13.2098
17.3567
6.8909
13.9889
15.3279
12.1470
13.2706
5.8455
14.5958
7.4339
17.1651
3.5518
15.0963
8.1085
13.9312
11.2300
13.1781
12.4411
8.8924
12.2724
5.5100
12.6689
16.3803
10.8792
7.5219
5.5193
14.5942
10.3294
10.5460
5.6856
12.0835
16.5166
16.8861
11.1231
16.0302
7.5166
11.6409
6.0877
19.3798
10.7089
16.0983
9.5806
15.6315
9.8994
