12.4554
19.9670
18.9324
17.2170
19.7441
12.1348
16.4883
13.5290
16.4978
18.1772
13.6507
15.3009
14.5806
13.9226
13.1366
12.9764
13.1877
14.7305
13.6133
15.7372
16.2843
13.6495
15.6321
13.6756
14.8099
13.4372
13.8915
18.5842
14.2267
14.2252
14.3786
14.6993
13.6107
17.8724
18.6164
12.9653
15.0157
18.0583
15.1740
18.0403
13.2911
14.9422
19.6462
18.2797
15.4302
15.0737
11.8324
15.3230
13.5417
15.5170
15.9106
11.6389
13.7738
17.4895
20.4875
12.5850
16.0417
15.5458
15.5766
19.7941
18.0844
17.9210
14.1408
17.0058
13.0182
12.6518
13.1978
12.4260
14.5983
14.6860
13.7072
13.0656
16.3189
14.2203
14.6510
13.8110
13.1781
13.9404
19.0657
19.9025
18.9894
11.2209
19.8389
14.2839
16.7491
19.0547
15.4021
14.2472
18.1704
11.5520
20.4212
9.8934
12.7566
11.0598
12.1553
12.0413
12.2602
13.4174
11.6338
12.4682
16.2075
16.6321
17.1817
18.9380
20.5805
21.2517
15.9239
16.0935
20.0195
18.0144
13.1362
15.4191
16.3451
15.2663
14.3845
15.0698
13.3480
15.7825
12.9784
18.6423
19.6918
20.2348
16.8505
15.5733
16.7424
18.1772
16.7639
19.4939
16.8181
11.4687
17.1281
21.1969
12.6792
12.7159
11.9243
13.9407
11.2235
18.6318
17.2780
14.9976
13.2557
18.0580
17.7728
21.6278
18.4681
19.1798
14.3774
15.5091
14.4965
16.3419
14.2243
13.1183
13.9420
12.5981
16.8862
18.6530
21.6788
12.7130
17.1855
18.7047
19.3673
15.6806
19.5303
17.6918
16.8689
20.8808
16.7875
15.6915
12.7197
13.4379
19.1097
15.9718
15.0891
14.6857
13.8017
14.1452
16.8845
15.1467
14.1793
15.3848
15.0391
19.9957
16.8535
20.7636
11.9156
18.0293
15.1496
18.1858
14.3014
17.0655
16.5586
17.0076
19.3030
11.3786
19.3909
21.1638
15.5923
16.3787
10.5274
12.1188
