16.9262
11.1375
6.0244
4.6755
5.1261
5.7187
4.6903
3.6173
2.5886
1.7158
4.2833
3.8436
3.6637
1.9816
3.2068
4.7552
2.7083
3.7576
2.2967
1.7639
2.2464
3.8059
3.4107
1.5608
2.9047
2.5527
3.2421
1.9089
3.0772
3.4145
2.7827
3.6516
1.4556
2.8978
1.8008
2.0745
2.6960
3.1999
1.4398
2.0567
3.0834
2.4602
3.3802
1.6799
2.6858
2.8102
2.3426
2.6038
2.2790
4.1131
2.7232
4.1785
2.4264
2.0026
1.7573
1.5637
2.9213
3.4079
3.5884
2.2177
4.7239
2.1891
2.3261
2.0858
1.3218
1.7136
1.5792
3.9373
2.3158
2.2805
2.7953
2.1110
2.5090
2.9429
1.5491
2.2397
2.1568
2.0234
2.2728
2.3221
3.8891
2.1376
3.1841
3.5426
1.4637
2.2655
3.8369
2.4407
2.4648
1.5140
2.8734
1.1890
2.6566
2.6936
1.7315
3.5471
2.2574
3.0490
2.2616
3.0543
2.3675
1.6560
2.7071
2.6585
2.0261
1.3296
2.3483
1.9566
1.7472
1.6062
3.0396
2.8471
1.7835
1.3539
2.1145
3.2948
2.0676
2.6864
1.9263
2.3788
2.9603
1.6211
1.8644
2.0855
2.0635
1.5945
1.7699
2.1778
2.1369
1.2046
1.9679
2.0478
1.5951
2.1576
2.0611
2.1357
2.5408
1.3638
2.7611
2.6832
2.4106
2.9201
2.6811
2.3778
2.4222
2.0193
1.8984
2.4627
1.9730
1.3552
2.8008
1.7893
2.4844
1.5831
1.8986
3.3009
3.0379
2.6882
1.5321
2.0546
1.8848
2.1324
1.8645
1.0024
1.7064
2.4264
1.8898
2.1463
1.6799
1.6112
2.5746
1.8903
1.5745
1.5623
1.7447
3.5656
2.3247
2.7119
2.1391
2.7421
1.9324
1.9531
1.5186
2.2605
1.1549
1.6433
2.0453
2.4767
1.3773
1.8214
1.8972
1.9087
2.0549
1.4260
1.7816
1.6432
1.6078
2.5394
1.5328
3.4888
