15.7735
12.2104
7.6253
6.9283
8.3504
10.0240
6.2558
6.1850
5.7743
6.0668
7.2662
7.8729
6.9081
6.6711
7.5557
7.0818
6.8520
7.3042
6.4723
7.6682
7.4350
6.1753
8.2774
6.7622
8.5388
6.8064
6.5115
7.2154
6.2004
7.6284
6.5733
7.3319
7.7045
7.7055
5.5909
7.7912
6.7775
6.4501
6.2168
7.2404
7.1679
6.3929
6.1872
7.3459
7.2545
7.1392
7.9560
5.4086
8.2752
7.8363
7.6051
8.7753
6.4626
7.2719
5.5667
6.3741
5.9715
5.4273
7.6491
6.2210
6.6821
6.7649
7.5201
7.3185
8.5227
7.3279
5.5804
7.5066
5.6058
7.9341
6.2225
6.0209
6.3718
5.5153
6.4393
6.8361
5.7298
7.4586
6.2927
5.7822
6.8146
6.8622
5.7981
6.2166
8.7422
7.4561
8.7658
6.8408
5.9265
5.6318
6.1257
6.0285
7.2504
6.9641
7.4624
6.2502
6.7179
6.3056
8.1355
7.5446
5.6085
6.4660
7.3061
6.3203
7.7780
6.2598
7.1429
5.7990
6.8451
6.5998
5.8507
8.5090
6.6012
7.0610
7.5602
6.8609
5.9239
6.4648
8.8247
6.3212
8.5639
8.2416
5.9012
5.4855
5.5316
7.0332
6.5545
6.3777
7.7417
7.1552
6.7562
7.6551
6.8851
7.7236
7.1292
7.4500
5.7565
7.3820
7.9390
5.7386
7.3639
5.9180
6.2165
5.8374
7.2175
6.7070
8.3016
7.3858
6.0310
6.5491
5.1574
7.0569
6.7314
6.8403
7.8922
7.6177
5.5435
7.8271
6.3072
6.1682
9.1854
7.7580
7.1740
6.8989
6.9897
6.6161
7.3085
8.2226
5.6777
8.3312
7.2085
6.5412
6.3148
7.7654
7.0253
6.0672
5.3700
6.8100
6.2643
5.8507
6.0685
8.4917
6.7098
7.1669
7.9913
7.0049
6.2507
8.1424
6.9103
6.3605
8.1814
5.6557
6.8925
7.6757
5.2785
6.7852
6.1997
7.3615
8.5856
6.9800
