2.0617
12.6053
17.9188
19.3551
19.0966
19.4943
19.5945
19.4711
19.7979
19.1353
19.8116
19.6454
19.6182
19.5903
19.7007
19.7387
19.4677
19.6571
19.3667
19.7886
19.5592
19.3694
19.3935
19.5487
19.9086
19.6645
20.1030
19.9985
19.6085
19.7211
20.0587
19.4376
19.9936
19.7638
19.7231
19.8759
19.5535
19.4442
20.1465
19.9491
19.5296
19.7120
19.7734
19.7125
19.6343
19.6732
19.8041
19.6787
19.8424
19.6828
19.9516
19.5427
19.6759
19.7917
19.8018
19.6650
19.5664
19.7347
19.4108
19.6764
19.3638
19.2942
19.5239
19.2600
19.0823
19.7291
19.6874
19.4064
19.5619
19.6824
19.4198
19.8826
19.3987
19.2824
19.7323
19.3920
19.7827
19.3746
19.4250
19.6368
19.5937
19.3418
19.5472
19.4351
19.4132
19.6555
19.5324
19.6127
19.5532
19.4653
19.7604
19.5795
19.9502
19.8169
19.7136
19.5289
19.5046
19.7413
19.8193
19.5716
19.5488
19.7867
19.6241
19.6770
19.4194
19.5928
19.8057
19.5882
19.5633
19.5810
19.3650
19.7511
19.3886
19.6337
19.4874
19.5380
19.6984
19.2557
19.6918
19.8171
19.6261
19.2705
19.9899
19.8592
19.5966
19.8800
19.8093
20.0519
19.5099
19.5962
19.9249
19.7667
19.9137
19.4329
19.9627
19.6492
19.6444
19.6395
19.1060
19.2747
19.6384
19.6810
19.4279
19.4928
19.6292
19.2529
19.4939
19.5871
19.3224
19.7683
19.5526
19.9046
19.7099
19.6545
19.6434
19.5427
19.8271
19.4133
19.8020
20.1135
19.6013
19.5872
19.5042
19.5070
19.6659
19.8263
19.4622
19.9723
19.4848
19.4456
19.4646
19.5097
19.4973
19.9077
19.3728
19.5677
19.3959
19.7532
19.6105
20.0578
19.3216
19.9102
19.9046
19.8772
19.3258
19.6347
19.7639
19.4637
19.4521
20.0423
19.8905
19.6476
19.6435
19.5538
19.7590
19.6670
19.3046
19.7829
19.5768
19.5195
