20.9861
17.0263
17.4376
9.7218
16.7758
18.3106
10.1226
6.7419
16.2118
16.6886
10.8709
9.9910
15.0604
17.0839
10.5204
11.2918
17.0388
13.2246
11.1344
15.5276
17.9693
6.4409
9.2470
20.2035
21.7427
5.6519
10.3586
18.4682
17.4153
16.4066
7.4030
7.0687
16.7240
17.6824
16.5160
7.8450
11.6357
17.9498
9.6088
7.4814
12.5796
16.3432
12.1743
9.2133
19.2271
14.5677
7.1498
12.5696
19.3345
16.5676
14.0976
8.2878
13.4600
19.1680
14.3524
9.1528
18.5240
18.1372
14.5385
11.2773
19.2245
18.8380
7.3953
10.7128
18.6101
13.5068
5.7938
6.2711
17.2626
14.3533
11.5635
14.8514
20.5644
13.6673
5.3892
12.8105
20.2886
8.5811
7.2330
17.4472
17.7336
5.6835
7.2634
18.3308
16.7207
3.9457
8.3287
16.4320
18.3327
11.2607
9.8219
19.9555
20.4500
12.0909
8.0103
12.2089
14.8554
8.5724
11.3663
18.4263
16.3651
9.1310
14.5337
15.6743
13.9472
11.5453
11.9935
17.7996
13.2247
13.9855
12.1855
18.1242
9.4891
8.1447
15.8045
16.9442
11.0596
11.4326
18.0491
17.2572
9.4138
10.7619
17.2992
16.2794
11.5276
8.3449
18.2960
16.8678
17.8745
8.2158
15.4746
13.1265
9.1423
11.4985
15.7637
16.0502
7.9240
6.9047
19.9533
16.7297
8.0934
5.9859
15.2517
18.6623
9.1725
6.9559
14.2597
16.8419
4.8277
7.5866
17.7175
18.1677
7.0357
11.6260
16.3195
17.0263
9.1808
10.5564
19.5332
18.6653
5.2868
7.1234
16.3462
18.3388
6.4896
9.6734
16.4250
17.6120
16.0677
7.9250
10.7375
16.0977
15.3310
6.2314
17.8310
19.7442
5.6362
10.0220
19.0098
16.9969
6.4111
8.3799
19.2364
17.4427
11.5102
9.9054
18.6173
15.4735
10.5914
9.7816
16.8611
10.9230
9.8073
19.0901
17.4644
7.1760
9.8913
18.5580
17.4194
10.7784
