10.7668
9.7397
10.4662
15.2680
12.4966
12.9192
13.8943
13.8901
12.8235
12.0202
13.8196
13.0983
14.3778
12.8730
13.6398
12.3744
15.1794
15.9883
15.6046
14.6237
12.2166
14.6671
15.6734
16.0539
15.6106
13.3363
14.4691
14.5092
15.0317
13.8910
13.9109
13.8662
14.6608
12.2238
13.0332
14.4415
13.4505
16.7787
15.5718
13.9350
16.4053
14.1371
14.1282
14.9190
13.9694
14.9868
15.7482
17.8698
14.0403
13.0001
15.2830
14.5941
13.9202
16.9031
13.6073
15.3706
14.0081
14.9975
14.3502
14.2685
13.7412
13.6906
12.4965
16.0539
16.6636
15.6994
17.9179
13.7977
13.7120
15.8569
14.2703
16.4181
13.5983
14.1801
18.2331
15.2803
14.5177
16.9135
12.7704
14.2801
13.8006
13.3718
16.3178
14.7316
13.3982
12.1303
16.1053
14.0033
14.9007
13.4011
16.9836
15.8790
15.2096
15.2687
17.2045
16.0513
15.1168
13.6612
15.6664
14.5749
14.2792
13.6802
16.5359
16.3145
17.9270
14.7421
12.8519
14.5988
15.3273
14.4387
13.7923
13.2172
17.1861
13.1290
13.6554
15.5479
15.0120
13.7831
14.3539
13.7367
14.2330
14.5274
16.7703
15.4926
14.4808
13.2510
15.1140
14.0278
14.8796
14.0390
16.3578
14.2611
15.9053
15.5413
15.2380
17.9735
15.7176
14.0928
17.5374
13.8210
13.2823
16.5047
12.9108
14.6219
15.4407
13.8805
14.4096
14.7781
15.0642
14.5216
15.8620
13.9625
15.8847
14.3779
14.6432
13.9224
12.9372
14.4285
13.8108
14.2648
14.3390
14.1775
16.7307
15.7532
14.4940
12.3245
14.7331
13.8672
13.0833
15.7592
13.5737
13.1775
16.6223
12.3866
14.6465
12.2787
14.9708
15.5420
12.0468
14.1265
14.2513
13.7809
14.2411
14.3218
14.3324
14.6411
14.2685
14.1177
15.3209
12.1878
14.8403
13.5241
15.3536
14.7231
13.6258
15.0417
13.8192
12.9342
14.1206
15.7630
