1.8110
16.3075
13.5426
16.4151
17.3617
16.2644
16.0517
15.9205
15.1950
15.5859
14.9536
15.1009
14.3966
14.0202
13.7212
13.7155
14.1157
13.3393
13.5571
12.6941
13.3540
12.8817
13.4913
13.1876
12.4684
11.8362
12.1994
12.8421
12.6002
13.2720
12.6629
12.5512
12.7096
13.7142
13.1430
13.3509
11.8598
12.0956
11.0191
12.8459
12.4706
12.1791
12.0954
11.3673
11.4637
11.7942
11.7831
11.7458
11.4895
11.1199
11.2318
10.6654
11.8603
11.7006
11.9209
11.5112
12.2706
10.5637
10.2087
10.8277
9.9629
10.0415
11.1075
8.6805
10.4456
11.4767
11.3756
10.2532
11.1278
11.6327
11.0095
11.3827
9.5055
11.0083
10.3765
11.3771
11.6127
11.3251
11.1084
7.1946
8.4209
9.9764
9.9610
10.4686
10.7549
9.8895
10.7639
11.6169
10.7983
10.4639
9.5485
9.3324
11.4616
9.6635
11.0865
10.7905
10.3240
9.1946
8.8908
6.9506
9.3696
10.2554
10.7331
10.5288
10.3105
10.7856
10.6959
11.5574
11.3775
10.4886
8.7825
9.8708
9.9756
11.3334
10.7464
9.9312
11.3243
9.5566
10.5489
10.2330
9.5130
8.9816
9.6445
8.7610
10.2517
9.2732
10.1034
11.2467
10.4937
9.0940
9.5693
11.0600
10.3924
8.8799
9.0470
9.7402
8.4836
9.1021
9.8868
10.7474
8.0995
7.1959
8.2535
7.1334
7.5386
7.7549
6.3203
7.0064
7.1302
7.5660
7.4533
6.8585
8.4311
7.6428
7.0693
6.4688
7.3624
8.7350
7.2732
7.3954
8.3576
9.1055
7.6990
7.9176
6.2177
6.3773
6.4203
8.0242
6.8392
5.4335
7.1403
6.7852
4.5793
5.9330
6.1585
7.0969
5.5978
6.2962
5.5649
7.4843
6.2617
5.7302
6.9857
7.5082
7.1885
6.4528
5.0292
7.0403
6.1369
5.4193
5.9317
6.3835
6.4003
7.7088
7.5115
6.6753
8.6159
8.3129
7.0792
7.0384
