2.4451
3.7230
6.0962
7.6322
6.6837
7.7842
5.9955
6.0719
5.3614
6.1387
6.3680
6.1497
5.8362
5.9614
5.4891
6.8801
5.0434
4.2673
6.5421
6.4067
4.8568
6.2031
6.0367
5.8870
6.0800
4.7056
3.9642
4.8838
5.3225
5.4473
4.1510
3.9834
7.9072
4.2375
4.8956
4.9939
5.3981
4.4598
4.8939
5.5050
5.1935
5.1699
4.6211
5.4695
8.7285
5.1449
3.9060
4.2527
4.3404
4.6721
5.4811
4.8565
4.2144
4.5457
6.7610
4.6158
4.2744
6.6244
4.9269
4.9949
5.1591
4.0064
3.8963
4.2343
4.4680
4.0744
5.1305
4.8764
4.7375
4.8940
4.6512
4.3374
4.1779
3.9480
4.5250
4.3814
3.9477
3.6889
5.1325
3.9031
4.0160
3.3201
5.0106
4.9945
5.7582
4.0629
4.4588
4.5370
3.4080
3.6627
4.7895
3.7414
4.7375
3.6542
4.6357
4.1595
5.4594
3.9981
3.1674
3.7240
4.5464
5.3038
4.6163
3.3104
4.5603
3.5754
4.0992
4.3362
5.9450
3.6731
4.4792
5.0635
4.5097
4.4244
3.8703
4.1006
3.8322
3.7872
4.0111
3.6943
3.2143
3.9321
4.5896
3.3578
4.7498
4.4510
3.8298
3.0216
4.9360
4.9747
4.2066
3.5438
3.9691
4.9101
4.5986
3.8409
4.8420
3.8652
4.4742
4.0931
4.6581
4.9429
3.7144
3.0789
3.8069
3.2945
4.1121
4.2995
3.9173
3.2018
3.6111
3.1096
4.3383
4.1894
5.4329
4.2106
3.6074
3.9632
3.9942
2.9542
5.1291
3.7389
4.3603
3.2561
4.7621
4.1221
3.8901
3.3394
3.5032
4.1006
3.6576
5.7394
4.3151
5.0936
4.8951
4.1230
4.2594
3.5185
4.2869
3.8667
5.4213
3.0649
2.8857
2.7839
4.3436
4.3785
4.8876
4.1297
5.6289
3.6353
4.5913
4.1196
5.2364
4.8604
3.5200
3.2258
3.3515
4.4685
3.5499
2.9836
