11.5351
9.4676
10.0012
13.7219
16.0659
14.5580
12.6771
15.1239
15.7395
13.7573
15.1704
12.7682
13.3361
12.3482
16.9030
14.8297
18.4482
15.0449
14.3264
15.7967
14.4749
15.5714
15.8852
11.5153
16.5013
14.5705
13.7756
17.6608
15.4247
14.1420
17.0626
15.8099
13.2523
16.9155
14.9031
13.5262
14.1322
14.8175
15.9907
15.1006
17.2521
14.5613
13.8654
14.9072
19.2708
11.6454
17.9694
11.4151
15.2126
16.6124
18.4001
15.7353
14.1360
13.2264
19.7430
14.3367
13.4872
13.3872
14.2410
15.1702
14.3458
15.6527
16.3415
13.2107
15.7482
15.6419
14.7905
15.3612
14.1621
12.2858
14.6047
12.0006
13.2954
13.5696
15.2654
16.0776
15.0942
14.0312
17.6049
14.9958
17.5050
14.9241
14.5221
15.9703
13.6033
14.3889
15.0827
13.7862
16.8591
14.6442
14.9572
15.3930
16.0543
15.0618
14.4640
16.3383
12.6459
14.1953
15.8537
13.0315
14.8899
12.3612
16.2211
12.0306
14.2257
13.6820
13.5170
14.8743
15.9933
17.8554
13.7956
15.1859
16.4765
16.2223
15.5895
13.5319
16.2356
15.6374
15.4250
13.9858
15.7002
13.2137
18.4245
15.6730
17.6102
15.2558
15.7811
13.6813
15.8164
13.1256
14.3069
14.8422
13.1594
14.6311
15.8575
14.2398
14.8368
14.2287
13.9155
12.8003
14.7846
14.6417
15.3521
14.6833
13.0842
13.7320
16.1571
14.9286
15.2680
15.0574
13.9099
18.8983
12.8480
12.2590
15.4572
16.2224
16.3009
14.8834
14.3101
14.3128
13.4418
13.7301
16.7172
16.1963
15.5712
14.6167
12.4161
17.6356
14.2096
17.2163
16.7985
14.0295
14.5197
14.4309
13.8783
15.8370
15.9737
13.4764
18.7333
15.5185
12.1489
15.3443
15.2909
13.7865
14.1578
12.1407
14.0538
14.5113
14.3725
15.2600
16.9936
14.3545
16.6151
13.7554
13.8391
15.7704
13.5097
14.3644
16.6327
14.7897
