2.3490
7.2201
11.3553
13.3528
14.3291
16.4210
19.2810
17.3918
17.7805
12.1901
20.1123
7.9098
19.4306
11.6953
12.2329
15.0941
8.5610
11.8048
11.1202
16.7591
18.8581
26.2897
7.7823
11.3463
6.9816
14.2003
10.5662
12.5850
10.2327
10.3157
8.3193
6.9688
8.3493
22.3113
18.2459
8.1869
11.2537
10.6424
12.6947
8.1406
8.1546
8.1284
13.6510
10.5763
8.5964
11.3809
13.3580
10.1940
11.0308
8.5968
10.5391
8.7243
9.5188
11.7487
9.2596
9.8002
8.9914
9.1649
9.5746
9.3205
7.8430
11.7096
8.6492
10.7264
10.6007
9.7061
10.3421
9.0876
10.2550
11.8083
9.7851
8.7076
11.0481
11.5825
9.8868
9.1138
9.5243
9.9019
9.7237
11.1512
10.6835
11.9273
9.5893
10.6592
13.2282
10.6228
10.1392
8.6511
13.0158
13.2404
11.1280
9.3526
8.2253
11.4239
14.1949
9.9743
11.9458
12.4679
8.4547
10.5129
9.7320
7.5513
11.6728
11.7058
11.1053
13.0053
11.3636
11.6382
11.2035
10.5537
12.4182
9.3177
10.6871
12.1577
11.9084
12.7950
13.5942
17.2020
10.4471
11.2960
10.5664
11.5796
11.7959
11.6202
12.1370
12.9729
13.2441
12.8552
15.5882
12.7272
9.0966
10.6122
13.0955
12.5306
11.3226
14.0084
12.7730
11.9450
15.2244
11.7866
8.8972
11.5211
11.1748
14.8978
11.0916
13.9548
10.6398
11.3707
10.8851
14.4532
12.8351
12.8296
12.9309
14.4852
11.2324
12.0519
13.4721
22.0245
10.3640
13.3097
12.3138
13.6665
13.5357
13.8329
11.1260
16.2763
15.4509
11.0630
10.2657
12.6000
12.2800
14.4356
12.4587
11.7380
13.1622
11.7609
10.0487
12.8344
10.6375
11.2032
11.5600
13.3395
14.4543
15.5954
13.8128
13.5724
14.4500
18.8879
15.6557
9.9474
14.0655
16.5643
18.0143
16.0751
13.1853
10.9628
12.9574
15.8354
13.4963
13.7675
