2.2542
3.0556
5.0092
5.8904
6.1300
6.6670
6.2735
6.7139
6.1880
6.6455
6.5924
6.6176
6.3219
6.7646
7.0480
5.8220
6.2365
5.5677
5.3216
5.5014
6.8067
6.4294
7.0656
7.0863
5.9373
4.8389
6.3346
6.1792
6.8293
7.4981
6.4842
6.6441
7.2388
5.3174
6.2493
8.2870
8.1643
7.6208
7.2994
8.6921
7.2425
8.2285
9.9675
9.8745
11.1349
8.5967
8.4158
10.6643
11.0160
10.9545
11.7989
9.9087
10.7456
12.9111
12.7007
11.1504
13.1082
10.9756
13.8122
14.1116
12.8146
15.1606
17.0018
14.9480
12.8954
15.7778
17.2477
16.6314
14.6962
17.5818
16.6190
16.2656
15.8787
16.7918
16.8767
16.1163
17.6730
19.6517
14.4884
17.4997
17.9115
19.7480
17.8042
17.2741
17.2133
19.0116
19.5035
20.4799
18.1402
16.6909
18.8291
17.3676
20.1571
17.8168
16.4588
18.9719
18.9536
19.8255
18.3395
20.0032
20.5097
18.3718
18.0931
17.1166
18.6812
19.0461
18.8457
19.2248
19.0535
19.3189
19.6059
16.3947
21.6364
20.7311
21.3016
20.0016
20.6458
20.2819
20.5649
20.5497
19.8705
20.0947
19.9192
18.1304
20.1912
18.9981
18.7843
19.4678
20.5923
17.8454
21.1323
20.8784
21.9919
19.4724
19.1621
22.6201
21.1611
19.0705
21.0860
20.6632
19.6894
19.9866
21.4729
22.9654
20.7012
20.9373
19.0877
23.0336
20.6869
21.4333
21.8576
19.3159
19.1388
19.6309
21.2111
20.8578
22.2346
21.5768
20.8666
22.5971
21.7518
22.3678
21.2691
21.4863
21.4600
22.3556
21.4969
21.2525
22.7618
21.6784
21.8923
20.6547
22.7743
22.7570
20.0054
21.2576
21.3345
21.4500
21.9620
21.8761
23.7209
22.4169
22.1228
21.8282
21.2219
20.0139
20.5442
19.6535
21.2271
23.4164
21.8043
21.1222
24.4657
21.4427
21.4215
19.4653
22.7791
22.0416
24.6775
22.2896
