3.6791
6.4533
10.4389
13.9977
16.3569
17.0089
18.0833
20.7326
19.9523
21.1651
21.0543
20.7814
22.4437
20.7107
22.8410
22.5316
24.3051
23.2918
22.6254
23.5688
23.0030
24.2737
23.6485
25.1798
24.0447
23.0404
22.2472
23.5572
22.4608
25.8333
24.1050
24.2523
23.5838
21.4735
26.5019
24.6827
25.7772
24.2859
24.8544
24.4305
25.9414
23.0624
22.5039
24.1841
24.8981
26.8568
25.0180
26.6047
22.1149
24.4407
22.0286
23.5075
26.5281
27.0453
26.6455
24.7279
26.0104
26.5894
24.6123
29.7221
25.9284
26.8610
25.5209
27.0635
23.0140
24.3855
24.2699
27.1904
27.2993
28.4445
27.3784
27.7198
28.3733
29.3958
25.9685
25.8318
32.3825
26.4222
26.3973
30.6140
28.1848
32.8766
28.6763
28.0402
29.3440
31.0131
30.0304
27.2377
27.2307
27.6765
28.5306
28.2014
27.8241
29.1654
26.6973
28.9128
32.0286
35.7122
31.8290
28.9820
28.2359
31.8685
27.2108
30.2635
32.7770
30.1097
28.8751
27.4620
29.0531
27.6707
29.9246
26.2188
33.5199
33.1995
31.8788
35.5244
31.5084
29.5783
30.8773
33.4550
31.0246
27.5754
34.5328
28.6363
30.4663
33.5485
33.0651
33.8122
30.3653
47.6414
30.6081
33.5325
31.7801
30.4004
32.8360
31.6351
30.9602
30.6501
27.9551
53.6723
29.2824
30.6514
29.7026
34.5704
30.0807
29.8201
34.2923
33.2674
32.1554
31.6573
29.8259
27.5529
34.9636
32.9018
30.9643
34.2173
28.4341
31.8062
29.6283
38.7050
30.3813
35.1777
29.6853
27.0056
26.5424
29.2259
35.9441
42.6336
32.3024
33.9217
31.0429
40.9788
38.0988
31.7498
26.8694
30.7955
21.9226
24.9427
30.0741
30.3432
35.5060
30.5847
29.3429
23.5221
32.8759
29.9706
26.9772
28.9318
29.5888
31.9919
34.1212
30.9341
28.0854
35.1196
32.5877
27.9536
32.3033
28.6530
31.1474
28.5834
