2.6677
4.1694
6.3881
8.1206
11.4843
11.9232
10.9995
15.0135
16.9928
16.3731
16.2168
21.4850
21.6799
20.2498
19.4100
20.6212
21.7487
20.6316
21.7780
21.1504
21.9691
23.0322
20.2462
21.4805
19.6055
19.5694
21.8846
21.6779
24.0929
21.3877
19.7986
21.3803
19.9766
19.2990
19.6954
21.2247
20.9142
23.3493
21.7644
21.8627
20.1811
20.1811
20.1360
20.6350
22.5232
18.2813
22.2204
21.0345
21.1278
21.9064
21.3562
19.8790
21.1962
20.1666
18.1703
22.4757
21.0890
20.5399
18.7814
18.8671
19.0885
19.0117
22.0045
21.4336
18.4644
18.4111
21.0335
18.7190
21.2848
28.0324
19.4327
20.5686
20.1622
19.6044
21.6102
19.1934
19.6265
20.2352
19.8384
20.1295
18.4720
20.6626
18.2246
19.6632
18.2314
18.4619
19.6488
21.0869
21.3381
20.6735
20.7154
21.2239
19.1570
20.3652
19.2245
16.8559
20.0096
18.8853
20.9335
20.9366
17.8975
20.8034
18.2854
18.2615
19.2371
19.1637
18.7873
19.0547
19.8154
19.1109
20.0897
18.8094
19.9885
18.9145
18.6969
18.8800
20.0189
19.0780
19.5688
19.1392
18.1687
18.3124
20.4684
19.4508
17.6692
19.1301
19.2335
19.6916
16.9872
18.6631
18.4822
19.5615
19.7351
17.3756
16.3257
18.2206
20.8378
17.3820
18.3599
18.1281
18.9493
18.8641
20.5686
19.5671
19.0671
16.8013
18.4214
19.5025
18.3708
18.9322
17.9127
20.2661
20.3272
19.2001
18.7422
19.6858
16.7159
20.2663
18.5925
17.5808
19.9147
18.3488
20.5437
17.2796
18.0627
18.7385
19.3728
16.2641
18.3801
20.1519
17.7846
18.9969
24.1464
17.9304
20.1616
19.4856
17.3680
18.5537
18.5841
18.2034
21.1777
18.7912
18.6677
18.0827
17.3947
16.7419
18.6353
19.2632
17.7442
18.7405
18.6707
16.7794
17.8384
17.5247
17.6011
19.2073
17.5803
18.7709
15.7997
17.8489
