5.0125
6.3577
11.1776
14.6511
16.6352
18.2401
19.1220
21.1090
20.0584
22.1032
21.9800
24.0034
26.4017
22.1630
23.6085
23.3936
24.4730
25.3653
24.7637
25.5122
26.4450
26.8478
25.9736
23.4629
26.9029
29.2285
27.0422
28.3925
30.8324
31.4911
27.9217
29.7356
28.4067
28.6583
31.2932
28.4612
32.8016
32.5951
32.7634
37.7797
32.8649
35.3698
33.7167
32.0597
32.4383
33.6081
33.4997
36.5515
34.8159
33.6778
30.3516
37.2998
31.1418
35.8109
34.0378
39.7646
35.4497
32.4555
32.7310
35.7236
33.1176
35.1288
39.1873
31.1114
35.4317
37.6532
42.8489
34.4056
40.0882
34.8028
37.0186
39.0520
38.4988
38.5453
34.3917
36.8579
36.9598
39.3449
35.8199
42.0907
36.8304
35.6167
35.6798
34.4560
42.0398
41.1736
40.4536
38.8598
37.1422
34.8061
36.3050
38.5964
44.6986
32.9127
38.1127
38.9597
42.4731
40.7175
36.1752
41.8047
37.9658
45.4412
39.0924
49.1393
39.8946
40.0851
41.8781
37.2783
36.8342
44.3959
34.5855
45.2727
45.0043
41.4042
45.1840
39.3031
37.8529
41.8226
37.6989
40.4806
38.0006
43.6596
52.0713
28.5614
31.5019
30.4125
31.7938
37.5603
44.9474
33.0954
41.2355
39.9526
36.7877
34.7460
41.5133
33.5317
39.2802
35.1906
37.9189
35.8902
44.1436
37.1530
42.0495
41.0345
48.1601
44.2128
51.5607
41.4871
36.4195
43.3486
43.1075
37.7938
40.3380
44.5970
43.8188
40.6036
40.7778
40.6958
54.3274
37.3954
47.8462
35.6715
46.4645
37.8994
38.5593
56.9784
39.0404
39.4880
47.3357
41.3861
42.8434
40.3236
37.7379
39.7311
48.1013
41.5220
40.5549
44.5103
37.7338
24.1781
29.8165
29.9677
32.8092
35.4582
39.4568
39.6301
40.5530
37.4438
36.5939
39.8277
39.4840
38.8846
36.3018
36.8352
41.7445
38.3281
39.8459
35.2732
36.3136
41.6733
