16.3820
4.9163
4.5013
4.4972
4.9690
4.1623
2.3176
2.8219
4.4708
2.8166
2.9287
4.1910
3.4838
3.3702
2.3627
3.1566
3.8859
3.6837
3.0770
4.3008
3.4825
3.1880
3.4868
2.5976
3.6993
2.8726
3.6444
2.5810
3.5205
3.7209
2.8355
2.9589
2.2746
2.6466
3.0103
1.9330
3.8043
2.7149
3.8726
2.6270
2.9112
3.0814
3.0183
3.1030
2.4378
3.0220
0.7715
2.6891
3.5865
3.2267
2.4605
2.7228
2.7833
3.1269
2.5547
2.7583
2.9972
2.2302
2.4608
3.2003
2.7898
4.2369
2.4056
2.4862
2.2128
2.2465
2.8561
2.6019
2.7354
2.6060
3.1579
2.3213
3.0923
2.0354
1.5655
2.7883
2.2713
2.5787
3.1764
2.3924
2.3757
2.9175
1.6809
3.0691
1.9421
2.7387
2.0852
2.5272
2.1535
2.6920
3.0829
1.8070
3.0897
3.1114
2.1940
2.5474
2.3560
3.8003
2.5260
2.1057
2.0163
3.2137
2.9247
2.8646
2.4592
2.4987
2.8539
2.3384
3.0406
3.1291
4.2226
1.6010
2.3370
1.7252
3.7939
3.0723
2.7613
3.0539
0.7831
2.3272
1.5134
3.3908
3.6671
2.3463
3.3239
2.3773
3.1088
1.8565
2.1934
2.4834
3.0359
2.8119
2.6715
3.6152
3.3617
4.1149
3.1792
2.2640
1.2341
2.2277
3.1320
2.0879
1.8076
2.2533
2.6986
2.1406
3.4237
2.1334
3.7314
2.3180
1.0028
2.9366
1.8257
1.9384
2.0150
2.3353
2.8687
3.1668
3.6315
1.8011
2.1536
1.8079
3.0695
3.2771
3.1310
3.2153
3.7126
2.3503
1.7194
2.3073
3.2458
2.7460
1.9706
1.7361
3.4149
2.0935
2.0572
2.2841
2.4621
2.1094
2.2844
4.2764
2.3037
2.1035
3.0688
4.0275
2.8555
2.2464
1.4164
2.3331
2.4393
3.5150
2.7869
3.1583
1.7436
3.6726
2.8936
3.3386
4.6336
1.8139
