16.8901
7.2302
6.1192
4.2915
5.9853
5.0512
3.8325
4.8089
3.6970
4.4067
4.2887
3.4365
3.4672
4.0817
4.0793
4.2078
4.5047
3.9691
4.2186
3.6025
4.9437
5.2283
4.3365
3.8074
4.2339
3.2047
3.3921
3.8439
3.8648
3.7447
3.6139
3.7111
3.8479
3.5690
2.9354
4.0152
3.6482
3.4898
3.3659
3.9404
4.3675
3.7596
3.7344
3.2250
4.3110
3.8930
3.3848
3.0004
3.8202
3.2950
3.7487
3.5338
4.2332
3.8595
3.6489
3.3605
4.4532
3.2466
2.9262
3.2473
4.6866
2.8894
3.9806
3.4538
3.5946
3.7285
3.3839
4.1259
3.9327
3.4080
2.9297
3.3262
3.8895
3.0485
3.7720
2.6802
3.9429
2.8156
4.2183
3.1483
3.2431
2.9140
4.1660
3.8459
3.9176
4.4473
3.3635
4.5893
3.5476
4.3334
4.4286
2.9213
2.9551
4.2111
3.3179
3.0812
3.1495
3.3367
3.7285
3.2491
3.1010
2.9533
3.0715
3.8664
3.0488
4.3048
3.3608
3.4600
4.0940
3.7994
3.8758
3.9885
4.1427
3.8259
4.6052
4.4806
2.7396
2.8564
4.6864
2.8483
3.2487
4.0532
3.1467
3.4038
2.6365
3.1496
3.3887
3.3776
3.1282
3.2186
3.5549
4.3684
4.2834
4.4689
3.5725
2.7905
3.0707
3.0204
3.4469
3.4775
3.5525
2.9288
3.8450
3.4256
3.7356
3.7931
3.9216
3.8343
2.7059
3.5256
2.9720
2.9229
2.4561
3.1614
3.4680
3.1325
3.7109
3.4962
4.0546
3.5422
2.9880
3.8415
2.9999
2.8469
2.7500
3.4571
3.6862
3.2385
3.0170
4.8051
3.9221
3.0981
3.6262
3.3454
3.6581
3.0221
4.4562
3.3765
3.6506
8.0525
4.2174
3.6903
3.6926
3.1621
3.6052
3.4921
2.8079
3.1821
4.0945
3.5952
2.7917
3.4696
3.5735
3.3890
2.7626
3.3825
3.6656
4.0750
2.4949
3.8345
