0.3373
4.2012
7.2373
11.5548
14.5528
17.3367
18.7804
19.6722
19.6637
20.5410
20.8608
20.6712
21.0423
21.2405
21.4228
21.2011
20.9697
21.1194
21.2631
20.8752
20.8754
20.9621
20.9304
20.5400
20.6065
20.6586
20.4798
20.1786
20.3017
20.4795
20.1758
19.7187
20.0546
19.6098
19.6626
19.4072
19.7929
19.3260
19.8064
19.6371
19.3536
19.6409
19.1042
18.8600
19.4423
19.0260
18.5759
19.0479
18.7065
18.5751
18.5501
18.9456
18.5131
18.5446
18.3487
18.2148
18.0366
18.6021
18.5605
18.2685
18.1616
18.0817
18.2645
17.7974
18.1626
18.2649
17.7010
17.8371
17.4369
17.7032
17.7208
18.0035
17.6211
17.3574
17.4254
17.2635
17.7453
17.8885
17.7003
17.2968
17.4405
17.7614
17.2491
17.4515
17.3446
17.5225
17.3402
17.0272
17.4745
17.1577
17.1137
16.9640
17.5368
17.2747
17.5087
16.9067
17.2907
17.0042
17.2009
16.9515
16.9618
17.0433
16.9798
17.0575
16.9922
16.5070
17.0816
16.5876
16.2978
16.9678
16.9999
17.0451
16.6516
16.9660
16.7047
16.7455
16.8930
16.8467
16.8777
16.7079
16.7367
16.8560
16.4581
16.6192
17.1409
16.7403
16.7811
16.7881
16.5368
17.0068
16.6922
16.5743
16.8646
16.4106
16.3268
16.5833
16.8848
16.7045
16.4657
16.5674
16.2883
16.5641
16.1793
16.3626
16.4461
16.2176
16.6585
16.5152
16.1688
16.5077
16.8772
16.5243
16.1113
16.7796
16.3871
16.4035
16.4288
16.3050
16.3954
16.5102
16.6181
16.6186
16.2728
16.6306
16.3479
16.4533
16.6297
16.3856
16.1274
16.5273
16.2787
16.1991
16.2141
16.1068
16.3079
16.5597
17.0120
16.2390
16.3892
16.2815
16.3913
16.1490
16.4847
16.1211
16.4771
16.0904
16.3297
16.1530
16.1876
15.8897
16.1631
16.5071
16.3034
16.1364
16.1508
16.4385
16.4773
16.6346
16.5386
16.5405
