2.2371
4.0536
7.4485
13.2562
15.3217
14.4354
20.3221
19.6250
20.4580
22.6217
22.1160
26.1314
22.8569
28.8438
23.9667
27.0927
24.9231
29.4082
30.5415
29.9566
30.5934
31.9660
29.4773
31.5995
29.9160
29.4240
28.1022
29.2162
31.5339
30.9132
29.4717
31.1121
25.6531
26.9025
29.7997
32.4994
33.0901
29.2444
30.6037
32.1054
27.0711
30.9807
27.1788
31.6699
33.4724
34.1150
32.7617
30.5740
31.2781
32.4276
29.3517
27.4346
26.9717
29.8511
30.8313
29.5333
27.1979
28.2483
30.6759
30.6731
31.5815
35.7769
30.8373
34.5418
30.5204
27.7850
32.3770
33.5933
31.5630
32.6189
32.5019
30.6107
29.7806
27.6287
29.9696
33.5651
32.2902
28.4860
31.1884
32.4647
35.6585
30.5761
35.2813
30.7493
32.0942
28.8413
34.5905
27.7634
32.3041
33.1225
35.2932
33.5223
33.3152
29.0489
30.0587
29.5318
31.8471
31.3012
33.0556
29.8586
32.6934
31.0033
30.6672
31.3572
32.5014
34.4819
33.3843
34.0088
33.6936
33.0654
31.8694
31.7191
30.4191
34.0763
32.3045
31.4405
33.6096
31.2235
34.9511
34.3882
32.1039
30.3675
33.2551
30.4216
34.3503
33.2869
34.7781
34.4958
34.4501
31.1217
32.8087
30.9383
32.0734
31.2538
32.1515
31.7575
31.5498
31.6764
32.5454
33.7205
32.0946
33.8484
31.6952
32.0092
30.6286
34.4474
34.0578
32.2740
32.2654
31.2184
32.4846
31.9909
32.1113
34.1477
31.7804
34.8511
35.0210
31.9761
30.5144
35.0982
34.6905
31.5278
29.2347
35.1213
33.6615
33.5418
30.4184
32.0556
33.7029
32.8701
33.5169
37.0434
31.3148
31.1720
34.1539
30.2639
33.2299
32.6542
29.7993
30.9111
30.7486
39.6702
30.9224
27.5797
32.4228
35.3627
33.1613
30.5326
33.6266
35.8250
34.5832
34.4515
33.5487
32.0706
36.8608
35.9447
34.8241
32.6420
32.2209
34.0341
