5.0602
7.0433
8.3167
10.2886
10.5064
10.7104
8.4703
9.4017
9.1325
9.1426
9.0976
8.8278
7.9006
8.3323
8.6861
9.6542
11.3136
10.7377
11.0906
9.6421
9.0418
11.2014
8.4735
10.1328
10.2043
10.1033
8.9987
9.6910
9.7407
9.5374
11.4143
11.5071
10.0481
10.1607
10.1020
9.3971
8.8632
9.5551
11.2591
9.9897
11.2766
10.7546
11.6402
11.8639
11.3251
11.0409
10.3581
12.8704
12.1383
11.2299
11.5242
11.7446
11.4398
12.8706
11.9173
12.8151
11.2175
11.7826
13.1637
10.8553
11.6393
11.7376
14.9443
11.4762
11.4943
11.2518
14.1298
11.8528
10.9137
10.8392
12.8083
11.8492
12.0183
12.1734
12.9811
12.7618
13.1453
13.1642
15.9729
11.9962
12.6121
11.1833
12.7956
12.3643
12.1663
13.0766
15.7783
14.2664
15.8205
14.6176
16.3780
13.7490
14.5796
16.3465
15.8587
14.1397
13.6698
12.5245
12.2974
12.6733
12.9934
13.7968
13.4319
12.2851
15.9414
14.1845
13.9803
13.9942
12.6808
13.4746
12.9328
16.6900
13.9098
13.8596
15.4035
14.2718
12.5620
14.2935
13.8169
14.5753
10.6129
13.7028
17.1893
11.3504
14.2434
10.6211
15.5060
14.6199
12.8040
14.6502
15.9857
14.7638
16.0000
20.2656
14.2051
12.9146
13.7015
14.1570
12.5439
12.9797
14.4977
13.9063
11.9593
13.6383
15.4665
14.6264
12.2315
14.9125
12.8584
12.2221
15.8708
17.4497
13.0703
13.1767
13.5066
12.6951
15.4655
14.6099
10.8576
16.4994
13.7201
14.1403
11.8694
13.3151
14.4759
11.2442
10.7643
16.0076
17.2210
16.9170
17.6826
18.0865
20.4246
15.1185
15.3158
16.6658
17.5641
13.8872
12.1167
11.1155
13.1053
17.1782
11.9573
17.1082
12.9051
11.6478
13.8037
20.4322
17.2573
15.0546
15.3108
13.7755
15.7441
17.1735
17.1581
18.3427
15.1999
12.7150
11.3040
12.5345
