17.6140
7.6254
6.8323
5.3281
5.5200
6.4941
7.0108
6.3883
4.7881
4.9317
4.0225
4.4191
6.2893
5.8648
4.9452
5.2826
4.3083
6.8777
4.8680
4.2627
4.5764
6.0985
5.2405
6.0957
4.6532
5.7200
5.1403
4.9627
4.9568
5.1591
7.8593
4.5193
6.3949
6.2710
4.4542
5.5119
4.1567
5.2371
4.6379
4.5326
5.4222
5.0640
4.9012
5.0001
5.1125
5.0716
4.4062
4.9947
3.9232
5.2785
4.7061
4.6664
4.9917
4.4828
4.7860
4.3591
3.8732
4.4828
5.1206
5.8825
4.0999
5.6233
4.5355
5.4602
4.5011
4.6669
4.3784
6.9513
5.3484
4.4622
4.7578
4.4076
4.3936
5.8463
4.4609
5.7237
4.2655
4.0749
4.4052
4.4258
4.1861
5.6067
5.4649
4.5524
5.1931
4.5678
3.6247
4.5106
3.6879
3.7518
4.6689
4.3176
3.9640
4.4538
5.1321
4.3010
4.4494
3.8384
4.9689
4.9011
4.4143
5.5271
5.2426
5.3012
3.7396
5.4683
4.8445
5.9150
5.4878
4.7736
3.8069
5.2247
3.5234
5.0641
4.5337
4.4361
6.4546
4.8594
4.1013
3.9029
4.3882
4.3286
5.0103
4.7167
5.6430
4.4880
5.2300
5.4330
4.0663
4.2440
3.6307
5.7335
4.6433
5.2759
4.3358
4.6612
5.4778
5.2079
4.5314
4.1952
4.2493
3.6511
4.8672
4.8633
5.2380
5.6372
4.1806
4.0762
4.9414
3.5765
4.7758
3.9369
5.1053
4.2374
4.3427
5.9185
4.2032
5.0321
3.8255
4.1566
4.2786
3.9751
5.3158
4.2660
4.3194
4.4359
4.3951
4.5519
7.0041
4.3235
4.4988
4.8125
3.7588
4.6120
3.7448
4.9293
4.1667
4.0306
4.4615
5.6222
3.5039
3.5600
4.5626
4.4509
4.7100
5.6983
4.4863
4.0892
4.0204
4.9141
5.3591
3.9692
4.2044
4.2051
3.9518
3.6569
4.0308
4.1068
5.3094
4.4025
