17.4692
8.6679
7.2942
7.6573
8.4358
7.6654
7.5101
7.2315
6.7564
5.7848
7.0615
9.3347
6.3767
6.2708
7.1281
6.6699
8.4210
7.2969
6.6994
5.4073
5.5218
5.6454
5.4842
7.1090
5.5391
6.0903
5.8692
4.9340
6.6752
6.0926
6.4004
5.1959
5.6378
6.9236
5.9893
6.1059
6.0362
5.5789
7.3556
5.3072
4.6544
6.4901
5.0761
7.4498
7.0156
5.6000
5.5722
5.5443
6.7490
5.8155
5.3868
7.8400
5.8011
5.1244
6.0512
6.3620
6.5936
6.7335
4.6833
6.4579
5.0340
5.2922
4.7676
6.8914
5.7058
5.9795
5.0814
5.1125
6.0739
6.9063
6.7924
6.7074
5.2141
5.2830
7.5865
6.0606
6.3110
5.8381
7.2956
4.6798
7.6592
5.4053
6.1561
5.2979
6.4128
5.8200
6.1638
6.4383
4.9040
6.4060
6.0692
4.8728
5.6731
6.3485
5.7305
5.9935
5.4570
6.9190
6.1838
5.9301
4.6359
5.6281
6.1795
5.8848
6.4038
6.1283
5.1104
5.8241
5.6389
4.7300
5.5298
6.5827
5.3712
6.0486
6.2515
5.6002
6.4264
4.9604
5.2945
6.9525
5.7528
6.3091
6.3225
6.5380
5.5133
6.8765
4.8322
7.9668
6.2348
5.3451
5.7717
5.9209
6.3270
6.4519
5.5217
5.7695
5.6702
7.9522
6.5459
5.9381
5.8231
4.9862
6.0670
4.6946
7.3900
5.9252
5.9638
5.3141
5.8091
6.6251
5.9623
6.1109
6.0462
5.3968
6.1016
5.6597
4.4204
6.6392
5.7746
5.6233
7.0210
5.2191
5.1394
6.2753
4.7554
6.5497
4.3015
5.8623
5.9344
5.9131
5.1830
6.2763
4.7594
6.3624
5.8564
6.4234
5.0046
6.1361
6.3941
5.2185
5.9777
5.3389
6.3999
5.9608
5.5955
7.3642
5.6949
6.1711
5.5492
5.4258
5.7409
5.9689
5.5386
6.1151
5.7308
5.9656
5.3588
5.0370
5.2912
9.1243
