3.0058
6.9886
11.6071
15.2200
20.1067
19.4617
20.2862
22.2641
24.3793
22.7676
24.3645
24.0681
24.0323
22.9105
24.8514
24.5347
26.1893
21.6688
21.9715
24.4598
20.2116
23.2112
21.7504
23.6216
21.8637
22.6748
22.9871
22.0508
22.5993
21.0693
22.1064
23.0359
23.2472
22.2670
22.6990
20.7084
22.4709
24.2816
21.8045
21.2796
21.5183
22.5569
21.4941
23.1139
23.4537
22.6581
22.0033
22.3521
21.7054
22.9968
21.2873
20.6301
19.4835
21.7511
22.3658
20.3999
20.5951
20.6587
20.3333
21.7299
20.5035
21.3359
21.3861
21.9851
18.4660
20.6995
21.0270
19.4964
20.1569
19.5654
20.4906
19.7731
21.6123
19.5540
20.7347
20.1573
18.9675
19.5474
20.2522
19.3660
19.6898
20.1922
19.6585
20.9815
19.3031
19.3899
19.8844
19.5094
18.9954
19.6083
21.1051
21.0085
20.2404
18.9983
19.8114
19.9820
22.1684
18.9653
18.4803
20.4352
18.8297
19.0320
19.2711
18.7374
18.8692
20.1865
20.6552
20.3308
18.5169
19.8002
21.1584
21.6519
19.5457
19.2105
22.0557
20.4635
20.3059
18.5124
18.3401
21.4717
19.8095
19.3402
18.5667
19.3879
20.3264
21.6533
17.6323
19.1790
19.7124
19.4841
19.6152
19.1348
22.0558
20.8866
19.6181
19.1882
21.2311
18.4391
19.8308
19.1763
19.5524
18.3645
19.7871
19.6472
18.1315
20.0782
20.9846
16.2700
20.2670
18.9971
19.7808
19.9417
18.6506
18.7399
18.4358
18.3572
19.6499
19.3475
17.9213
19.2075
20.9738
21.2384
18.6136
18.5120
20.5451
19.8368
18.6042
19.8057
20.6072
17.7906
18.9233
18.1496
18.1578
19.7298
18.3972
19.3358
17.7529
20.3303
18.7326
18.4873
18.6491
20.4959
18.9676
18.9195
19.4965
18.4955
19.1874
19.4104
19.0610
17.5837
17.5254
21.0465
19.1943
17.9543
18.0481
18.3739
19.6405
19.5696
19.2689
18.4062
