2.6778
4.0343
7.3347
13.7462
16.4509
12.6473
10.6509
10.1998
10.9764
10.2383
9.9128
9.8791
10.2646
10.9573
8.5811
10.3211
9.9838
9.5020
9.0670
7.8912
8.8792
8.2719
7.1529
8.6386
6.8593
6.4760
8.1602
6.5989
7.1926
7.5381
6.7537
6.8365
6.0094
6.2609
6.9966
7.8703
7.3476
7.1713
6.8754
6.4049
6.4696
6.0293
6.4062
5.9142
6.7130
5.5266
5.7216
6.4253
6.5101
6.6259
6.3703
5.0975
5.7567
6.4728
5.5025
5.9048
6.7551
7.0142
5.7292
6.2848
5.7809
5.9927
5.2032
6.6794
5.3105
6.0206
5.6203
5.2357
6.3438
6.0950
5.5981
6.4544
6.0208
5.6031
6.3660
5.8725
5.4179
5.0579
5.0128
5.6892
4.7575
5.0107
5.0458
5.6582
5.0210
5.4632
5.1062
4.8615
5.3627
4.9991
5.7507
5.5966
5.4788
5.1935
4.8976
5.0900
4.4277
4.9373
4.9716
6.0643
5.9139
4.8952
5.0495
5.1847
4.1869
5.2393
5.0236
5.5781
5.0590
4.6456
5.7746
4.6500
4.7170
4.4108
5.9171
4.5276
5.4621
4.5647
5.0392
4.9520
4.7061
4.4397
5.1077
4.2529
4.9700
4.9284
4.9611
5.1006
4.9462
4.4664
5.2817
4.3618
4.8059
4.5653
5.2078
4.7823
4.4691
4.6694
5.8104
5.0903
4.1923
4.3603
4.6667
4.1461
4.1791
5.0101
4.4115
4.5587
4.7219
4.0653
4.9665
4.3528
4.4579
4.5666
4.6762
4.9936
4.9176
4.3793
4.9464
5.0216
4.5250
4.1811
5.3930
4.4311
4.5434
4.7105
4.4407
4.2100
4.3632
4.4687
4.0559
4.8607
4.4674
4.7282
4.8721
4.6473
4.9152
5.2971
4.1957
4.6510
4.2848
4.1753
5.7493
4.3399
4.4432
4.3660
4.4124
4.6492
4.0616
5.1481
4.5145
5.3205
5.1768
5.6231
4.1077
3.6875
4.5307
5.1274
4.1929
4.2654
