2.7750
4.3376
6.6308
8.8971
8.8574
5.9417
8.0032
7.5907
5.8035
4.9244
5.2609
6.0364
6.0033
5.5837
5.2530
5.5397
5.1253
3.9600
6.6377
5.7585
4.7161
4.6101
5.7287
5.0113
4.9049
6.8043
4.7239
4.5075
5.7926
5.0991
5.1425
4.9336
4.4122
5.4625
5.5400
5.5926
4.6645
5.0117
4.8326
4.1864
3.7433
3.9615
3.7264
4.7566
5.2572
5.5627
4.4168
8.3635
5.2469
6.9343
5.1674
5.8178
4.4213
4.9213
6.8784
3.5927
5.2129
7.3869
4.8418
4.4039
5.7402
2.9978
4.8206
4.1259
4.0042
7.4617
4.5867
4.8398
5.5390
4.4181
3.7192
4.7120
3.9262
5.2274
4.7130
5.4033
3.3393
4.3852
5.0153
5.7756
3.9015
5.2091
3.9110
3.0754
3.8162
5.1321
5.3390
4.1197
4.9279
4.4268
4.4583
4.5780
6.8678
5.6315
4.4617
4.9173
5.4976
5.5750
3.8417
3.7854
3.8550
4.4963
3.4332
5.2134
4.9865
4.0086
5.4024
4.6545
4.1995
4.5196
4.3848
4.5980
4.3325
3.2966
4.3372
4.0492
2.9121
4.0689
4.0019
3.4672
4.1921
5.6001
3.2541
4.4212
6.3091
4.9632
4.6481
3.5063
4.8048
5.2214
5.0006
3.5845
3.9107
3.1870
4.5990
5.3523
4.5865
3.6654
3.6254
4.7717
4.5218
4.5795
2.8204
2.9742
5.0843
5.1788
4.9737
4.9205
4.0238
6.0788
3.9908
4.0903
5.0166
3.5292
5.3040
8.0115
4.7910
5.1648
4.9849
5.5011
5.0996
2.6421
6.3065
5.1583
3.3287
5.3135
2.5705
2.8348
4.2190
5.4655
3.5710
3.3689
4.1454
4.5370
5.4123
3.9624
4.6441
5.6789
5.1063
3.8022
6.4395
3.9539
5.6099
5.4509
2.9223
3.9503
3.9745
3.5982
5.5606
4.9722
6.9944
3.2526
5.6454
3.4977
4.4225
5.0769
2.8805
4.4495
3.6765
5.5158
