1.7555
5.3732
9.2720
12.6085
11.6478
15.1601
13.9964
14.5324
10.2213
7.0263
5.6901
6.0335
6.7047
5.6516
5.6924
5.5168
5.9685
5.8820
4.9038
5.6372
5.5361
4.7551
4.9663
5.4639
4.3226
4.8038
5.2627
5.9417
5.8104
4.7167
5.0010
5.3314
5.4967
5.4339
4.5543
5.2535
4.1764
4.5969
5.0267
5.0382
4.9337
5.1245
4.8683
4.5030
4.7932
3.9371
5.7353
5.1861
4.6919
4.8095
4.9049
4.1584
4.1963
4.8334
4.9952
4.6551
4.6148
4.6324
4.6164
4.4597
4.5962
4.4351
4.5760
5.0211
4.3165
4.8485
5.0282
4.6733
5.2948
4.6756
5.7410
4.8303
4.2509
4.8826
4.2716
4.9226
4.4036
4.5424
4.9627
4.2663
4.8108
5.1926
4.4786
5.1462
4.4606
4.5791
4.6674
4.2978
4.4597
3.9928
4.4653
4.5020
4.8194
4.0439
3.9123
3.7555
4.4027
4.4860
4.5266
4.2129
4.9794
4.4797
4.0757
4.5691
4.6172
4.1337
5.0933
4.3732
4.5791
4.8395
4.1131
4.1780
4.7618
3.9602
4.0474
5.1224
4.2111
4.3530
3.8413
5.3440
4.5105
3.8424
4.6739
4.3828
4.2793
4.2157
4.2048
4.2015
4.3491
3.9889
4.2932
4.2980
4.0752
4.4057
4.3035
4.5078
4.8784
4.0942
4.0160
5.1492
3.9438
4.3997
4.6764
4.4679
4.7943
3.9782
4.6715
4.1850
4.0237
3.9909
4.6562
4.3449
4.1275
4.3115
4.2872
4.8746
4.5834
4.0246
4.6700
4.8218
4.2017
3.8522
4.0155
4.0342
5.1696
3.7667
4.1678
4.1769
4.7840
4.5997
4.0295
4.5549
3.7672
4.0670
3.7105
4.1689
4.0581
4.5433
4.2539
4.1096
3.6742
4.1287
4.3550
4.5201
4.1538
4.6884
4.0492
5.3217
5.0213
4.2049
4.4594
3.6541
4.8763
4.4871
4.0766
4.0033
5.0669
4.7872
4.6696
4.4713
