5.0602
8.4030
11.6805
14.4422
16.0576
18.8120
21.0366
22.0298
23.4940
24.8791
24.3265
24.6676
23.5529
29.5174
28.8571
28.7383
31.1925
27.3601
26.2333
29.9839
29.3883
30.5929
28.4537
26.7091
31.3294
28.0184
30.4164
37.3170
38.1063
33.9685
31.7025
27.5140
29.8756
28.7212
37.9303
33.6858
30.5477
34.4982
34.6125
33.5430
32.7953
28.2706
33.6212
38.1082
31.4604
31.6968
27.2639
36.3321
38.7234
35.4759
38.7319
38.7726
33.2362
34.7731
31.3196
36.6084
33.6260
34.8842
33.7674
34.8668
37.3816
35.2544
36.5294
41.9097
33.6012
32.0556
38.7115
38.0186
30.1129
29.0828
37.6692
33.3084
36.4523
32.9466
37.1547
43.0934
35.0967
32.2147
35.7390
36.2270
30.4059
34.4378
38.2363
31.2431
34.6811
31.0218
34.1856
31.6383
39.3963
35.2452
35.0795
35.7956
33.2564
34.6199
33.8800
36.0598
39.5187
33.3982
35.7754
32.9366
32.9039
35.5977
34.2445
33.7414
28.4222
31.7693
34.9210
31.0546
33.0859
35.2661
35.6390
35.1537
32.7760
35.0033
33.1503
33.6884
34.5400
35.6070
30.9670
36.0814
33.3133
36.6343
36.9877
35.6692
34.1955
34.5483
39.0172
33.0572
39.3978
36.9174
35.5320
36.2122
41.9779
33.6920
34.9754
35.3677
36.7363
32.7795
38.9481
36.9049
37.0481
37.0521
37.4109
39.0515
44.7068
44.4819
33.9294
37.2762
35.1489
39.3566
41.8538
38.3632
38.5349
41.5632
41.3124
38.6785
34.8621
38.9458
41.2221
39.4497
43.8303
41.8712
39.6631
38.3754
43.0557
39.7917
40.9050
39.6010
42.0074
44.8368
42.6894
45.9282
40.9556
48.1542
36.7402
43.6726
43.0118
42.7157
40.8020
48.3668
44.7876
46.4362
43.2189
39.3984
42.7112
42.6281
41.1325
46.1652
45.0055
38.3426
49.4369
39.9437
47.9068
44.1641
42.3755
49.6406
42.3882
42.1788
38.5820
47.9608
