18.1101
20.8061
18.2937
19.8405
20.2874
20.0280
18.7667
17.5811
17.1019
17.2454
15.8042
16.6131
17.5041
16.8439
15.7528
15.5381
14.7604
14.8953
15.5964
14.2694
14.2216
14.6063
14.5262
14.9720
13.4229
13.6224
13.6171
13.4406
12.8807
15.9876
14.7971
15.8883
12.0617
15.9887
16.2118
12.3324
13.6649
13.3339
10.8971
16.2527
13.0464
16.3204
13.1030
12.5950
12.4740
13.4589
12.8347
11.4457
9.6435
12.1783
14.2358
13.3512
14.5430
12.7923
13.6909
9.6122
14.5826
11.5323
14.6721
14.3106
12.4839
12.4241
14.5852
12.3269
12.5268
11.8367
14.0307
11.0389
12.0983
11.3013
12.5764
13.0502
12.6584
12.6514
14.2511
14.2530
12.2036
12.6215
14.0204
10.4937
11.7023
12.7174
11.7472
12.5019
11.1401
14.4771
13.6862
12.4262
12.0296
12.7853
14.6457
13.1340
14.6649
13.4289
12.1567
12.5893
11.8898
11.0134
11.8087
10.3808
12.1160
11.0771
10.3484
14.1510
13.9119
12.9699
12.3473
11.9599
12.7401
9.9175
11.9176
12.3687
13.0717
13.3410
9.4577
11.7990
13.3742
11.8922
9.6078
13.3954
10.4933
8.1638
11.0301
11.8687
12.5852
9.6600
9.6628
13.5945
8.0236
10.1708
12.1801
13.8274
10.7500
9.8508
11.0221
14.3195
11.6699
10.8524
11.9416
13.6131
12.6677
13.4436
11.8840
11.5727
11.6775
9.9113
12.2477
12.4874
11.8140
10.8479
12.9237
11.6886
12.3841
12.1109
10.7415
11.4023
14.1799
11.6389
13.3565
11.9408
12.8245
12.3217
7.4658
14.5716
11.9393
11.1480
12.5020
10.8373
11.7852
13.6638
14.2604
13.2134
11.1350
11.1017
10.8181
10.7654
8.9157
9.3789
11.2472
11.6667
13.4480
12.1460
10.3487
11.9847
9.8540
10.0882
10.6475
11.0117
10.5609
11.9715
13.3395
11.4732
11.4515
14.1390
10.0937
11.8196
11.1111
10.4822
12.6948
12.5853
