15.8287
8.7835
6.7155
6.6419
8.2056
6.7542
7.7941
5.6900
6.7277
6.7268
6.4208
6.0922
7.6552
5.9055
6.8683
7.1192
9.9514
7.8146
6.9281
7.6409
7.2360
6.6725
6.9490
6.4518
6.1890
6.9549
5.6170
7.9796
5.9837
5.6256
6.4945
7.5650
8.2298
7.6450
9.3166
6.4614
6.3122
7.5962
5.5293
7.5002
6.2723
7.1913
8.1986
7.9262
6.8512
6.9171
6.3194
8.0145
5.3496
6.2506
7.1582
6.3439
6.3421
5.4320
7.1283
6.7570
6.8545
6.4265
7.1807
6.7948
5.9981
7.5749
4.6494
5.6882
8.7096
7.2882
5.8139
5.4108
6.0798
7.5918
7.7763
6.4538
7.5080
5.4035
7.7482
7.1417
6.2478
6.5474
7.9744
6.6778
6.6686
6.4308
6.7455
6.7005
6.5341
6.2884
6.9950
5.7559
6.2516
5.9308
5.7924
7.2046
6.5748
5.5601
6.7768
7.2481
6.8898
5.8321
6.7326
6.3011
7.5057
7.2567
7.3450
7.0230
7.3475
6.0956
8.2762
6.2752
6.9273
7.3372
6.5511
5.2084
6.4053
5.9919
7.3646
5.7211
8.6900
6.2265
6.0595
6.4652
7.4289
7.4747
5.6710
7.5681
6.0864
6.2258
5.7865
6.5373
5.6580
6.6142
5.8026
8.4542
6.4032
5.3911
6.3211
5.7801
6.7446
6.2392
5.4947
6.0268
8.1723
5.4228
6.1843
6.0957
6.0529
6.9503
6.5943
6.4291
5.2695
6.5228
6.1586
5.3456
7.1609
8.6522
6.9611
5.3173
6.3520
6.2766
7.1418
6.7551
7.4057
6.3921
7.0723
7.1676
5.8941
7.6958
6.7364
5.8162
7.3300
5.8900
8.1567
7.1026
5.5061
6.9096
7.7183
7.5765
6.6559
7.0033
6.2799
6.8387
5.7042
8.0711
5.9336
6.9765
6.3927
7.8073
6.6194
7.0894
6.2771
5.7584
7.6093
6.5922
7.1658
6.9670
7.6504
5.2499
5.6844
7.4308
7.9596
6.8180
