3.5222
3.6149
4.1851
5.0908
6.4357
5.7801
5.4584
5.6401
5.4337
4.8945
6.2348
4.2973
3.8641
4.5397
5.2707
3.7970
5.3371
6.3257
4.1491
5.0194
4.4996
4.4087
5.0713
4.9062
4.3396
3.8425
5.0879
5.0301
3.6785
4.1989
3.5806
3.8427
4.0004
4.1578
3.0485
3.4353
4.6506
4.6555
4.1160
5.0484
4.0537
3.4016
3.8160
3.6032
3.7052
3.3507
4.4362
4.1583
4.0721
3.6169
3.5637
3.4097
3.7690
2.9313
3.7747
4.6657
3.8920
4.2749
4.0674
3.8008
2.8600
3.6538
3.3837
4.0719
3.1758
4.1890
3.4175
3.0118
3.7338
3.3521
4.2682
3.4892
2.9269
4.0626
4.3768
4.8847
3.4766
3.3383
4.0130
4.3594
3.8924
3.4663
3.9618
2.9523
2.9016
3.8230
3.5477
2.7241
3.0643
3.7534
3.2103
3.6058
3.7187
3.1306
3.5789
3.6600
3.4780
3.7074
3.5204
2.5294
3.5219
2.4114
3.0623
3.0857
3.1937
3.9305
3.4877
3.2753
4.1021
3.3483
2.8416
2.6014
3.1579
3.9035
3.2531
2.7964
3.0842
2.8743
4.0343
2.6611
2.7302
3.7376
4.6861
3.4601
3.1749
3.3232
2.9854
3.2746
2.1622
3.1765
4.8653
3.7753
4.0308
3.6353
3.4793
3.4219
3.9478
2.9409
3.1328
3.1071
3.5732
2.7609
4.0295
3.1686
3.3437
2.9115
2.8496
2.8749
2.3168
4.0298
2.4825
3.8711
2.6036
2.4376
3.4552
2.3387
2.5325
2.9798
2.5975
3.1258
3.7997
4.0288
3.3140
3.1299
2.7646
3.9614
3.2099
2.3884
2.7176
2.5969
4.0527
3.9593
2.9130
3.8029
2.2470
3.5923
3.4835
3.0459
2.4903
3.6190
2.7561
3.7697
2.8405
3.0788
2.5393
3.8564
3.4463
3.6390
3.7013
3.3337
2.6291
4.1666
2.7274
3.9845
3.3165
2.5762
2.4102
4.8502
3.8480
2.7214
