17.4162
9.6050
6.9327
5.1902
7.9354
6.7780
7.6046
7.6138
6.5032
7.5799
7.8206
7.2430
6.1941
6.4830
6.9998
7.1400
7.5426
5.3449
6.8153
6.8787
5.4251
5.5146
5.9640
5.6812
6.6675
6.3205
5.9827
5.3010
6.2026
4.8627
5.7739
7.0975
5.7369
5.5717
4.6125
5.7329
6.4573
5.9594
6.7266
6.2947
6.1616
7.1461
4.8674
4.8713
5.5802
6.2682
6.3600
5.4571
5.0401
5.4518
5.2373
4.6712
5.5801
5.6212
5.9013
6.0812
5.6218
7.4218
6.8548
6.3244
4.6650
5.4421
4.4740
6.6867
5.5798
5.2276
6.9084
6.0457
6.7115
6.2939
7.3268
5.9486
6.3647
6.6985
4.8847
5.2939
5.7467
5.6427
5.4848
4.5494
6.9279
6.7932
6.3170
7.3479
5.1838
4.5912
5.4909
5.5741
5.6298
6.4845
5.8812
5.4414
4.5696
4.7798
4.5496
4.8403
4.6436
5.2957
6.1715
4.6930
4.8175
4.5679
5.0926
5.2096
4.4031
5.8327
5.2704
5.9435
5.7314
5.5207
5.3112
4.6167
6.2044
3.8959
4.8162
6.5134
5.9263
4.3904
6.4724
5.2490
4.9548
5.7475
7.5224
4.5561
5.1784
3.1832
5.8906
4.9448
5.3546
4.8608
6.9761
5.1238
4.8778
5.2182
4.9084
5.6303
5.4840
5.3136
4.6933
5.3383
6.0192
6.3875
4.9228
5.9568
5.8161
5.0454
5.1862
4.8141
4.3164
5.6821
5.2223
5.0372
4.9657
6.2366
3.8792
6.2773
4.9670
5.2305
6.2816
4.6898
4.3729
5.0307
5.3249
5.2307
5.3948
5.9681
5.7397
6.0243
4.8808
5.1741
5.7536
6.6749
6.2205
4.2137
6.8357
7.2438
4.8375
5.9366
6.9138
5.4544
5.4404
5.3686
5.1189
5.7773
7.1660
5.5552
4.0766
4.4002
5.1813
5.8420
5.6797
6.8502
5.6102
7.2194
5.0545
5.3089
5.9770
4.8753
6.2473
5.2092
