2.5853
5.1739
7.1682
6.8531
6.6723
7.8388
6.9975
5.8805
7.9352
9.3193
6.4772
8.2718
9.2436
6.2105
6.7411
6.8996
7.2794
6.1320
8.4799
7.6596
5.9716
7.6075
5.9482
8.8251
6.5021
8.3020
7.0442
7.4101
5.8086
7.9005
7.7606
6.5392
9.8433
7.2457
6.5258
8.1691
7.8386
5.2853
7.4147
6.4658
6.1708
6.9776
7.4067
6.0670
9.9102
7.7386
7.6053
7.6049
7.1112
6.2735
6.3622
6.5919
5.5525
6.0272
7.2143
6.3520
6.2135
7.7249
6.5398
5.5318
6.9111
5.1391
6.7716
6.2856
6.1143
5.7139
5.8308
6.7655
4.6077
6.4726
6.0102
5.7932
6.6215
6.8368
6.4287
5.9579
8.5146
4.6568
7.2076
4.8594
5.6599
6.8737
7.4242
6.1593
4.6451
6.0862
5.7015
6.2382
4.1717
6.7463
5.8404
4.4957
4.6944
5.5989
6.0319
4.4828
6.8064
5.6464
6.4181
6.3634
6.3794
6.5109
5.2878
6.3336
4.8593
5.2821
5.4261
6.4165
6.3265
6.9096
5.4743
7.3361
6.1897
6.9713
5.9831
5.8216
4.4143
5.9840
6.0908
7.0157
5.0249
6.4668
5.7081
6.3230
5.3060
6.1945
5.9940
5.6570
7.2720
5.0158
4.9587
7.0606
5.8083
5.6487
6.7592
5.2946
6.7703
6.1831
5.2294
6.8356
5.4945
5.7208
5.8335
5.0873
6.2933
5.6190
6.1673
5.3095
5.1534
4.3275
4.1236
4.9201
5.7856
5.3679
5.3066
4.2352
6.0353
7.2248
5.1111
6.8917
6.0822
4.9934
4.7683
6.2321
6.1263
6.3462
6.6024
6.2556
5.5781
5.4600
6.1322
5.1685
4.7315
4.5401
6.3869
7.2455
6.5247
4.5831
5.0159
6.3608
6.0213
5.4322
5.9911
4.2992
5.3231
5.0151
4.9670
5.0254
5.6421
6.1769
6.0495
6.5848
5.3389
5.6537
5.5083
5.1114
5.3069
4.7156
5.6650
7.2490
