2.0898
4.1695
6.0971
8.8317
8.1541
6.1059
6.3085
7.5180
3.5535
4.1766
5.3698
3.3204
4.6646
5.7275
5.0638
3.5460
4.7234
3.8711
4.1683
4.4622
3.8273
4.2272
4.3215
5.8824
4.6905
3.7430
4.8131
2.3746
4.8714
4.5951
3.4333
2.0235
1.5253
4.3103
3.1550
3.6924
2.8432
2.2468
4.0306
4.3657
2.0245
4.8461
5.6836
2.0479
2.7554
3.1502
1.8710
2.3805
3.7583
4.5663
4.3698
4.1588
3.0004
4.1848
5.4963
4.0970
3.4747
4.4304
2.3599
4.1180
3.1641
2.3517
2.6871
5.7671
3.1184
4.2744
5.2548
2.9841
4.6342
3.6877
2.1633
2.5255
2.1268
2.6033
4.1738
2.7338
2.9161
3.4458
4.6356
3.4146
2.1248
3.4169
4.8790
1.9076
2.2724
4.3516
3.2744
3.6440
3.2523
2.6071
2.4748
3.0204
5.0857
3.3312
2.5197
3.7084
2.9929
1.9418
3.1319
3.9470
2.8180
3.3351
2.8851
3.7659
3.0935
3.8158
4.4259
2.5909
3.7084
4.5143
3.5810
2.9320
2.6084
2.3167
1.7123
5.5700
3.0882
3.6943
4.5869
3.1240
4.5479
4.8278
2.8242
2.5265
2.9563
3.4085
1.8764
2.0994
2.4250
3.7438
3.1680
1.9607
4.3456
4.1191
3.0064
3.3955
3.4599
2.9434
2.2561
3.4951
2.8675
3.3166
2.4523
4.5038
1.7976
4.5145
2.6340
2.6977
2.8069
3.0332
3.3234
2.7337
2.7213
3.3290
3.8999
5.1787
3.2244
2.8914
1.4708
3.0728
2.7586
2.9830
1.8373
3.1639
3.3487
2.2263
4.7033
3.0504
2.3323
2.6831
3.0509
1.8574
3.1491
2.9815
2.0783
3.1517
2.7170
2.1841
2.9613
2.0106
1.7824
1.8786
3.6823
4.4314
3.4659
2.3461
1.8804
1.8077
2.7037
3.7824
2.6331
3.1335
2.8711
3.0095
2.2007
2.6275
1.8983
3.4609
1.6127
4.1968
