2.8622
5.7530
8.3231
8.2917
7.2591
6.2903
6.9619
6.4393
6.3797
6.2685
6.5208
5.4791
5.0681
6.2709
7.1041
8.1683
7.3211
5.7428
7.0410
6.5078
7.7898
7.2606
7.4868
6.6321
7.6902
7.1470
6.9039
6.9350
7.2090
7.3630
6.4648
7.3750
8.4384
6.9701
7.0192
7.7697
8.4262
7.1279
7.2501
8.0860
7.8690
6.2942
6.3353
6.8703
6.1350
6.3586
7.2203
6.5716
8.0031
7.2556
6.9281
7.2982
6.7412
8.6004
7.5572
7.2773
7.4331
7.0770
7.5003
7.6634
6.8981
8.6827
7.1079
8.4538
7.4248
7.7734
6.3466
7.3013
6.7414
8.0602
7.5298
7.6499
6.7449
7.1653
6.8723
7.4078
6.3295
8.2019
6.2825
7.8874
8.4077
8.3849
7.6651
8.5789
6.8138
7.4577
9.1019
7.8370
5.8513
6.7818
6.5829
7.2677
9.3395
8.7953
7.3986
8.0822
7.1341
6.9694
7.1547
8.7927
5.9734
6.9819
7.2668
7.5224
8.4954
7.6646
7.6316
6.7094
8.3216
8.1717
8.4009
8.2757
6.8227
8.1045
6.6056
7.4809
8.3372
6.9020
6.3755
8.4254
8.0430
8.3574
8.4501
7.6785
7.1981
7.2546
8.1256
9.8010
8.4238
9.6646
7.2074
7.1033
9.2949
8.9005
7.9486
8.0441
7.3165
8.3834
9.8709
7.6892
10.3658
7.1252
9.0469
13.7410
12.0016
8.5276
8.8419
9.9140
7.3354
7.6654
6.5756
7.2327
8.5439
7.5866
7.7540
8.0168
6.9853
9.5738
9.4866
7.0319
8.4663
7.7850
8.2313
8.6693
10.1677
8.2886
8.5957
8.6917
6.7624
7.4364
7.6857
5.9510
9.4125
8.4590
10.3695
9.3184
8.1241
9.7085
8.8610
9.4889
7.1731
7.7461
8.8624
7.3474
6.9797
6.2650
7.2147
7.4046
8.2222
9.8074
6.9058
7.3179
9.3685
10.0660
8.9961
8.2135
8.4301
9.5917
9.0175
9.2309
