1.7406
3.9683
3.0835
2.9401
2.1390
2.2553
2.3189
2.0724
2.0022
1.8398
2.0860
1.7727
1.9448
1.9563
1.5535
1.8731
1.8417
1.6626
1.6646
1.7010
1.4409
1.6515
1.6852
1.5596
1.5459
1.5034
1.5542
1.4758
1.5747
1.5369
1.7223
1.3571
1.5749
1.4271
1.1611
1.4633
1.4790
1.4459
1.3963
1.2784
1.5170
1.2861
1.2403
1.4006
1.5324
1.7171
1.2271
1.4975
1.2053
1.2381
1.4472
1.3970
1.2201
1.3357
1.2178
1.2900
1.1786
1.3831
1.2477
1.3193
1.3436
1.3124
1.2743
1.3092
1.3014
1.2934
1.3204
1.2948
1.3142
1.4187
1.2368
1.3070
1.3408
1.0736
1.3145
1.2501
1.1822
1.3547
1.3333
1.1434
1.4080
1.2915
1.4779
1.4647
1.1331
1.0755
1.2312
1.2950
1.3873
1.1812
1.2387
1.2871
1.2491
1.2970
1.1230
1.2271
1.1342
1.2985
1.2571
1.2743
1.1695
1.2375
1.2317
1.2744
1.0269
1.2463
1.4139
1.0864
1.3101
1.0890
1.3029
1.3152
1.3703
1.2462
1.1189
1.3269
1.1797
1.1522
1.1581
1.1992
1.4159
1.1076
1.3640
1.3537
1.3249
1.1476
1.1280
1.0888
1.1012
1.0801
1.0981
1.0236
1.1462
1.2091
1.1127
1.1719
1.1461
1.1394
1.2192
1.1036
1.0369
1.2749
1.1336
1.2482
1.1862
0.9916
1.1841
1.2180
1.1009
1.4038
1.0908
1.0916
0.9220
1.0187
1.0594
1.0789
1.0141
1.3912
0.8318
1.4366
1.3481
1.0680
0.9584
1.1488
1.1020
1.2690
1.1309
1.0886
1.3044
1.0781
1.0574
1.1458
1.2604
1.2120
0.8942
1.3050
1.1657
1.2062
1.1525
1.2181
1.0708
1.0731
1.1548
1.0559
1.1076
1.1040
1.0908
1.0423
1.1100
1.1627
1.1931
0.9488
1.2139
1.0442
1.0926
1.2971
1.2398
0.9989
1.0999
1.1111
