15.3677
6.9026
5.7013
4.8955
6.2644
5.6879
4.4174
4.7117
5.0980
3.9697
4.8369
3.5767
3.6456
3.7150
3.5734
4.0945
3.8193
4.1937
3.9412
3.8954
3.3140
4.0254
3.1586
3.6328
4.0759
3.5628
3.2777
4.0360
3.9556
3.8497
3.9241
3.1539
2.9028
3.5606
3.7989
2.7748
3.9185
3.8214
3.2031
3.4726
3.3711
4.1633
4.0363
3.7012
3.3870
3.6920
4.1888
2.8956
3.1377
4.3393
3.1186
3.0437
3.6812
3.4527
4.9955
2.9318
4.1036
3.4891
3.3724
3.2905
3.2691
3.6389
4.1200
3.7028
3.9404
3.2985
3.7658
3.2108
3.4815
2.8489
3.2847
3.5000
3.4318
3.1194
2.5253
4.3502
3.0253
3.3067
3.1713
3.1270
3.4845
3.0165
3.0626
2.5705
2.7543
3.7696
4.1184
3.3321
3.6104
3.0686
3.5398
3.6362
3.0969
3.1439
3.3361
3.6527
2.2849
3.7452
3.4799
2.6746
2.6978
3.6284
3.1971
4.1162
2.9435
2.8435
3.9561
3.1738
2.7023
3.0317
3.4177
3.1989
3.2257
4.5893
3.4004
3.1167
2.7027
3.7886
3.5699
4.1525
2.7714
5.1089
3.7268
3.6696
3.9589
3.0619
2.9940
2.7784
3.0410
2.8688
3.2998
3.5896
2.8806
3.4070
3.5556
3.6866
3.9720
2.5803
2.7048
3.0979
2.9244
3.7504
2.6499
3.3960
3.4833
3.2302
2.8704
2.6901
3.2915
3.7463
3.4104
2.8013
3.4252
4.3015
2.7780
3.3983
3.5385
2.7705
3.8077
3.4151
3.4804
2.4931
3.7829
3.7514
2.6354
2.6938
2.8823
4.6775
3.4527
2.6591
2.8513
2.2999
3.6678
2.8318
3.1853
3.8542
3.5849
2.7071
2.5054
3.6135
4.0515
2.9921
4.1841
3.9529
3.3022
2.6281
2.8119
2.9651
2.5823
3.2472
2.5050
3.8578
3.1527
2.7839
2.8665
3.1298
2.8307
3.3899
3.7108
3.2667
