12.5230
7.0808
7.3000
8.4532
7.8379
8.6840
8.0063
8.6494
8.3932
10.1952
9.6458
9.4189
8.5097
6.9932
9.6099
8.3600
8.0009
10.2431
8.7275
8.2886
7.8571
10.3175
8.7683
8.4649
7.2321
7.9745
8.0379
9.2558
8.2140
8.0093
7.0267
8.6900
8.8627
9.3785
7.9937
8.4772
8.0214
9.3314
9.5692
8.3058
7.9158
8.7226
10.1365
7.6449
8.1740
7.2557
7.6392
7.6517
8.0413
8.8307
7.9495
7.9016
7.3499
7.3686
8.0530
8.4623
9.2176
7.4141
9.2729
7.5608
8.1549
9.2103
8.7377
8.7240
8.3303
8.1830
7.8988
8.7123
8.1451
7.4658
8.5014
9.6169
9.6117
7.4124
8.0188
8.6368
9.2359
8.6682
9.1265
7.2405
8.6308
7.7045
8.1782
8.4761
9.1325
8.9292
7.0289
8.7911
7.5516
7.9354
8.5368
7.8472
7.7894
7.9403
8.0232
8.9085
9.3438
7.9976
8.2986
7.1576
8.3417
8.0243
7.9521
8.0079
7.0831
8.1889
8.3991
7.9269
8.5358
8.0785
9.5705
7.7233
8.8147
8.3153
8.8575
8.5070
7.8941
9.0027
8.9956
9.9363
7.1081
9.4087
7.7499
8.8799
8.7645
8.0990
8.8816
7.9930
8.8400
7.9287
8.8255
9.2195
7.2360
7.9827
8.5574
7.6843
8.3571
9.3311
7.8055
8.6564
7.7336
7.1973
8.3181
9.5232
7.8394
8.2379
9.1005
8.6634
8.3139
9.6069
7.6953
7.5414
9.3763
8.7710
8.3008
8.7012
7.6721
7.0027
8.0069
8.9008
7.8945
8.6294
9.2429
7.7734
7.3300
8.8338
8.3006
7.8533
6.9716
8.7120
7.1307
8.7902
9.5268
7.8592
8.4967
9.4736
7.9292
8.5469
9.1814
7.5513
8.1422
8.6566
9.3093
7.6231
8.1931
7.4357
7.7901
8.1203
8.8339
8.4388
8.8709
7.5902
8.0599
8.1422
7.8315
8.9731
8.5156
7.6553
8.7767
8.5714
