3.1784
4.7972
7.2381
7.6507
8.1305
7.4993
7.2897
7.1158
7.5412
6.4416
6.1035
6.5656
4.8451
5.2826
6.3200
5.7723
4.9895
6.0483
5.6558
5.3999
4.9854
5.7437
4.1713
5.3193
6.1247
5.1057
5.3476
4.6580
5.4576
4.6563
4.2380
6.0189
4.0139
4.5822
4.8479
4.8235
4.0868
4.2075
4.6563
4.4075
4.1467
4.5724
5.2195
5.1905
4.2441
3.4958
4.9122
5.6518
3.9006
3.8312
5.0991
4.5154
4.9987
5.3689
4.2029
5.8776
4.4965
4.2822
3.8216
5.0358
4.0515
3.8159
4.8446
4.9524
4.7263
4.3087
3.8306
4.4147
4.5824
3.9542
4.5519
5.2788
4.0985
4.2647
5.2520
4.4785
2.9947
3.7640
3.9960
3.9666
3.8260
3.9038
5.3922
4.3389
5.0694
4.0936
4.8157
4.1063
4.1927
5.3819
4.4868
4.8840
3.5709
3.7851
4.8460
4.1266
4.2191
3.5699
5.7367
3.4204
5.1833
4.9241
3.5632
5.0730
4.1911
2.8144
4.4564
4.4629
4.4040
4.9700
3.3183
3.7402
3.5995
3.2463
3.7346
3.4727
4.9436
3.5676
3.3741
4.8089
4.0259
5.1364
4.2561
4.2349
3.6043
4.3823
3.7493
4.7958
4.0811
4.7294
3.6870
4.1897
3.7262
3.1997
2.9930
2.9794
3.9479
3.9171
3.8578
4.0544
3.1082
3.2842
4.5547
4.4924
4.5577
3.1686
3.2558
4.0281
4.3652
3.7228
4.3726
5.5297
4.8623
4.2284
4.1758
3.6608
6.7096
6.1548
3.6234
5.0474
3.5781
4.8528
5.3918
5.8205
4.1865
4.1375
3.1213
4.3598
4.8566
3.7747
3.7867
3.0286
4.0679
3.8930
3.5681
4.9203
3.4235
4.1922
2.9825
3.1138
3.3792
3.4530
4.5131
3.6470
4.0027
3.9648
3.5200
4.5527
5.3866
3.4755
4.1739
3.3238
3.3607
3.2072
3.8144
5.0731
2.7976
3.7544
3.8913
2.9168
