3.0714
3.6376
7.4759
11.1267
16.4038
18.9153
23.5567
25.2544
25.6846
33.3519
31.1368
30.9429
31.8223
32.6229
32.6134
37.1407
38.5772
34.1656
34.7265
35.6675
36.3328
36.4627
35.3194
36.7492
34.6625
37.8203
36.2479
38.1656
38.1034
37.8799
33.8168
33.6796
40.2287
32.7849
38.9446
40.1886
31.1023
38.8004
35.6201
35.8791
35.8408
41.2765
37.8744
39.8059
37.0089
35.9740
35.3324
38.0628
36.6030
33.1847
35.9536
36.6539
38.2335
36.5497
35.9732
32.7639
38.7160
34.8228
33.6262
33.5177
36.8707
35.0011
34.7369
33.6781
36.9687
33.1068
32.0368
33.3428
35.7029
38.4680
35.6465
35.9000
38.9522
34.3389
33.9436
31.7877
36.2602
36.0864
36.4801
34.7772
31.4420
33.5533
35.8006
33.9387
34.8559
33.2352
34.4176
34.3399
30.8269
38.3803
33.7790
37.5394
32.1054
33.0646
34.3268
30.7622
35.0820
35.4764
32.7248
35.2552
36.2063
38.0222
31.9996
33.1819
32.8353
29.5616
33.0227
30.7892
34.6029
29.7175
32.6776
33.1736
33.2753
30.6906
31.9535
34.1440
30.8489
29.1503
31.5580
33.0250
30.5528
34.5886
30.2826
30.7054
34.3727
34.3623
34.4658
31.1376
36.3142
34.2784
30.6383
31.1813
32.3325
29.9401
33.3084
32.3184
31.8486
30.2436
33.4145
28.6874
37.8733
31.7565
32.5080
31.9696
32.6182
32.3040
35.7026
31.7989
32.8445
32.2031
31.6233
32.9101
34.3641
35.2873
33.2854
31.4803
32.8429
34.9260
31.4187
30.4773
34.6532
30.1873
32.4389
30.8105
33.3687
35.6411
34.7297
27.7354
32.7239
30.4655
31.0670
31.0185
32.0815
31.9146
32.6882
31.5718
30.4900
29.4454
30.0736
34.1247
30.5450
29.8966
30.5532
31.7181
31.2488
34.2931
31.2068
34.0372
32.7807
31.7318
31.9306
33.8719
32.5262
32.2560
37.3185
33.4226
29.7119
33.6542
33.1998
29.1843
