14.8627
9.3682
8.4504
8.9833
8.0565
9.0961
9.4300
8.2044
9.8051
8.2632
8.4650
8.0315
8.4704
8.4095
7.8401
9.2215
7.9312
8.7502
8.8795
7.2408
9.7691
8.6697
9.6188
8.8730
7.5061
7.8953
8.4849
8.0622
8.4416
9.3825
9.3134
7.7466
8.4508
8.3710
8.0444
8.0415
8.5067
8.3952
8.2121
7.9393
8.8672
8.4941
7.6344
7.7962
7.7664
8.7826
8.1648
7.9891
9.2485
8.1310
8.0556
8.5607
7.9597
7.9833
9.0047
8.8938
8.2415
8.2872
9.1585
7.6445
8.3849
7.5916
9.0681
8.3367
7.4056
8.7616
7.2060
7.8978
9.2767
8.1486
8.1200
8.4693
8.3138
9.1056
8.5721
9.6816
7.1520
7.7592
7.6117
6.7603
9.0051
9.1904
8.8848
7.3520
8.3181
8.0945
12.1374
8.2873
8.1987
8.1268
8.2039
8.6493
7.8796
7.7786
8.5933
7.9084
7.3506
8.1942
7.7305
8.8983
7.7506
7.3017
7.8993
8.3398
8.8009
8.1060
8.4649
7.9317
8.7419
9.3043
8.6839
8.3922
7.2819
8.0012
6.9668
7.3113
9.7326
8.8603
8.9845
6.5346
8.3131
7.9994
8.4204
7.6629
8.2665
7.4384
7.3586
8.2596
7.8688
9.9680
7.6198
7.6205
7.7114
7.5450
7.9404
8.6018
9.1013
8.6465
8.0492
8.8675
8.5261
7.9844
8.5575
8.0077
8.1608
6.4163
8.6450
8.2565
7.3528
8.7827
8.9814
7.0807
7.8417
8.3495
8.4316
9.3365
8.0435
7.5727
8.7915
7.9240
8.9390
8.9913
9.2571
7.3415
7.5408
8.5388
8.5133
9.5256
9.3079
7.8571
8.7566
8.9407
7.8759
7.8145
8.2446
7.6228
9.0853
9.3016
7.8116
8.5317
7.9089
8.2259
9.4883
8.5009
9.4295
7.8852
9.5319
8.3340
9.1656
9.0988
8.8128
9.1970
8.2219
8.6568
7.2065
8.1440
7.8894
7.9318
7.5228
7.5155
