3.1367
4.3741
8.8837
10.9705
13.3685
11.5341
12.0363
12.3635
12.7261
12.4604
11.5845
13.2192
11.9894
12.0111
11.9132
11.2135
12.1941
12.3390
11.9707
11.8532
11.7093
10.8735
10.0614
12.3310
13.8800
13.1516
11.6809
12.6540
12.8882
11.1551
12.2463
12.3048
12.6474
12.1989
12.4286
11.9817
11.5590
10.9822
12.5387
11.4893
12.3975
12.2229
11.2579
10.1692
12.2699
12.2561
11.7621
11.6721
12.9532
11.9623
11.7961
11.4561
10.3940
12.3033
11.3692
11.6045
11.4711
10.9345
11.0456
11.9321
12.9332
12.2160
11.1422
11.8897
11.6641
11.3496
9.9573
11.0876
11.3950
11.7520
11.0016
10.6587
11.4772
11.4491
11.9985
10.9087
10.0873
10.5948
11.6249
10.3996
11.6218
10.9184
11.4004
10.8255
10.3857
9.7281
11.5328
12.3579
12.6260
9.4621
12.1901
11.5163
11.2321
9.7123
9.9625
10.0903
10.0758
11.0444
9.2203
9.5726
10.2256
10.3192
10.0412
11.1906
10.7746
10.5842
8.9133
9.6014
11.0465
10.4051
10.1606
11.8317
11.0220
9.9871
10.1547
9.9875
11.3727
11.7192
10.1735
10.6114
10.7050
9.3953
10.8436
9.3969
10.0281
10.5535
11.2180
10.6412
9.8912
10.3479
9.4928
10.6744
8.8350
12.1444
10.8505
9.6633
11.5232
11.4700
11.7967
9.6328
9.7546
11.6609
10.5506
10.9926
10.5842
8.0470
11.2200
12.2820
8.7622
9.2353
9.5800
10.6697
10.2123
9.7020
12.1404
10.1034
9.6842
10.8383
9.8747
10.9814
9.7557
10.2422
10.0749
10.8711
9.8933
9.6759
9.1677
11.0973
9.8679
10.3600
10.4229
9.6007
9.5458
9.1029
9.7929
10.2171
10.2965
9.4471
10.9566
9.1973
10.2789
8.7016
9.7999
8.9702
9.6843
9.7765
11.8741
10.2093
8.0311
11.6043
9.6271
9.4422
8.5367
10.4735
10.9270
10.1672
10.8837
10.3968
9.5558
9.0842
