2.1220
3.0256
5.3157
6.5039
7.8213
9.6672
8.0977
8.8587
8.7464
11.1624
8.9628
10.5918
10.6934
8.5105
11.3893
9.8974
9.2146
9.8196
10.0340
9.8590
9.2495
11.3668
7.9758
10.0725
9.9109
11.5296
9.8769
11.1003
10.6315
10.5007
10.1764
10.4207
10.3697
10.1705
11.3477
10.5591
10.2463
10.1340
10.7471
10.2397
11.1314
10.9166
11.9832
8.7799
9.2517
9.6149
9.7496
9.6300
9.9768
12.2950
10.0281
9.6399
14.8448
13.2296
9.3789
9.0309
10.1843
9.9153
12.3525
11.8989
11.2518
10.7984
12.2734
11.2287
10.9696
12.7956
9.8689
10.7589
13.4788
11.2092
10.4682
11.5170
13.5038
11.7762
9.5562
12.0384
10.1981
10.6617
10.6339
9.9139
13.2980
10.2663
11.1327
11.0155
7.9821
11.0094
10.5905
11.9636
10.3898
11.3711
10.6489
9.6466
12.1245
11.3934
9.9477
12.7239
11.4459
9.8107
9.7031
11.2112
12.2728
11.1054
10.9434
12.8217
10.9684
12.6898
8.9401
13.1533
9.7620
12.4691
11.9221
10.5934
10.6188
11.9631
11.0220
11.7460
12.2150
10.7853
11.5391
12.3939
11.7256
9.6609
13.0883
11.0582
11.0360
13.1323
14.8690
12.4243
10.0436
9.5349
9.3561
14.2950
10.7773
12.0974
10.5388
11.7452
13.0906
11.6310
13.5208
12.8838
11.6203
12.0547
13.2859
10.6734
11.1323
11.2199
9.7610
12.2862
11.3423
12.9261
12.9857
11.7594
11.3186
8.8171
13.2961
9.8676
12.6521
12.3865
11.4847
11.2674
12.5409
11.4986
11.4181
12.9032
12.1151
13.9263
11.0223
13.3021
11.5575
10.8564
10.8894
11.6140
10.1419
11.2738
12.7301
13.6781
12.2916
11.2271
10.4122
10.5175
12.1725
10.1965
12.6632
12.0644
13.3600
10.1536
11.6315
12.9991
11.6920
9.8098
10.3055
10.5774
10.3992
12.0813
10.9306
12.7105
12.9323
11.0098
10.3991
9.9856
