17.4065
4.3800
3.3405
2.9049
3.2756
2.3679
3.0172
2.6804
1.8867
2.3207
2.4119
1.8735
2.3683
3.0289
2.0369
2.9636
3.5115
2.7129
2.4484
2.4419
1.2527
1.0913
2.0307
3.2875
1.4356
1.8256
1.3719
2.3167
1.6956
1.6526
1.7530
1.9199
1.7636
2.0517
1.8750
2.6509
1.9669
1.4030
1.5077
1.6207
1.8660
1.9340
1.0587
1.0888
1.3860
2.2428
2.8182
1.7218
1.5330
2.1250
1.6053
1.4917
1.6305
1.1689
2.5976
2.0854
1.0776
1.4888
1.1796
1.5104
2.8144
1.5855
0.9945
1.4142
1.4178
2.1345
1.9762
2.1854
1.3002
1.5419
1.0234
2.5148
1.4857
0.8972
1.9459
1.4377
1.8163
1.3702
1.0535
1.1691
2.2145
1.4433
3.0109
2.0213
1.7275
1.7778
2.1768
2.5258
2.6095
0.7133
2.3667
1.5753
1.3255
1.5525
1.3320
0.9032
0.5902
2.2971
1.8414
0.7509
1.2512
1.5509
1.1504
1.7124
1.5608
1.2096
1.7147
1.1513
1.8346
0.9041
1.8806
1.8070
2.0363
2.0709
1.3068
2.1062
1.0412
1.1185
1.7042
2.3002
1.0277
1.3552
1.9048
1.5799
3.4581
0.8445
1.0369
2.1569
1.6342
1.1577
1.3373
1.4362
2.1039
1.4915
1.2342
0.9718
2.0604
1.0330
1.1848
1.7245
1.4259
1.8175
0.9790
1.2553
1.2544
0.8616
1.1458
2.6323
1.1108
2.0432
1.6456
1.3152
1.1304
1.0416
0.8957
1.5504
0.7293
1.2287
1.2385
2.0034
2.2972
0.9616
1.4020
1.7075
0.9150
1.4991
1.9839
1.9811
1.5536
1.2989
1.5197
1.5949
2.6551
1.3645
1.8120
1.7128
1.2963
2.2491
1.5203
2.2667
1.2230
0.8555
1.6838
1.0357
1.6367
0.8603
1.0432
1.6924
1.6488
1.1921
1.7642
0.8978
1.2615
2.5505
1.6751
1.4415
1.5012
1.2948
0.8113
1.9727
