3.7796
4.6055
7.5945
8.9138
9.5617
9.8268
10.7273
12.5492
12.1209
13.2248
13.1497
15.1546
18.4908
17.3825
17.0782
18.9894
18.6426
20.3424
20.2689
20.7105
21.8416
21.5465
22.6298
20.1564
19.5879
21.4374
24.5525
21.8671
24.0165
22.4852
23.3165
24.5788
25.2664
26.7039
24.0747
22.3328
25.0597
25.2427
25.2150
25.1879
26.5563
27.9575
25.6497
25.2676
29.1959
29.4237
28.7259
26.7205
29.2113
24.1381
25.8071
25.8836
25.6229
33.3218
29.3842
34.3429
29.0379
31.8439
31.2331
29.4780
33.1590
32.5704
31.3227
33.1183
35.9495
33.4868
35.4871
33.0978
35.2477
36.2846
30.1837
36.3464
31.6349
32.4811
32.1083
38.6208
40.1131
34.3077
41.5033
30.7733
38.1323
38.7941
32.4869
31.0197
34.0541
37.4629
35.2484
33.7197
31.2360
39.0830
34.0157
41.2889
35.3095
35.2873
44.9010
36.8290
35.6660
31.8933
32.6297
35.0220
39.8137
38.4551
42.1226
34.7149
38.7212
38.4565
35.7436
39.1762
39.4683
34.3950
39.2160
35.4722
37.2403
36.0608
31.9821
38.4295
35.9398
35.6335
36.0075
39.0873
37.1359
32.2312
36.2461
36.8237
36.7781
36.2160
35.0390
38.8537
34.7596
39.0816
36.6951
37.4629
34.8357
37.2066
36.7554
37.1914
40.8095
36.3440
37.2490
38.6115
35.2501
37.1738
41.4729
36.8115
32.4666
40.3192
36.2454
42.4060
35.4220
45.3274
37.1117
42.3309
38.8269
37.7243
40.0908
38.9604
39.2742
38.8273
35.8558
39.6686
40.0492
41.0736
40.8397
36.7503
36.4705
44.8777
38.5745
45.5827
38.7527
44.4014
36.0799
42.0140
38.1540
44.4615
40.3687
38.4517
38.2199
41.7889
45.3325
43.4944
47.1940
45.3160
44.7907
39.2402
49.9068
38.0382
41.2828
38.0701
39.5510
38.8806
41.0479
46.5729
50.1163
50.3396
46.5580
50.4131
43.5983
45.7161
39.8517
50.0832
