0.6770
6.7499
6.8833
6.9353
6.7766
6.7682
6.9412
6.6789
6.9298
6.8347
6.8324
6.8889
7.0563
6.9530
6.9026
6.9619
6.7712
6.9214
7.0110
6.9078
6.9136
6.9916
7.0855
7.0632
6.9107
7.0650
6.8551
7.2208
6.7992
7.0362
7.0988
7.1484
7.1618
6.9536
7.2103
6.8648
7.4755
7.2232
6.8271
6.9759
7.1348
6.9301
7.2109
7.2375
7.1858
6.9969
7.0137
7.2269
7.1591
6.8401
6.9872
6.9276
7.0280
7.1796
7.0969
7.0313
7.0989
7.1324
6.9447
7.2902
6.9621
7.0736
6.8024
6.9747
7.1505
6.7841
7.0632
7.1263
7.4721
7.0619
7.1410
7.1868
7.4676
7.4432
7.1171
7.0156
7.2287
6.8758
6.9990
7.1131
7.2720
6.8852
7.2891
7.0393
6.9386
6.9371
7.1706
7.5271
7.3788
7.2086
7.2635
7.3166
7.4089
7.2486
7.0803
7.2982
7.5411
7.1855
7.3367
7.0199
7.2703
7.2440
7.3163
7.3080
7.4277
7.1969
7.2716
7.1230
7.5040
7.2957
7.2920
7.1801
7.4295
7.1868
7.1661
6.9872
7.2395
7.3901
7.1995
7.4034
7.1585
7.1134
7.1997
7.1554
7.0770
7.1854
7.3080
7.1053
7.1913
7.0822
7.3076
6.7739
7.0216
7.1642
6.9116
6.9690
7.3718
7.1509
7.0792
7.2346
7.0389
7.2805
7.1713
7.1843
7.2020
7.3751
6.8896
7.1803
6.9848
7.1614
7.1584
6.9375
7.2224
7.1929
7.1846
7.2436
7.1219
7.1475
7.3702
7.1927
7.3681
7.2440
7.1772
7.0668
7.2735
7.5718
7.2250
7.2209
7.5075
6.9663
7.3087
7.4293
7.3431
7.2583
7.5511
7.4009
7.2915
7.3566
7.0985
6.9949
7.5318
7.4270
7.1416
7.1284
7.2422
7.3211
7.3846
7.5142
6.8496
7.5809
7.0289
7.4088
7.1003
7.2893
7.2662
7.3604
6.9573
7.1683
7.1934
7.3351
