2.1899
2.2333
3.9402
4.3220
5.8268
5.0075
6.0036
4.8443
4.7203
4.8774
4.3222
4.0983
5.4351
5.2470
5.3510
3.6072
4.8961
3.6277
4.5021
4.0524
5.0252
5.2158
4.5671
3.3042
4.5709
3.8635
3.8949
4.0080
4.6173
4.2474
4.4403
3.4868
3.9818
4.4507
3.6580
3.2090
3.9194
4.0598
4.0591
4.1881
3.3082
3.5257
5.1383
4.3477
4.0622
4.0795
4.3120
4.3199
3.6275
5.2650
3.5997
4.9320
3.3895
4.1987
4.1100
3.4233
3.3486
3.9344
4.6684
5.3139
4.1253
4.9649
4.3830
3.3289
3.4481
4.0497
4.5312
4.3440
4.5124
3.9024
5.0912
3.6827
4.1598
4.4348
3.1540
4.7959
5.3526
4.5943
3.6695
3.2068
3.5921
3.5200
4.0160
4.2351
3.4167
4.8413
4.3374
3.1912
3.4963
4.4282
3.8190
4.9541
3.3892
3.6166
3.5535
3.3056
3.3401
3.0203
4.6711
3.4028
4.2687
4.3987
4.3062
3.5926
3.1515
3.9941
4.4796
4.9709
4.6423
4.5805
3.5607
3.6163
3.3402
5.0767
3.6621
4.1276
3.3133
4.6590
3.8592
4.6656
3.8682
3.3232
4.0415
4.1026
4.0207
2.9105
4.2569
3.7547
3.8598
3.8538
4.8425
3.8326
4.5451
4.5468
5.3628
4.1344
4.1145
3.6749
2.9531
3.7432
4.0226
4.1109
4.4254
3.7197
3.2170
2.7874
4.3058
2.8281
3.5710
4.1369
4.8126
4.1140
4.6160
3.5973
4.9654
3.6813
4.8501
5.1281
3.7477
3.9281
5.0036
4.1662
3.5772
3.7951
4.0069
3.6414
3.7779
3.4364
3.5364
3.7175
3.7207
3.1237
4.2248
5.7451
4.0188
3.0192
3.7714
3.4376
4.0755
4.2458
4.0822
3.9941
2.4739
3.5103
5.0250
5.1714
4.4528
3.9937
4.7725
4.7047
3.2985
3.8584
4.2741
3.2982
5.0589
3.8676
3.4742
3.7743
4.2212
4.1853
