2.5724
2.8760
3.7315
4.6409
5.4119
3.5419
4.1690
3.6909
3.2693
3.6376
3.5073
3.4705
3.3207
3.1195
3.0974
3.3443
2.8069
2.8241
2.7109
3.6530
2.6181
1.9397
2.6735
2.5425
2.3177
2.7262
2.6092
2.9052
2.7334
2.4787
3.3965
2.4935
2.0450
2.3111
2.3378
1.7291
2.6891
3.0029
1.7177
2.4586
2.5412
1.9321
2.9800
3.6829
1.9423
2.4505
2.6688
2.6338
2.2560
1.9836
2.2158
2.4576
3.3682
2.0964
2.5123
3.8340
2.5552
1.7441
2.7470
2.0084
3.3168
2.8713
2.1323
1.9559
2.3840
2.6419
3.0261
1.9891
2.2528
2.1404
1.7928
2.4282
1.6250
1.9927
2.3319
2.4401
2.2674
1.7833
2.2941
1.8177
2.3503
2.6989
2.1801
1.4977
1.5142
1.6000
1.4307
2.2080
2.8383
2.1919
2.8310
2.5420
2.4724
2.0089
2.2001
1.9953
2.1838
2.1976
2.5510
2.1188
2.2227
2.5741
2.3726
2.6040
1.8210
2.2556
2.5515
2.2305
2.0513
1.7871
1.8049
2.5484
2.2700
2.4242
2.6216
2.6858
2.3652
2.4640
1.8198
2.2167
1.9567
2.0063
2.4393
2.1251
2.1563
2.3913
1.8394
1.6696
1.8925
1.8065
1.9271
1.7400
1.9544
1.9137
1.6808
2.3327
1.7390
1.6710
1.8973
2.1420
1.5256
3.0790
2.0729
2.4543
2.2502
2.1643
1.8909
2.2567
1.7767
2.2047
1.4272
1.6762
2.2957
1.9429
2.1479
2.2995
2.1942
1.8408
2.2366
2.7209
2.2028
2.0894
1.6893
1.5151
1.9539
2.0994
3.0029
2.6298
1.7386
1.6231
1.4679
2.2464
2.2234
1.9779
1.7494
1.8208
2.0453
2.1305
2.2283
2.2391
2.2963
2.6980
2.5881
2.2310
1.6123
2.0543
2.0416
1.7294
1.9288
2.4271
3.3398
1.9656
1.6658
1.7664
2.4637
1.9527
1.6720
1.3172
2.0730
2.0423
