13.4838
8.0113
5.4715
6.6438
5.7990
5.6458
5.5158
3.4806
2.7897
5.0601
4.6862
3.4376
5.6386
3.9326
4.3145
4.0350
3.9559
3.4225
3.8024
4.9148
3.0976
3.8840
3.6148
5.2535
3.6140
3.0318
3.5451
4.2130
3.4376
3.3705
3.8439
4.0257
3.0920
4.0820
4.7551
4.5917
3.9227
4.6052
3.8207
3.0520
4.0801
2.8862
2.3733
4.2220
3.2647
4.0503
2.6739
4.1771
5.4757
2.9462
2.2922
2.0475
4.9100
3.3692
3.8718
3.4904
3.2899
3.2815
3.0757
4.0791
4.3134
3.0772
3.5003
4.3368
3.2271
2.8475
2.9139
3.3497
3.7106
5.0751
4.2961
2.2974
1.8393
3.6015
3.7340
4.4722
3.8838
4.6476
2.9125
2.9509
3.1754
1.9799
3.9638
3.3722
3.3902
3.4993
3.9734
2.2806
3.4747
4.4899
4.5799
3.9400
1.4123
2.9285
4.1971
3.7804
3.0494
3.2077
2.3906
3.5234
3.9408
2.5510
3.0908
4.1504
2.8322
3.1913
3.6528
3.4612
3.4276
3.1257
3.8338
3.5821
3.5709
2.6147
3.8345
4.0728
2.7592
1.8277
3.1299
3.0377
3.5437
2.6407
2.9115
3.1174
2.3950
3.6871
3.4789
3.8003
2.7871
2.8100
4.4380
3.4552
4.2990
4.5604
2.1862
2.7015
3.4256
3.5012
2.2199
3.8635
4.9555
2.2421
3.4574
3.4935
2.7355
2.9460
3.1676
4.6610
2.7285
3.2286
3.5498
4.4232
3.9692
4.5736
2.8625
3.0250
5.2953
3.1423
3.7089
2.8063
3.5375
3.5431
3.2689
3.7878
2.0955
2.4547
4.0179
4.3848
4.3765
3.5572
3.1039
3.0968
2.9346
3.8192
2.8844
3.1017
2.7742
3.2900
3.7836
3.0202
3.4392
4.6215
2.9926
3.0941
3.9754
2.8833
2.9904
3.5723
3.7994
4.7440
3.2946
3.0271
4.1079
2.1249
2.9781
2.3133
3.0858
2.0813
4.8721
2.3012
