4.0896
6.4572
9.3643
12.9411
14.7999
15.5508
6.6959
9.4184
11.7248
9.9865
5.7558
8.1461
6.8468
7.4274
8.1371
8.9438
9.5889
9.9139
9.1678
8.3543
8.5836
8.8575
8.3033
9.0156
10.2567
10.0143
9.8886
8.6706
7.9739
6.9937
7.6438
9.0001
8.1174
8.3717
9.3064
9.5931
8.5580
7.5345
8.7260
9.2130
9.9517
8.9801
10.8097
9.0267
9.4363
9.2287
8.8044
7.7176
8.3683
9.5019
10.2496
8.0183
8.0912
7.5096
8.0271
10.1789
8.0943
8.8712
7.8222
9.0321
8.7347
8.7709
9.4622
9.7466
7.3833
8.3445
7.3873
7.9172
8.3020
7.6301
6.6612
8.8937
10.4782
10.6905
10.8745
8.6458
8.6879
8.6184
8.9716
8.7954
9.6538
9.2674
10.6986
8.7871
7.9569
8.7974
10.9652
11.4841
11.2969
10.4800
12.1958
11.3194
10.0036
9.6811
8.3057
9.8926
9.8715
9.2765
8.2878
9.1358
9.3298
10.2969
10.8970
8.8641
8.4649
8.5341
9.7511
9.5721
11.3414
12.6136
10.9477
12.1472
9.5576
9.8118
10.1121
9.8823
8.0185
8.2568
10.6013
10.7775
9.7530
11.6283
10.1439
11.2792
9.4767
10.8091
9.5214
11.5713
11.6330
8.7088
9.7628
9.6601
8.0308
8.8195
10.8871
11.0014
10.8021
9.7645
10.5348
11.5029
14.4334
13.2550
11.1396
10.6092
9.9778
12.1748
12.0318
9.0114
10.7464
8.7066
7.2057
10.5634
10.9207
10.1615
9.6136
9.8007
10.2763
14.3119
12.4611
9.9873
8.3954
8.7067
10.4245
10.3857
11.2471
10.8796
9.7329
8.5563
10.7609
11.5390
12.4360
12.5499
12.3848
10.6769
11.1719
12.9797
12.0693
13.2046
14.6264
13.3131
12.0670
10.0749
11.5395
12.9428
14.1454
14.1625
10.5441
8.6848
8.9100
8.6694
10.2832
11.5350
12.5946
12.5522
12.8601
11.9039
13.8722
13.0329
12.9869
9.9137
