5.0590
10.2870
10.6175
14.5533
10.8206
9.3097
10.0089
9.4108
9.0672
10.0639
11.3064
11.4759
11.2003
9.4782
9.9014
11.4760
11.1226
9.6213
10.4470
11.1697
11.4488
12.2466
11.2938
10.5429
11.2026
11.9499
14.0119
13.6781
12.2202
12.2427
11.9420
10.1008
10.7049
11.9206
10.0978
12.5379
12.4626
10.9135
11.3593
10.7473
13.1842
11.3987
10.0633
10.2310
10.4641
11.4799
12.3626
13.8323
11.1333
11.7651
10.7327
11.9600
11.9314
13.2771
11.8397
13.0067
13.1053
13.2540
12.7653
11.5986
11.0330
10.8673
12.7818
14.2756
12.7549
13.9478
13.2944
13.8626
12.9532
12.4385
11.3536
9.9287
12.4344
12.9578
14.1115
13.4914
12.8703
12.3186
11.6533
12.0650
12.2576
13.0824
12.9236
16.1672
13.7716
13.7756
11.8162
12.4861
11.5913
12.4761
11.4779
13.4568
12.7300
13.3664
11.5173
12.6897
13.5229
13.2048
14.1586
15.3465
12.1001
12.2978
20.3320
13.2065
13.1635
12.6463
13.4736
14.1748
16.1142
14.4372
13.2057
13.2645
14.5814
12.8992
11.8090
11.5046
10.0422
10.7154
11.9769
12.9465
17.3867
15.9921
14.0897
13.1102
13.9668
14.5109
12.6836
14.4314
14.1765
14.8401
14.3165
15.1599
15.1757
11.2142
11.5244
13.3895
15.3032
13.7579
13.8985
12.0148
12.9524
13.3535
12.7194
13.2691
12.0164
12.2056
14.4995
15.3298
16.8147
16.4024
13.6331
13.2602
12.9183
13.7654
14.0448
14.3361
13.9839
12.0917
12.8445
12.8703
12.5653
12.9153
14.6339
14.5332
14.0357
14.4032
15.8391
16.1758
17.3648
13.7634
12.9096
14.0797
17.3078
14.0264
15.2461
14.2166
12.8172
11.8252
12.8410
13.8226
12.8120
13.5740
16.2497
15.2478
15.4611
15.0542
15.1770
12.1296
17.6981
17.6207
16.1866
12.7370
12.3094
13.1151
14.9265
16.2640
13.0268
11.4833
12.2362
13.6466
