17.9864
15.9196
12.2555
14.1966
11.3486
12.3246
11.1632
11.7323
11.9084
11.1958
8.6595
9.2151
10.2053
9.6280
7.1934
9.4942
8.9742
9.3048
9.2807
8.4110
8.6530
9.6814
9.3683
9.0852
8.0035
8.1142
8.1471
8.4248
7.7620
9.6114
9.9983
8.9170
8.3396
9.5833
6.7971
9.3746
8.3350
6.4586
9.5711
8.2206
7.3801
7.6790
7.6173
9.7733
6.2553
8.4719
7.8705
9.8791
9.0234
7.1907
8.0585
9.2140
8.2520
6.7757
8.1752
7.2949
8.2713
8.2714
7.5066
8.3371
6.4355
6.3600
7.3659
9.4782
7.1494
6.1179
7.6415
7.4982
8.9516
9.1124
9.3166
7.3092
6.4127
7.7178
7.5205
6.5138
7.4229
6.6586
6.5998
7.7425
6.9220
6.8104
8.0343
7.0650
8.6387
8.2509
7.1754
8.4816
5.4960
6.1526
7.4008
7.4808
7.3365
6.8628
7.8317
6.8233
6.2840
7.6270
9.8855
6.8724
7.4872
6.9311
7.7983
8.1803
8.4480
5.8387
8.1336
6.1419
6.1191
7.4078
7.4165
6.5482
7.3622
7.5395
7.9638
7.8848
8.1367
6.1048
7.0101
7.9893
6.1100
9.2457
7.6338
9.3519
8.7453
7.3553
7.8855
7.5617
7.0373
6.5989
6.8588
7.4863
6.8068
6.3000
8.0910
7.0653
6.2868
7.5554
9.2771
6.4515
7.0045
6.8907
5.9513
8.9380
6.8766
8.3365
7.4002
8.0289
7.4140
6.7861
6.5028
5.0888
7.8642
6.0116
8.4577
6.8508
7.1961
8.3139
5.8399
8.1215
6.3890
8.3220
6.9140
7.2633
8.9017
6.5738
5.7098
6.7473
9.4113
7.4920
7.3549
6.9754
7.3138
6.5968
7.2869
7.1600
7.7871
6.9035
6.4537
7.2112
6.8044
6.7556
7.0026
7.2240
6.4426
7.6724
7.7004
6.3247
7.4251
5.9654
7.6212
6.0817
8.2033
5.8726
5.6303
5.6005
7.9464
4.9215
5.5690
6.4699
