2.0638
1.9131
2.9688
4.5969
4.4071
4.1552
4.2014
5.3527
3.9501
4.0459
4.0864
4.7290
3.4200
3.3690
2.9367
4.1142
3.9782
3.5774
2.6148
4.7448
4.0764
3.2647
3.8823
3.0651
3.2515
2.8584
3.8125
3.2600
3.1430
2.9067
3.4921
4.0416
3.2293
2.8557
3.2774
2.8887
3.7303
3.1973
3.3677
3.4504
2.7978
3.5318
2.7667
2.9216
2.7201
3.7051
3.0877
3.6585
2.8066
3.2775
2.6719
3.1729
3.0832
3.2973
3.5691
3.2849
2.6503
2.8461
3.2411
2.6178
2.9210
3.0280
2.8289
3.3729
3.2474
3.0138
3.5984
2.5232
2.8764
3.3550
2.6435
2.7803
3.4123
3.0808
3.6789
2.6208
3.3657
3.0832
2.6288
2.8663
4.1871
2.8636
3.5785
2.8601
2.8079
2.8383
3.7271
3.0930
2.7482
3.2505
2.6812
2.7007
3.0750
2.7664
2.6070
2.8712
2.8284
3.1971
3.5625
2.6168
3.0484
3.6857
2.6412
3.5092
2.7863
3.3635
2.5758
2.6545
3.0536
2.7162
3.0160
2.8133
2.3498
2.9116
2.5788
2.9800
2.7991
3.0597
2.6256
3.0640
3.1389
2.8713
2.4553
3.2291
3.1890
3.1219
2.7708
2.9924
2.7120
2.9732
2.9414
2.5470
2.2235
2.7184
2.9305
3.3964
2.7379
3.0952
2.6931
3.2659
3.0741
2.7899
2.8296
3.4290
2.9536
2.7534
2.6400
2.8659
3.1107
3.0805
2.4202
2.7755
3.2538
2.6074
3.0625
3.0583
2.5327
2.9761
2.5899
2.5060
2.5182
3.6738
3.1087
2.3593
2.5524
2.6692
2.9413
3.1604
3.1541
3.7766
2.3715
2.6066
2.8861
2.3956
2.6838
2.6780
2.5305
3.0648
2.6914
2.9693
2.8560
2.9019
2.7501
2.9757
2.4723
2.9714
3.0021
2.8428
3.2296
2.6052
2.7499
3.0283
2.5518
3.2078
2.5850
2.5759
2.2896
2.5849
3.0913
2.7869
