2.6224
2.4972
3.7871
4.4820
7.0640
6.4781
7.5281
7.3227
7.2794
10.1541
13.1206
9.7292
11.7174
11.0039
10.8622
12.3469
10.4629
18.1157
13.7665
13.8453
12.4246
11.8378
13.6671
14.2024
13.3083
15.6294
10.9624
13.3497
12.6976
17.3566
15.1799
14.7198
13.9386
13.0604
14.8053
18.4732
22.5020
15.0783
14.2400
16.1670
22.2127
17.9245
18.9737
17.3828
14.7366
14.2840
14.5879
21.3339
17.0365
15.9198
15.5285
16.0562
17.9647
16.1934
17.7107
14.9796
14.5998
17.8232
18.9755
17.5398
16.5557
17.1668
17.5826
15.7211
16.2144
16.5812
16.6614
19.5158
18.3568
17.6731
17.1941
16.7225
17.7802
21.5213
21.0562
20.2215
19.8782
19.5989
16.2711
18.6741
18.1614
18.0990
18.7589
23.4296
21.3077
18.5794
20.1107
21.8579
20.1769
19.2654
18.7861
22.1861
18.5841
22.1891
29.9086
20.5229
20.5308
18.5942
24.4550
21.6323
22.9589
20.3846
24.0762
21.0889
23.5535
23.0970
20.9143
21.2702
24.1911
23.1795
22.0913
20.1269
25.5007
24.8449
24.2094
25.9536
25.5317
20.7403
24.5763
22.2973
26.1376
22.5737
23.6549
27.5648
25.8094
22.2666
22.5606
23.0231
22.8066
21.8930
28.3552
24.9779
25.6233
24.7655
29.0295
24.9880
28.7208
30.1715
28.1470
24.3175
25.6349
26.9850
24.8846
29.9306
27.5349
27.4240
25.3459
29.4298
29.8090
31.5840
27.4083
23.8211
28.3840
26.2242
31.0747
25.3005
27.3531
26.4307
26.1565
26.8848
29.0599
30.5909
32.6073
26.1213
26.7806
25.0442
27.0016
26.4318
24.7035
28.5817
31.1947
27.7739
31.6498
33.6170
31.0172
28.1250
31.6502
29.2594
28.2280
27.6715
28.9016
28.4423
27.0606
33.4143
33.5263
26.0955
29.6970
30.8477
32.4601
28.1577
30.4179
28.6650
28.8856
32.8339
34.1867
28.9764
36.9971
30.4195
37.7991
32.3302
