10.4759
9.0448
8.7996
8.4023
8.9675
9.0432
8.4414
7.5512
8.4285
8.9447
7.9406
7.6915
8.1204
8.2514
7.5501
7.5117
9.2707
7.4825
8.9205
7.5553
7.9458
7.2210
7.3915
8.8261
7.5543
7.3518
7.9604
8.0053
7.2844
7.5981
7.5967
8.6493
8.6115
6.6972
7.3329
9.0447
8.2688
9.9001
6.4645
8.5613
7.5563
8.0712
7.7567
7.1731
8.5004
8.1238
8.3427
8.0478
8.1354
8.2563
7.8255
8.1573
7.9800
9.0386
7.7397
6.6706
7.9817
7.1023
7.6119
7.6502
8.0389
7.4596
8.3871
7.3554
6.4367
9.4030
7.6377
7.3129
7.1511
9.3747
8.7100
7.5713
6.9052
7.7056
9.0185
8.1582
7.9380
7.6384
7.6616
7.6487
7.8378
7.7623
7.9075
8.1865
7.4150
7.6864
7.5338
8.0510
8.1515
8.4063
8.2382
8.3970
9.0193
8.8375
8.9217
7.8577
7.7842
7.6834
7.3425
7.8968
7.6077
7.8778
7.8852
8.0762
8.1556
7.2268
8.6265
8.3810
8.9778
7.2751
6.5674
7.7992
6.7629
7.9129
6.1428
8.2681
6.8076
7.6279
8.9880
8.1249
7.1671
7.3238
7.7563
7.8342
7.2887
8.5638
7.6434
6.7258
7.0725
6.7963
8.3271
8.7437
7.0796
7.9210
7.2167
8.7963
6.8314
7.4609
7.9475
7.6044
8.1095
7.5623
6.3841
7.6874
8.3261
7.6439
7.8756
7.8878
6.9491
8.5779
7.2817
8.2153
9.0201
8.8537
8.1344
7.6885
7.3553
7.4178
8.0683
7.7711
8.4135
7.6812
8.7881
8.8529
8.4391
8.2413
8.4612
7.1732
7.5869
7.2662
7.8586
6.8555
8.2443
10.1322
7.3240
8.2203
7.3630
7.5900
8.3249
8.1137
7.8963
6.9483
8.5815
7.3855
8.9715
8.0714
6.9029
7.6255
7.2610
7.8593
7.4648
7.7744
7.8000
8.2362
7.2263
6.8246
6.7697
7.0492
7.6902
9.5484
