12.8672
6.9821
5.0260
4.0297
3.6889
5.0801
4.7631
4.4364
4.8126
3.0388
3.6907
4.1320
4.5216
4.3127
3.6276
4.5016
3.2901
3.0630
4.2452
5.1803
2.6714
2.5102
2.4988
4.6077
4.2008
4.0976
2.3517
3.0499
2.6682
3.0944
2.7991
3.3422
2.7143
2.3464
2.2160
3.5059
2.3014
2.3196
3.4710
3.6365
2.9360
3.2818
3.4053
3.5675
2.1696
2.7894
3.3852
2.8405
2.8526
3.5225
3.6017
3.5436
3.4877
2.7067
3.6583
2.2444
3.1154
3.0481
2.2451
2.5229
2.8488
2.3047
2.4356
3.0233
1.9885
1.9905
4.5524
2.8549
1.9808
2.9609
2.9177
2.5454
2.7936
2.0723
2.5816
3.9808
2.6836
2.5743
3.0755
2.4926
2.2688
4.1934
2.6102
2.1801
2.1426
3.5126
3.5611
3.0499
3.0181
1.9064
2.2941
3.0102
3.0657
1.7246
3.1851
3.2509
3.7063
1.9351
3.0529
2.6486
2.4424
3.6574
2.2948
2.8562
2.0277
2.4437
2.7726
1.9610
2.0486
3.0005
1.7439
2.0686
2.3111
3.6543
1.9204
1.9042
2.5148
3.7103
3.0041
3.7753
3.7776
4.4658
2.5212
2.4998
2.1626
2.2831
2.4672
1.8237
3.1123
2.1300
2.4973
3.9580
2.1432
3.0726
1.7081
2.8537
4.0927
2.0125
3.0548
2.7560
1.6765
2.3547
2.5042
2.5760
2.5839
1.8834
1.7912
2.7632
2.0857
2.1299
2.2821
1.8343
1.8987
3.5812
3.0382
3.1329
2.7331
2.3782
2.3258
2.0009
2.5378
2.8668
2.4160
4.0425
2.5217
3.5922
2.6407
3.1393
1.5961
3.1757
2.3352
2.1391
3.3939
2.0124
1.9911
1.7842
2.4172
2.3499
3.2057
2.1743
3.2921
3.2136
2.6949
2.5378
2.4278
2.4132
2.6389
2.9053
2.4657
2.7995
2.4157
2.1090
3.2754
3.5170
4.0964
3.0277
1.8550
2.2446
2.2450
4.7471
