18.9584
16.5914
12.6013
11.2096
12.0921
10.5986
9.6350
10.4884
10.8396
8.9175
11.0191
9.6429
8.8075
9.6967
9.2886
8.4823
10.0885
9.5444
9.3249
11.9287
9.1419
8.3875
8.2335
9.6311
7.9767
9.3853
9.3090
10.6164
8.0969
7.8819
9.4394
9.5526
7.7440
11.0465
8.6514
9.4357
10.7077
9.0317
9.7562
7.4269
8.5132
9.1025
8.6672
8.8237
9.4065
7.9966
8.4023
9.6155
8.6380
8.2343
9.3810
8.1708
7.6913
8.5621
9.1607
9.2751
9.3536
7.9231
8.0934
9.1527
9.1190
10.0585
7.8146
9.2718
8.5397
9.1638
8.2978
8.0407
9.1388
8.9044
7.9427
10.7296
7.5295
7.0843
8.7712
8.1062
9.7552
10.0457
8.9170
8.5257
8.4388
9.6874
8.5948
7.4977
7.8440
7.9933
8.5911
9.1905
8.2279
8.8321
8.4528
7.8270
8.1411
8.3353
7.1690
9.2445
8.7657
7.4633
9.7331
10.3422
9.5337
7.8474
7.6956
9.1194
8.3185
8.6050
9.1466
8.1449
11.2859
7.8478
9.9604
7.5668
8.3779
9.6335
9.0861
9.4444
7.6669
8.5543
10.1489
7.8631
8.7905
9.2874
7.9672
8.2294
7.5976
7.9218
6.8838
8.3157
8.5790
7.5818
8.4970
7.7704
6.8155
8.5602
8.8980
6.3348
7.0002
6.6354
10.1926
9.3512
7.9872
8.0004
9.3824
7.8182
9.0721
7.4809
8.3561
8.4788
7.7863
8.9941
8.2311
10.1550
8.3700
8.4691
7.3877
9.3010
8.5556
8.2754
7.4944
7.9031
6.8033
8.6090
8.5212
8.2794
7.3883
7.4265
8.3892
8.9717
7.8561
9.3752
7.2243
9.2645
7.5281
8.0846
8.4162
8.7961
8.9222
8.6195
7.5071
7.8751
9.2584
7.4209
8.8224
7.0640
9.0196
8.9673
7.7606
6.8744
7.2840
9.4248
7.8600
7.3936
7.9512
7.7715
8.1935
8.0917
6.5334
7.1250
6.9932
7.3006
