4.9808
5.5824
9.5268
12.9059
15.0208
17.1863
18.5600
19.5413
21.2403
23.4464
22.9452
24.7422
26.8518
27.8765
25.1199
26.1800
29.4590
27.2565
27.5342
26.0971
27.8468
28.0497
27.7036
31.1520
33.4189
31.6488
31.7912
32.2020
33.1579
30.5112
34.1905
34.2002
31.6844
32.4433
33.4725
33.0962
32.4799
33.0179
35.9175
38.8913
31.8262
33.5466
30.4321
33.1379
32.2430
35.1851
35.8113
33.5466
34.9443
34.8323
34.9113
37.9658
37.9370
34.3266
37.9456
35.9592
38.5134
34.5264
38.8214
35.8797
37.3115
37.4147
36.3422
35.0876
38.3405
33.2089
37.8232
34.9049
33.6413
37.3458
37.3227
34.5302
36.1803
33.0581
34.5142
41.6643
38.2596
35.4212
36.9871
35.7989
41.9613
35.0863
35.3401
38.9447
40.5401
37.4225
39.6231
37.8420
37.8788
39.2523
41.6717
38.4248
33.9667
33.7057
37.6154
36.3747
37.4815
33.0799
35.8186
40.3769
34.4633
32.4610
34.5608
36.0371
37.8081
37.4413
35.1487
37.2567
44.7867
34.4194
39.3423
34.7346
37.7482
36.4171
42.4236
38.2172
37.9744
40.2361
37.7449
37.2245
46.8397
30.2541
38.5567
41.9103
38.8480
40.5435
38.5085
37.7955
40.5522
36.2961
45.5049
46.0187
39.7771
44.0236
37.1414
35.5692
35.0119
43.1317
35.3459
44.0125
41.4203
36.5853
39.5185
37.3181
44.2601
47.9620
48.1094
45.1392
34.4823
43.9618
31.5600
37.1810
34.5849
33.3212
35.1610
39.6682
38.7045
36.2806
43.1288
40.7409
33.5488
28.8949
35.0398
37.6367
34.1348
33.7348
36.5290
38.0425
37.7558
39.9564
37.9499
34.8217
31.7790
40.1838
36.7204
41.8254
39.7302
40.4867
42.0562
42.2577
37.4278
39.1099
41.0529
39.3057
42.5598
47.2366
39.9063
33.7889
32.5958
36.5471
40.3588
34.7572
32.9321
40.6051
34.2359
42.1883
36.0990
37.6120
33.3463
35.0128
