14.4612
7.5244
7.1526
8.0863
6.3295
7.4912
7.5382
7.8630
6.2947
7.4921
7.3853
7.1315
6.5633
6.6265
7.4551
8.0804
6.4913
7.1138
6.9740
6.9197
7.3952
7.6787
6.8501
6.9760
8.0597
6.2431
7.2884
5.6146
7.3934
6.8593
5.5435
6.5433
7.6349
6.9361
7.0995
7.2461
6.3322
6.9298
6.9844
7.2495
7.9826
7.3439
6.9718
7.6191
7.1810
8.3770
7.9554
6.3533
6.3361
5.4056
7.3623
5.6540
6.2996
7.1290
8.2648
7.9188
5.6967
7.4285
7.9547
7.6207
7.1358
6.1516
8.2262
7.4735
10.1756
6.9246
6.3807
7.8347
6.6318
8.9675
7.7314
7.2037
5.9882
6.9551
6.3958
8.3266
6.2222
6.5059
7.4914
7.4346
7.6092
8.3211
6.1921
5.3930
7.3335
7.1279
6.4241
6.6624
6.9190
7.2903
6.6014
8.2928
7.4515
6.6333
9.0140
6.6413
7.6322
6.8212
7.3299
6.5642
7.9787
6.1743
6.3500
6.8707
6.9286
8.1036
7.0672
7.3598
8.9578
6.4971
6.8059
5.8397
7.7337
6.7914
5.5594
6.1150
6.3900
6.4892
6.5552
6.6840
6.3544
6.4480
6.8369
7.0295
6.7360
6.2237
7.2414
7.2493
6.3983
7.7191
5.9313
6.1937
7.2919
7.0789
5.0382
6.4939
6.4996
6.4361
6.9437
6.7979
7.2101
7.4702
6.2023
6.9299
6.2140
6.6197
8.0383
6.8617
6.9544
7.2154
7.1899
6.4667
7.3360
7.3774
6.0670
7.3976
5.3658
5.7465
7.8129
7.2897
6.9625
6.4816
7.4574
8.0254
7.4920
7.2023
7.3032
6.0267
7.5069
6.0772
6.4216
8.9320
7.9202
6.7272
6.6301
7.5688
7.1655
6.1194
7.3638
6.1071
6.6285
6.9667
6.5797
7.2844
6.0033
5.4165
6.0658
6.1187
6.8436
7.1650
6.6234
6.5647
5.8289
6.8558
6.3424
6.5481
7.0555
6.3542
7.4756
6.4943
