5.2862
5.5347
9.3997
12.0049
14.5738
14.9812
15.8062
17.2282
15.7561
16.9867
17.3376
18.1852
18.8495
18.0366
19.7769
18.6201
19.0771
17.4580
17.9197
18.0113
19.1984
18.1307
19.6095
19.7731
17.5444
20.1005
21.8726
19.4973
20.2696
18.0549
19.4109
20.4842
19.5459
21.1868
21.8415
18.8346
23.1742
18.2840
20.7702
19.5711
20.3848
19.4833
20.2970
22.7954
19.7819
20.3613
19.9176
20.3223
20.8066
21.3952
22.7111
22.5692
28.8553
19.7000
19.6186
20.3955
22.9764
22.4352
22.9709
25.0559
21.8418
21.0718
21.5152
20.1477
27.5921
23.8686
23.9761
22.7576
25.8961
21.2391
22.4530
21.2587
23.4435
23.7643
22.9951
21.6166
24.0041
21.5112
20.5642
22.5125
23.3060
24.0664
21.6422
24.8771
23.7026
25.6221
24.1378
24.5671
21.7774
23.0864
24.8563
25.4738
26.9637
26.8728
22.7141
21.9163
22.0799
25.4275
23.7647
21.5414
24.0905
24.6998
27.3843
24.3582
23.2395
28.2782
24.1807
24.5301
25.4218
29.9264
24.7367
29.3191
25.0473
24.6192
22.9426
23.8746
21.1354
24.6298
26.5078
22.7917
28.4516
25.7140
26.0630
22.8866
26.3860
27.3277
29.2961
26.1308
27.1273
22.6467
27.9477
25.3963
25.4611
24.5611
25.4986
26.8464
26.7116
23.6982
26.1048
25.3212
26.4797
29.7804
30.8622
25.2057
25.3233
22.2475
23.1053
31.9374
23.8624
27.7040
24.1495
29.4480
22.8717
25.9212
20.5217
24.7796
24.7433
31.2938
29.0324
31.7731
28.9799
26.0421
25.7472
27.1452
30.7485
24.0378
27.9184
22.2397
27.8052
27.9083
29.2699
29.8201
25.5377
24.6914
25.3645
25.7062
31.1414
27.6442
28.4957
25.9826
37.0470
30.8910
26.2037
28.4278
26.0294
36.4371
24.8212
26.1623
29.0539
29.2137
33.1743
30.4449
29.5238
31.3981
30.0638
31.9999
33.4108
31.4476
41.0359
27.1726
