2.5493
3.5870
4.3424
5.0616
5.7976
7.2849
7.2284
9.6308
9.9629
9.9058
10.2640
10.8274
9.0989
9.9870
10.2991
10.7586
13.7489
13.6657
12.0141
15.9526
14.6288
13.2056
12.3814
12.5427
16.0423
13.7193
16.9785
14.7160
14.1398
15.0556
17.5564
13.4518
13.8705
14.9814
15.0255
14.0767
17.1820
15.6598
16.8356
17.7572
15.3818
13.8901
13.8570
17.1260
13.8740
14.8920
14.4966
16.2815
18.0435
15.0578
16.4771
15.4594
17.3381
16.7859
14.4489
16.6770
15.9935
13.8854
14.9015
16.9349
19.1927
17.5650
14.5019
14.4899
17.2336
15.2621
15.9144
12.9940
14.7029
16.6064
14.2093
15.8795
15.6712
20.3295
18.1043
20.6716
18.2047
17.1871
18.1850
14.7089
17.4690
15.2029
17.7443
16.9867
21.4732
20.2147
17.8548
17.9331
16.6218
15.7858
18.8507
17.0140
17.3872
17.4638
21.9908
19.4282
20.2735
20.2635
17.6312
19.0927
17.5301
18.6960
19.6359
20.1794
22.0066
19.3774
21.9552
16.2279
18.2010
19.3273
19.3174
22.2765
20.2713
26.6834
17.9001
24.9338
18.5788
21.7638
18.0854
20.0714
20.8504
21.8326
22.3445
19.8760
24.8175
23.3831
21.2478
28.4223
23.6334
20.9078
23.4331
21.3609
22.2887
22.3007
19.9919
24.9148
23.6714
24.4903
28.4542
21.6004
29.4897
22.2486
25.9923
25.4189
22.9847
22.2976
22.8711
20.5860
26.1896
25.7087
22.0003
19.1941
27.0048
22.2599
24.8540
22.7140
22.5639
23.8659
22.6239
24.8556
24.9267
26.4607
25.8867
33.8073
24.6490
21.5170
24.1907
20.5874
23.5245
24.5584
26.3217
29.6869
23.1732
26.4536
29.3937
28.2892
22.0156
22.3918
28.4563
30.4950
25.1943
24.9200
30.4369
26.1827
30.4342
26.0443
36.0842
25.0361
34.8867
34.4488
26.6272
30.1383
28.1871
28.3039
35.7611
33.4406
29.8464
24.1777
23.4808
30.3230
