18.9584
13.8433
15.9729
13.3530
16.4958
13.4586
11.4218
12.8152
16.7544
15.4634
14.3995
13.2609
15.3037
15.5013
12.8198
14.2760
17.0508
16.6259
13.9526
14.9017
12.0704
14.6202
16.2208
12.6189
13.3731
14.3021
12.7512
16.7401
15.9797
13.6935
13.2972
14.2898
16.7559
15.2943
15.1906
16.2403
17.9084
17.5363
15.1695
15.5191
17.4376
16.3282
16.1412
17.1012
16.9862
14.0860
14.9820
14.4457
13.9727
13.6298
15.7960
13.9072
13.6926
15.9844
15.6241
15.1092
15.8034
11.9962
17.1190
13.1923
15.1206
15.5939
12.5246
13.5452
14.1042
15.4917
15.0431
14.7703
16.0193
18.2006
14.1385
15.1913
15.2764
11.6059
14.3704
14.9914
14.4173
14.0042
15.7130
16.9118
16.2335
15.5871
16.4751
12.3774
15.2903
13.8415
15.5896
13.1957
18.9155
14.2017
14.2750
15.3494
14.2964
16.8211
14.1027
15.6057
13.8972
12.0374
14.6457
15.6350
13.9631
13.0695
14.5549
16.9467
13.9617
15.9401
12.2342
15.0913
15.1973
13.5820
13.1788
13.9265
18.2765
12.9915
16.3152
16.4896
12.6290
15.8780
13.0748
14.3120
15.8131
15.3283
14.3680
14.2704
13.0069
16.0444
17.4539
16.1879
16.3412
15.6409
15.0149
15.7712
14.0272
12.8611
14.5953
12.6582
14.8652
13.8553
14.1570
14.2535
17.1053
12.7615
15.5811
14.6220
15.1935
15.3436
16.7286
15.2619
12.7908
16.8776
13.0114
13.8827
14.4947
14.9757
16.6616
13.5489
17.5237
13.2189
15.1559
16.2762
14.4537
16.5092
16.8660
13.1375
11.6401
17.1958
13.4271
15.7041
15.9231
14.5990
12.3474
15.8013
15.5671
17.9141
16.9556
15.2920
14.6658
17.0805
13.8968
13.1624
15.8747
15.1691
15.2089
14.8673
14.8085
16.6954
16.2905
13.2392
14.3612
13.4143
11.9429
18.2315
17.1339
14.9562
11.0023
17.0781
14.5335
16.1028
15.1841
14.6640
