3.0714
4.3886
7.4549
6.1228
6.3029
3.7813
4.4686
4.0299
5.1043
4.2378
3.7550
2.9563
2.5260
3.5256
2.7778
4.5934
2.5759
3.1107
2.5179
2.4763
2.3958
2.4348
3.6757
2.0929
3.6656
2.1232
2.9658
1.9666
1.8143
1.4507
2.0359
2.4636
1.5843
2.8010
2.8154
3.9940
2.0508
2.3861
1.7161
1.6424
2.5655
1.4274
1.6215
1.7956
1.4511
1.5404
1.3830
1.2182
1.7833
1.3632
1.9914
1.8330
1.1176
1.4435
1.6263
2.9105
1.6429
1.3316
3.3524
1.9047
2.3964
1.3466
2.0650
1.7884
2.2410
4.4497
1.1820
2.6490
2.8501
1.9297
1.6180
2.0761
1.3523
1.9139
1.1327
1.2817
1.3617
1.6402
2.3028
1.3903
2.9534
1.1848
2.2866
0.9795
1.4865
1.2027
2.7234
2.7748
2.4000
1.1683
1.6995
2.2974
1.4730
1.7874
1.2071
1.2929
2.5864
1.0973
1.7389
1.7754
1.1800
1.4402
1.8351
1.5346
1.4804
0.9905
1.3390
1.3502
1.2523
1.3859
1.0081
1.2988
1.2964
0.9599
1.0947
0.9230
2.0235
1.5246
0.9997
1.5758
2.1853
1.0682
1.7751
1.0293
1.3759
1.7572
1.2798
1.3645
2.3939
1.5705
1.0842
1.3240
1.3018
1.0216
1.0576
1.6604
1.5571
1.6556
1.2328
1.0812
1.0259
1.2633
1.1879
1.1742
1.6173
1.3209
1.0251
1.1027
1.3232
1.5743
1.6413
1.6247
1.6794
1.1306
2.2491
1.8198
1.1383
1.8546
1.6076
1.1997
1.3147
1.0925
1.5507
1.8495
1.2418
1.0949
1.1237
1.4233
0.9502
1.6245
1.1512
1.1263
0.8915
1.0631
1.2137
1.5491
2.2520
1.3769
2.2982
1.2871
1.8663
1.3022
1.1802
1.8463
1.2491
1.5487
1.2863
2.9299
1.3555
1.3230
0.9891
1.0699
1.4127
1.1159
1.1384
3.8709
1.5289
1.1933
1.0738
1.2957
