5.0590
9.0394
7.3851
10.9828
12.4662
15.2305
15.8432
16.5866
17.1269
15.8120
18.3426
17.6500
16.1229
15.7850
17.2254
15.7302
17.6713
16.8022
15.9053
16.9130
16.9829
17.1471
19.5046
16.8808
16.5710
16.5444
20.4655
17.6662
18.2488
17.0439
18.2160
17.4973
18.7613
20.1422
21.3007
18.7295
18.7331
17.9448
19.9899
18.5062
20.8948
20.1210
17.6829
17.8074
18.5230
18.1520
19.4769
21.7955
17.8056
18.4720
19.7217
20.3234
17.8701
20.8298
19.5747
21.9181
19.5236
22.3284
19.3904
20.3837
19.8010
19.9017
20.3017
21.6506
20.4375
21.6928
20.1705
22.1961
20.5270
22.4968
18.2377
22.6331
23.2423
26.4814
22.4338
21.2954
20.1008
21.7050
20.3015
21.9866
21.9793
24.0906
22.5173
21.7414
19.6398
23.8267
22.0515
26.4861
22.6114
25.3618
19.8457
23.2443
21.0971
21.7889
25.1030
23.3471
28.3125
19.6267
19.2575
23.2821
23.6064
21.6635
20.7270
24.1636
23.4761
22.1289
27.2831
22.9293
27.5692
25.1797
22.7379
25.1688
24.7953
21.9838
23.4968
25.7602
23.4998
21.0638
25.3609
22.5625
22.7267
22.3602
22.5233
22.4707
22.8074
27.9262
23.9540
23.8602
22.1934
24.2378
24.6036
24.3546
25.1411
22.7202
22.8747
25.8532
27.7017
21.1564
24.0178
25.8918
26.3222
23.7003
24.8468
28.3504
24.8821
23.6480
28.4354
25.6008
24.3506
27.5056
26.2950
25.5012
26.6034
25.3846
24.0711
27.0504
24.8991
23.5554
26.5857
29.2297
24.9196
24.5272
25.3606
29.9063
25.9816
24.2589
27.1714
24.9529
30.0609
26.8821
26.7895
26.7143
30.0360
29.6667
26.6609
28.2991
25.8566
32.3355
25.3324
28.3741
26.3854
27.6008
28.9884
31.5615
28.2820
28.8345
32.2943
35.1758
29.8411
33.7056
29.9848
35.9338
27.8860
29.4274
29.9918
35.9500
33.7343
28.7457
37.3701
32.5150
