2.2591
3.1052
3.8632
5.3095
4.7032
6.9739
6.2768
5.3575
4.5956
5.7014
5.1418
4.1166
5.8567
6.3639
5.3176
4.4549
7.3964
5.9801
5.7572
4.5927
5.3367
5.5960
5.2712
4.0644
5.0913
5.1805
4.4149
5.1659
4.6747
3.5065
5.2459
4.2365
3.4903
5.2667
4.8535
4.0428
3.5599
5.7924
3.4967
5.4307
4.9863
4.7435
4.0133
4.3662
3.2930
4.1732
4.0373
5.8564
3.7459
4.8849
4.5278
4.9738
4.8885
4.7155
7.1863
5.4067
4.4508
4.3694
4.0903
4.8735
4.4407
5.2848
4.5643
4.7729
5.4573
4.4382
4.2042
3.9739
4.4960
4.5081
4.7078
3.2086
4.8936
5.6243
5.1053
3.3688
3.5669
3.3399
4.6070
5.0850
3.4120
4.8814
3.3058
4.3685
3.7738
4.7437
5.9538
4.6486
3.8950
5.3199
4.7191
4.6042
5.0016
5.3046
4.4039
5.9765
3.6421
4.7340
4.9606
4.5114
4.8647
5.7569
5.3035
4.3071
3.8652
3.9079
6.5193
5.1102
6.3806
4.5988
6.9661
5.2476
6.8032
7.4144
5.6402
6.8452
6.8943
4.6477
5.7295
5.6300
6.6870
4.2242
6.8861
6.3274
6.3517
5.2722
7.0725
5.6493
5.2389
4.8370
4.9166
5.8768
5.7602
6.6261
5.9201
6.7680
4.7327
5.1178
6.6856
8.2800
5.3210
5.8282
7.1855
7.4638
6.3069
6.3811
6.9677
5.0478
6.0970
7.1688
5.1973
6.0044
5.5269
6.6746
5.7731
6.0490
6.7744
5.2293
7.0411
7.8865
6.5627
5.7150
7.6325
6.4947
7.2519
6.2631
5.1049
5.9331
5.7618
6.8402
6.3757
6.1577
7.7077
5.8417
7.6722
5.2766
6.1670
6.7679
7.2939
6.7559
6.4609
7.6122
6.0039
5.4894
5.2053
6.4281
5.4945
7.8408
7.2268
7.8648
5.8702
7.0775
6.3828
6.6994
7.5745
5.8457
7.1666
7.2599
6.8437
6.8494
