13.1258
8.5766
7.7266
6.5736
7.1142
6.4097
8.9111
5.4174
5.7382
5.7510
5.5073
6.1390
4.8709
6.9267
7.3006
5.8882
6.0069
5.9084
5.5458
4.9803
5.6201
3.7888
6.2587
5.0042
5.4047
4.8425
4.9135
4.7636
5.9968
6.5859
6.2607
4.8198
4.7511
6.2211
5.2418
5.0561
5.2769
4.7158
4.5025
4.7486
5.5626
4.6170
4.4714
3.9833
4.0562
6.5808
4.7087
4.9008
4.6272
4.9280
5.0912
5.8570
4.2783
4.2865
4.6915
4.6974
5.2042
3.7596
5.2766
4.6510
5.5754
5.3601
4.6552
5.4151
4.6788
6.6483
5.7383
5.3471
3.9033
5.0608
3.9139
4.7724
5.6463
4.6521
4.6027
3.6222
4.0820
4.5063
4.9116
5.2183
5.7469
4.3857
4.8074
4.1580
6.4832
6.2032
4.8517
5.7140
4.5094
4.1954
4.8337
5.4322
4.1084
4.5250
4.6348
4.2951
3.9983
5.1809
4.2975
3.7270
4.5774
5.4801
3.9655
4.6593
3.3309
3.8523
4.5864
4.5242
6.2550
4.9864
3.8284
4.9329
4.1177
4.3131
5.0976
4.9878
5.0541
5.5388
5.6610
4.9042
4.3404
3.1633
4.0273
4.3477
4.3326
5.6148
4.1514
4.5918
5.4411
4.6677
4.3950
4.9712
4.8660
5.9022
3.9900
4.1688
5.0366
4.2688
4.2456
4.3654
3.7967
4.0279
4.8282
4.6037
4.6360
4.4670
5.3519
4.4701
4.6750
4.9484
5.6925
5.4222
4.6025
4.1271
4.5082
5.2316
5.5914
4.6627
4.7731
4.4225
3.4570
5.4225
4.2094
4.0634
4.7363
4.3191
4.5924
3.8959
4.0812
3.9514
4.2657
4.0177
3.5534
5.9972
3.4172
4.5534
4.7515
5.1631
4.6409
4.4247
5.1451
5.4346
4.4739
5.0455
5.6323
4.3175
5.6430
4.9121
4.1400
4.5561
4.6444
3.3526
4.7881
5.0021
5.9358
4.2776
5.5982
4.9206
3.8253
5.9756
