3.3574
5.9025
12.2821
16.4595
22.2883
23.8748
23.9297
26.1799
29.9790
34.3152
32.6264
37.6774
35.0031
33.9704
37.4916
33.6117
38.9183
33.1340
35.3116
36.5002
38.3398
41.4923
41.3035
38.0799
37.1200
36.6796
36.2925
36.9737
37.7719
35.8346
36.2562
36.4350
39.2426
40.2802
36.8648
35.0059
38.3328
37.2848
37.6962
36.3911
38.6446
32.3965
40.2255
40.2295
38.9278
36.5846
35.9661
36.4732
31.9926
35.9321
33.7804
35.9542
38.5908
39.6284
34.0149
38.5165
38.8375
34.8539
36.5304
33.6451
38.5657
35.7497
34.9304
36.9219
38.5894
34.7206
34.1533
35.2646
39.9881
38.0422
35.0337
35.8111
38.8820
35.7982
37.0735
37.1801
40.1032
33.2887
38.5793
37.8311
38.1110
34.9753
35.5931
34.7933
34.0394
32.9599
36.4375
36.0243
37.2834
35.4338
30.4863
30.6050
36.8831
31.3599
35.3393
36.3877
36.7955
35.2179
35.3083
34.4355
38.5323
34.2398
34.6636
34.8374
37.9607
32.2641
35.3171
34.6648
31.3147
38.2111
34.5268
32.4127
36.8933
35.5160
36.4546
34.1454
32.7262
33.3094
32.6138
35.1537
35.2585
32.3217
35.2681
32.0258
32.4035
35.8300
37.6003
38.5628
36.3276
34.7710
32.4163
30.4514
35.4067
36.8376
31.2123
33.4038
31.7273
33.8606
34.2625
32.9761
34.9130
32.2428
36.8130
33.6218
31.9806
29.6061
36.1072
32.1770
32.4719
33.3678
35.9342
33.1170
29.0233
30.8985
33.9001
33.7812
33.8524
34.8267
32.9765
32.1047
34.2582
32.8932
34.7839
31.2512
32.0328
35.3463
29.8658
31.3258
37.7670
33.4058
36.2204
34.3337
33.3507
33.6937
32.6642
33.1913
31.6630
29.9789
32.1933
32.6021
36.8701
33.4364
34.1769
34.1528
31.5853
30.7662
32.5368
32.0082
35.0799
34.3384
35.1325
31.2599
32.8343
31.9100
33.0078
32.3411
32.2908
33.8294
32.4692
33.9692
