9.7750
7.5367
8.3032
6.9825
7.2608
6.4862
7.1318
5.9111
6.4935
7.9789
7.0899
7.0034
8.5241
7.8488
8.0946
6.7171
9.6838
5.5889
8.0418
6.8272
7.6886
7.3800
7.3821
6.2154
7.7102
7.5747
6.4010
7.0053
6.8351
7.1954
8.1897
6.0733
7.1206
8.0861
6.3597
5.7270
6.9896
6.7424
8.0223
6.6718
5.4437
7.0106
8.2452
6.3124
7.3777
6.0975
7.7809
5.1630
7.0582
9.0528
6.5071
7.5094
6.6306
6.4393
7.4785
6.2765
6.5703
8.5148
7.6698
9.4549
6.5040
10.2393
7.3833
6.4194
5.5374
6.6308
7.2339
8.0633
6.1447
6.5337
8.5960
7.0150
7.0377
7.1497
6.3818
6.8079
7.7545
5.4599
6.5045
7.6295
6.9969
4.7005
7.6520
6.4984
5.4449
5.2544
7.0755
5.6940
5.7033
7.7840
6.5261
8.7581
6.9051
6.7511
5.9784
6.3561
6.8459
5.2084
7.5071
6.6856
7.1885
7.1002
7.5270
7.7412
6.8116
6.3752
5.8773
7.9004
8.5859
6.8045
7.2866
5.7465
6.0243
5.5231
7.7969
6.0889
6.5253
9.3548
7.5995
7.2583
7.0553
5.0908
8.4492
7.6984
7.8632
6.4718
8.3247
6.4944
8.4410
6.9544
6.1226
8.3801
7.8532
7.3604
6.9893
6.2707
6.1294
6.5127
5.4250
6.9195
6.3108
5.4227
7.3806
8.3453
5.8696
6.1285
7.7355
6.3952
5.1491
7.6417
9.3523
8.2369
7.9108
7.9804
6.6851
5.5299
6.8301
6.6640
6.5091
8.0968
9.4309
6.5013
7.6376
7.6291
7.4397
6.3052
8.4342
6.1215
6.0435
5.3889
7.4015
6.0634
7.1135
10.1278
7.7955
5.9921
7.6061
6.5150
7.7884
7.6629
7.5823
8.0913
5.6091
6.8425
6.8506
7.2289
8.6738
5.7380
7.4766
7.2611
6.6540
6.7210
9.2108
6.5525
7.6026
6.1187
6.4708
7.1860
7.1959
6.8878
