19.0641
8.5969
8.0998
6.5270
8.9095
6.8594
6.9457
6.6912
6.0167
6.7871
6.5294
6.2089
6.7430
6.0245
5.8682
6.9994
6.0297
5.3938
6.3440
5.8122
6.7935
5.4203
5.8126
5.8002
6.3381
5.6270
5.6233
6.0725
5.9575
6.0963
5.9419
5.4523
6.2024
5.5018
5.2323
6.1386
6.5607
7.6457
6.2203
6.8727
6.6766
6.6312
5.8033
5.7139
6.2049
6.3495
5.8698
7.3251
6.0911
5.9525
5.2023
7.0457
6.5055
7.0084
6.5650
5.7790
5.9885
5.3029
5.9741
6.7153
8.3224
5.5865
6.9199
5.6936
5.5962
5.7692
4.9789
5.1883
5.0397
7.9471
6.3670
5.9023
5.2790
5.8751
5.6437
6.1544
7.4958
5.9057
5.9631
5.9767
5.9107
6.4147
6.5004
5.3486
7.1917
6.8181
6.3272
6.1838
7.1341
5.4881
5.7175
5.2684
5.2810
5.3125
6.5495
5.5403
7.1454
6.2563
4.9147
5.8425
6.3543
6.2720
5.9734
5.8720
5.1444
5.9467
5.1435
7.2103
5.0706
6.6647
5.7805
5.7281
4.8785
6.6823
6.3261
5.2630
7.3784
5.5682
5.7516
7.1496
6.8675
6.1222
5.4376
5.8272
5.4260
5.4371
5.6478
5.2749
6.4359
5.9240
6.7828
6.0644
5.8837
5.9078
5.4377
6.1109
6.3093
5.7177
5.1554
5.2749
5.6518
7.0149
5.5018
5.2494
6.2211
5.9095
4.8663
5.5984
6.1363
4.8343
5.7437
5.3128
6.8939
6.1995
5.9292
6.2134
5.4968
5.4941
5.1222
6.6373
6.7383
5.3708
6.1083
6.5531
5.6064
6.7281
5.6516
5.5908
6.0862
5.2365
5.9724
6.1198
6.3493
5.4448
6.5092
6.9854
6.5264
5.3555
5.9853
4.9459
7.7664
5.5702
5.5569
5.8008
6.6850
5.8011
5.1284
8.7649
6.5521
6.6973
5.7188
5.6010
6.1183
6.3560
5.4202
6.2634
6.6119
6.8583
6.3850
6.1613
