1.7504
19.0814
19.9748
20.7668
21.3092
20.9051
20.9784
20.6928
21.0096
20.3631
21.2377
21.1809
21.1418
20.8592
20.6808
21.1940
20.3511
20.4267
20.6865
21.0538
21.2819
20.8147
20.9829
20.7683
20.8373
20.3547
20.8481
20.7059
20.7814
20.6206
20.9532
21.6206
20.3287
21.2774
21.2628
20.7003
20.2154
20.4792
20.6826
20.8484
20.8081
21.1209
20.7311
19.7965
20.7325
20.7957
20.5757
20.3427
19.6352
20.0017
20.9960
20.0203
20.5054
19.9024
20.1717
19.3302
20.1461
20.8294
20.4877
20.0687
20.5073
19.8759
20.6847
20.5748
19.6989
19.9206
20.2496
19.7976
20.7049
20.1957
20.1903
20.3698
20.4841
19.9466
20.3212
20.5827
20.3228
20.5385
20.0572
19.6509
20.1032
20.1679
20.1752
20.2312
19.3866
20.2218
20.1050
19.7852
19.9999
19.4791
19.6487
20.1134
20.2272
20.2361
19.7025
19.9595
19.3878
19.6758
19.5187
19.9304
19.9965
20.0535
20.2088
20.2208
19.6171
20.4124
19.4119
20.1204
19.7488
20.1453
19.5757
20.4368
19.7693
19.4568
20.7748
19.3621
19.8734
19.6750
20.0805
20.2011
19.0103
19.7452
19.4664
20.6262
19.6976
19.8280
19.1248
19.7330
19.7553
19.9828
19.2604
19.1751
19.7672
19.3239
20.3012
19.7351
20.6276
18.8826
19.9590
19.8900
20.1267
19.4902
20.3614
19.4720
19.3345
19.4018
20.7839
19.2618
20.1195
19.7286
20.1435
19.5701
18.8347
19.8186
19.1906
20.2480
19.6486
20.2527
19.3353
19.3770
19.6714
19.8963
19.1371
19.5072
19.3587
18.8862
19.7195
19.3933
19.4727
19.2252
19.9499
19.2316
19.8164
19.0200
19.3322
19.3688
19.3520
19.4730
19.6303
19.6217
19.8966
19.9897
19.2875
19.5107
19.7676
18.8280
19.2178
19.1029
19.2256
19.6155
19.4013
18.9932
19.3439
19.8558
19.6304
19.2179
19.4674
19.7317
19.9637
19.7474
