17.3249
7.4175
7.6036
6.3824
6.2171
5.5634
6.3667
5.8433
5.7477
5.2896
6.2819
6.1512
5.6573
5.5838
5.5926
6.0560
5.4542
5.7075
6.5688
5.7729
5.2136
7.2356
6.5986
5.2639
5.2911
6.0835
5.9531
6.3793
5.8073
6.8697
5.7272
6.0134
5.8251
5.8043
4.7302
5.2907
5.7069
5.5297
6.0805
6.6328
6.5501
7.0904
6.2825
5.7232
6.6586
6.0875
5.6557
5.6217
5.4488
6.5517
6.5368
6.0954
6.4324
5.0272
6.0356
8.5378
6.2171
6.2927
5.1894
6.0250
6.0018
4.9659
5.6514
6.2536
5.7198
5.1552
4.8085
6.1256
5.9070
6.5866
6.4265
6.1022
6.1689
7.7488
6.6531
5.3161
6.5522
6.4351
5.3228
5.3853
5.3124
6.1951
4.7779
5.6334
5.9968
5.5331
5.9059
6.9235
5.2187
5.5728
6.2616
5.6827
5.4913
5.4042
6.3449
6.6301
5.9063
5.8162
7.2234
6.3653
5.4936
5.4405
8.2124
5.6591
6.3937
6.4890
5.6638
6.8139
6.2016
6.2235
6.6205
6.1451
4.9608
5.6851
7.5432
5.7802
6.9343
5.2653
5.6164
6.5624
6.0690
5.6726
6.0089
5.2995
5.6716
6.1508
6.7583
5.7353
6.0939
6.7392
5.5838
5.3122
5.6037
6.0517
5.8903
5.3454
5.0561
6.0412
6.7090
4.9829
6.4048
5.2346
6.0152
5.7834
5.7155
5.4002
6.1739
4.8175
5.1499
5.8921
6.4765
5.9253
6.0369
5.1403
6.4821
5.4440
5.5757
6.1731
5.6654
5.4712
6.2182
6.1157
6.9811
5.1676
5.2323
6.2312
6.5902
6.1734
6.3244
5.8005
5.3791
6.8089
5.2991
7.6676
4.8868
6.8571
6.1964
5.7477
6.1685
6.2153
6.3194
6.0389
4.9807
5.6698
6.0112
7.5593
6.0883
5.4160
5.8138
5.4585
6.5781
5.4750
5.2126
6.9355
5.1803
5.8025
6.0377
5.3998
4.8113
5.7785
