12.8672
7.1502
4.6645
3.9247
3.1393
4.6298
4.6396
4.0543
4.6422
2.5811
3.1225
3.5817
4.1065
4.0614
3.3419
4.7863
2.7011
2.5405
3.9068
4.9207
2.5460
1.5222
1.7276
4.4349
3.9080
3.7710
1.4204
2.6633
2.2449
2.8611
2.6735
2.8810
2.5049
1.6901
1.4477
3.2006
1.9323
1.8872
3.6113
3.3020
2.5657
3.4926
3.0061
3.4653
1.5796
2.2643
3.1577
2.4256
2.4165
3.0417
3.4611
3.2249
3.6948
2.4134
3.6267
1.7579
2.9268
2.8143
1.8585
2.0641
2.5855
1.6877
2.1430
2.6739
1.5135
1.4256
4.4170
2.9053
1.4918
2.7639
2.4042
2.5197
2.3708
1.4875
2.2399
3.9433
2.1956
2.2119
2.9700
2.0816
1.7998
3.8383
2.2821
1.4941
1.3658
3.2337
4.0612
2.7501
2.6795
1.4114
1.8043
2.6531
2.9507
1.4327
2.9981
3.0058
3.4611
1.5627
2.8274
2.6890
2.4402
3.6662
2.1655
3.0771
1.5163
2.2039
2.4418
1.7130
1.6139
3.1850
1.1059
1.8109
2.0512
3.2325
1.3035
1.1953
2.3897
3.5581
3.0038
3.9156
3.4760
4.3446
2.4337
2.1560
1.6101
2.1037
1.9913
1.1685
2.9763
1.6385
2.1204
3.9506
1.9054
2.8531
0.9484
2.5708
4.0280
1.5332
2.8282
2.8282
1.7641
1.8071
2.2217
2.2095
2.1903
1.3544
1.0794
2.5202
1.6818
2.1334
1.9778
1.3813
1.9661
3.2592
3.0064
3.1260
2.7298
2.1534
2.4920
1.3818
2.0747
2.4207
1.9305
3.8960
2.1673
3.4805
2.4414
3.1550
1.3979
3.2132
2.4039
1.6440
3.2598
1.5397
2.1930
1.6910
2.1324
1.9325
3.3283
1.5693
3.2005
3.2557
2.4465
2.1763
2.1086
2.1761
2.4931
3.1513
2.1144
2.6634
2.2657
1.8918
3.1066
3.2261
4.1192
2.8615
1.6043
1.7738
1.8526
5.0673
