19.8606
9.8442
9.2195
8.8361
10.0297
8.0023
9.0102
8.0511
9.9833
8.0189
8.7973
6.5504
8.1625
8.6490
7.0218
9.4348
8.7230
7.4249
7.8494
8.2548
8.8693
8.3099
9.3423
7.3659
8.7173
7.1838
8.0254
9.5473
9.3405
7.7236
6.8191
8.1058
8.8644
6.9744
7.2373
7.4207
8.4649
8.4640
7.1953
7.5717
8.2797
7.7885
8.2922
8.4724
7.0936
7.3797
7.4073
7.9330
9.0499
9.2418
8.2099
7.7516
7.3914
10.0916
9.3529
7.4492
8.5444
9.3324
7.6512
7.8901
7.0893
8.3991
8.1335
8.3499
6.2984
8.0498
7.6311
8.4684
7.8292
8.8674
6.8983
7.0323
8.1717
7.4968
8.6325
10.5938
8.0259
7.4746
7.9144
6.9763
8.0468
7.2887
7.5869
9.3600
6.8024
6.3930
7.7964
8.5798
8.3665
7.5012
8.2846
7.8042
8.3315
6.7673
7.9767
6.5009
8.4467
9.1122
6.4354
7.5622
7.8176
7.4310
7.0817
8.4331
7.6676
7.8076
7.0092
8.0033
8.3762
7.6332
7.1868
8.7683
10.3005
7.9219
10.1612
7.3552
8.3053
8.4336
7.0275
8.5210
8.6007
6.7844
7.9465
7.4305
8.4522
8.6356
9.5068
7.7900
8.0676
7.7073
7.9331
8.9964
6.5980
10.5679
8.1745
8.8000
8.6003
7.8719
9.2732
8.1626
8.7447
10.1658
8.3474
8.5373
8.9080
6.6380
8.4468
8.2517
6.7647
6.9667
7.2656
7.4847
8.8629
8.2949
9.2104
8.2481
6.2775
8.1705
7.1036
8.3430
8.7294
8.4328
7.7122
9.3330
8.6842
7.9907
5.9631
7.5865
7.3655
8.4584
8.1503
7.4839
8.1313
6.5365
7.5357
8.6361
7.7291
6.4664
9.0093
7.6702
8.1352
6.5386
8.7082
7.4551
7.7078
7.6635
8.3444
9.7782
6.4224
9.0659
8.8663
7.1575
6.7650
7.9747
9.7195
9.2091
9.1408
8.3348
7.8918
7.7612
