2.7935
3.2981
6.1313
6.7594
8.4069
9.8744
7.6876
10.1488
8.8948
10.4890
9.8916
8.9799
9.5716
10.5052
10.1463
10.7928
8.6323
9.3536
9.0371
9.7436
9.2096
8.3063
8.2204
9.9544
7.3281
7.8138
9.2469
8.3675
7.8903
9.3756
8.7567
8.0812
8.1767
7.4734
7.5638
8.1307
8.3342
8.4533
9.1366
6.1320
7.3119
8.6578
7.7762
7.9052
7.1261
9.2730
8.2972
7.7717
8.1751
8.4573
7.3153
7.2021
8.4650
8.0418
7.5406
8.0365
7.1135
8.1906
7.3654
6.5782
7.0843
7.2924
6.8130
7.1479
7.5828
7.5168
7.6118
6.9158
6.6987
8.4576
7.5437
7.3605
6.2518
6.5508
6.7766
8.1732
7.0394
6.8455
6.4242
6.6393
6.5285
6.4267
7.3749
6.8001
6.8137
6.8398
7.2448
6.1045
6.7381
6.8040
6.6789
6.8564
6.1518
7.9180
6.6257
6.2531
6.8920
7.3551
6.4231
6.0801
7.5094
6.1944
6.4195
7.3130
6.4164
6.7197
6.4765
7.3421
6.9082
6.6656
6.6054
6.4468
6.2978
6.6910
6.2416
7.4252
6.4442
5.9894
6.7128
5.6138
5.7589
6.3775
5.9976
6.8900
6.3345
6.0902
6.8439
7.1516
6.6598
7.1286
7.1141
6.7584
5.5138
5.8078
6.7590
6.7687
6.6931
6.8288
6.1922
6.4101
6.7104
6.8315
6.5882
6.7139
6.9676
7.1421
5.9655
5.6907
6.3370
7.4520
5.2452
6.2022
5.5618
6.4412
6.0308
5.6877
5.7865
6.7470
6.5289
6.4392
6.0639
6.4604
6.5303
6.0675
5.8435
6.0434
5.6716
5.4579
6.2480
6.3014
6.3739
7.4838
5.5029
5.9671
5.9428
6.2504
6.7671
6.0113
6.3004
5.8498
5.9563
6.0616
6.4914
5.3869
6.0850
6.1920
5.6230
5.9935
6.0101
5.3503
5.7664
6.7782
6.5323
5.8778
6.0167
5.9656
6.1627
6.0308
6.1237
6.6279
