4.5563
5.9446
8.6450
11.1973
13.7278
14.8831
16.1475
18.1530
18.9513
18.0549
19.6278
19.1949
21.2129
22.6778
25.6091
22.0617
22.0637
23.1212
22.0928
23.1670
24.1549
25.2205
25.8411
24.4580
26.7244
25.8550
23.7500
26.1707
26.5002
27.9326
25.7376
27.9057
26.0274
30.4294
26.4241
25.0285
30.4832
26.8863
30.1115
28.4897
26.9540
28.4331
30.1952
30.1501
29.9494
31.3188
29.0432
28.4153
30.1431
25.5402
30.0437
28.2931
31.6728
31.5414
29.7246
29.2912
30.0579
30.0600
31.0313
26.9747
30.4569
35.6460
32.5914
33.3768
33.7404
32.1613
38.6776
35.2959
39.1957
34.5533
33.2696
30.1273
33.8886
34.0569
33.0653
39.7770
35.7931
37.9349
30.7010
33.7072
33.0502
32.6592
34.4769
34.9546
29.5259
31.9065
38.5163
34.4625
33.6225
32.4593
34.6319
34.4646
30.4576
32.4713
35.1838
34.0812
34.4163
31.2079
34.8986
42.1101
39.3225
34.4907
37.8201
38.1403
34.5183
41.1335
37.4759
28.7657
34.4372
33.7766
35.2041
39.9760
35.7052
30.7725
34.2526
29.6304
38.6190
29.2509
37.4924
37.7476
37.0728
35.4207
34.2157
32.6468
35.6097
31.4804
47.4124
31.2590
39.5104
38.9195
37.8755
38.8520
34.1478
41.3468
35.2489
37.6658
30.3298
30.9924
34.4409
36.7727
41.2164
39.7794
38.5107
40.8732
34.8378
36.0590
37.2470
39.2684
44.3441
37.1552
34.5213
39.3446
40.8148
40.3632
37.3502
33.3795
35.8435
38.8469
37.2115
31.1916
38.4400
37.5800
34.1556
27.1266
38.7104
35.6011
37.7420
34.8078
30.4662
37.1004
44.0425
40.6488
49.0094
41.7546
34.2373
36.2586
34.1681
37.9673
36.9308
34.3441
31.3415
43.9392
47.3210
43.1319
38.3732
36.1214
40.0960
39.7454
34.2381
36.1454
45.8387
32.1221
42.9456
38.7359
40.0441
45.4682
43.7939
33.6772
34.4084
44.0459
