17.4065
4.3025
3.2703
2.9967
3.2951
2.3577
2.9876
2.6186
1.9773
2.3287
2.4378
1.9413
2.3302
2.9727
2.1210
2.9614
3.5514
2.5827
2.5960
2.4306
1.4308
1.4336
2.0240
3.2326
1.5815
1.7707
1.4721
2.3863
1.8476
1.6721
1.7907
1.9739
1.8143
2.0214
1.8592
2.5984
2.0677
1.3550
1.5860
1.6611
1.8026
1.9147
1.1278
1.2045
1.3274
2.2397
2.8458
1.7582
1.6368
2.1780
1.6531
1.5089
1.6646
1.2830
2.6782
2.1029
1.0408
1.6068
1.0842
1.5996
2.8520
1.7044
1.1709
1.5182
1.3856
2.1795
1.9695
2.2092
1.4171
1.5628
1.0713
2.4825
1.4466
1.0801
1.9039
1.4497
1.8258
1.4340
1.1432
1.2411
2.2519
1.5669
2.9645
1.9658
1.7683
1.8282
2.1172
2.5256
2.5101
0.9349
2.4003
1.7164
1.4024
1.6210
1.4922
0.9655
0.7901
2.3168
1.8727
0.7610
1.3683
1.5334
1.2477
1.9142
1.5966
1.2435
1.6411
1.1620
1.8008
1.0895
1.8971
1.8308
2.0263
2.1425
1.4002
2.1325
1.1179
1.0904
1.8138
2.2240
1.1698
1.4391
1.9407
1.5729
3.4282
0.8940
1.0419
2.1159
1.6889
1.2894
1.4138
1.5178
2.0947
1.6374
1.2623
1.0826
2.0600
1.1107
1.1607
1.6780
1.4870
1.7736
1.0478
1.4279
1.2990
1.0189
1.2752
2.6042
1.0438
2.0144
1.6929
1.3509
1.2135
1.0972
1.0217
1.6969
0.7405
1.3189
1.3392
2.0291
2.2485
1.0681
1.5868
1.8579
1.0350
1.6187
2.0273
2.0813
1.6658
1.3276
1.5297
1.6128
2.7097
1.4629
1.8047
1.7741
1.4390
2.1988
1.5813
2.2967
1.2886
0.9689
1.7992
1.0342
1.5568
1.0168
1.1549
1.7593
1.6397
1.2856
1.7464
0.9589
1.2792
2.6133
1.6722
1.5002
1.5427
1.3162
1.0340
2.0754
