15.3677
10.4812
7.6595
7.8319
7.3367
6.2736
5.7264
6.7943
6.9647
5.6725
5.8988
5.8372
6.0310
6.2734
5.6278
4.9286
5.7902
4.0208
6.7087
5.1066
4.6992
5.5475
3.2766
5.1859
6.5836
4.9792
3.9321
6.2010
5.8626
4.8583
5.5065
3.6851
4.6778
4.3167
5.3488
3.7795
5.7921
4.5042
5.1104
3.8974
3.9791
5.9624
4.0746
4.8857
4.3919
5.9118
6.0666
4.3050
4.9067
5.1768
4.8470
3.6401
5.6231
4.7584
6.7170
3.9678
5.2612
5.2851
3.1556
4.2583
4.7975
5.3021
6.1586
5.1344
5.0699
4.1662
5.3998
4.8988
4.9223
4.0317
4.0918
3.5644
3.5687
5.0072
2.4221
6.0173
4.5895
4.4517
4.8246
3.5130
4.3584
4.5397
3.2675
4.0141
3.7246
5.5964
4.4050
3.8101
5.0535
3.7325
5.3277
5.4376
4.1669
4.6323
5.4412
4.1906
4.0600
3.9242
5.3800
2.4476
4.2381
3.6266
4.8083
5.9222
4.0712
3.6018
3.8656
3.3174
3.8789
3.7976
4.7741
3.2865
5.0029
6.5665
5.1812
5.1745
3.0493
4.0459
4.9188
4.7127
4.0707
5.2425
5.6389
3.5812
5.4285
4.0418
4.4049
3.5879
4.6499
5.0266
5.2559
5.4138
3.1606
4.6867
5.3153
5.3508
5.2729
3.9306
4.0125
3.6349
3.9170
4.7689
3.8803
4.5420
4.7824
4.5604
4.3358
4.1312
3.5931
3.7099
3.7915
3.8355
5.2842
4.3378
3.2727
5.1596
3.4437
4.2798
5.2299
5.4085
3.8307
4.6774
4.9661
5.6871
3.3506
4.9475
4.3861
6.3010
5.4145
4.2016
4.1032
3.9125
4.8175
4.2550
3.2590
5.0226
4.2750
4.3136
3.7167
4.8914
4.6131
3.3139
5.7685
3.8190
4.4220
4.2327
4.6143
4.9136
4.0492
4.8439
4.0562
4.8866
4.0549
4.1128
3.2626
3.3286
4.7147
3.9012
5.1064
5.0362
