2.8946
3.9424
6.5299
9.3975
9.0059
10.9574
13.1029
10.9412
18.0803
15.6389
13.5139
11.0335
15.9294
16.4749
16.9752
16.0789
15.6719
16.3216
13.1779
17.8475
19.3904
18.7764
19.3286
16.3514
20.9934
20.4120
17.1276
20.7579
22.2397
20.7952
17.8631
22.4080
21.8529
20.6833
20.4265
17.4991
20.8740
16.9372
19.5785
19.7403
20.0640
23.1221
19.1846
17.4948
20.9765
17.5529
19.4105
20.7322
19.7772
23.7375
21.8924
25.7350
23.3445
28.8393
18.7755
23.7398
18.7673
19.9089
23.1293
27.5423
19.6930
22.3904
19.1712
22.3975
23.6486
29.0940
26.1381
24.7456
26.0497
22.7276
25.1276
20.9158
20.9559
23.6563
22.9214
24.3288
21.3845
26.4803
18.6369
21.5132
28.1752
21.4511
26.4062
22.2779
22.3358
26.7130
22.0188
28.8946
24.3616
25.7684
26.8876
26.5942
26.2260
22.6884
22.0256
23.4708
35.2736
33.8518
23.6744
29.2399
32.1762
28.5988
24.5862
21.2609
23.9507
25.9353
26.8542
30.9126
29.1223
30.6170
26.0198
24.8885
22.7472
23.9399
27.4346
31.2305
21.6645
27.1214
26.0027
27.7455
28.3697
29.0556
35.7354
33.1143
24.5184
30.1513
30.7490
24.2543
28.8171
32.8869
28.3370
23.1867
32.2981
19.3835
32.4340
30.7623
26.7726
29.9486
27.9091
29.4353
26.9173
27.5541
20.9856
28.7400
26.3968
27.9796
28.6170
29.8267
24.5231
30.9967
30.7955
30.9638
32.2111
27.2394
30.4881
28.1344
34.8072
37.6809
28.1232
43.3881
33.7828
26.4581
35.9356
33.7902
31.3931
37.6731
30.6783
29.7000
27.7252
17.4787
30.0046
30.3350
32.8580
21.1925
25.0253
36.6753
38.7605
34.8635
29.6099
43.2636
34.7975
29.5188
37.9849
34.1313
43.4445
32.6492
32.8494
45.7444
27.8592
40.2582
29.0991
34.7545
42.1095
31.5193
26.0374
24.2151
41.4374
38.6878
37.6222
31.9464
