15.5049
7.3716
4.8891
5.5300
8.0079
6.3279
5.1129
6.5450
4.9203
5.2586
4.9370
5.3785
6.3911
5.6019
5.1032
6.4412
4.8970
7.2889
5.2403
5.7622
4.8979
6.7909
5.9043
7.4463
5.7589
4.7734
4.9255
6.3826
7.4263
5.7460
6.8984
6.2651
7.0761
6.8952
6.6447
5.6482
4.9425
5.0444
5.4267
6.3798
6.7469
7.1740
7.0001
5.9314
6.5037
5.5029
6.6387
5.0673
6.2620
7.7577
7.0925
5.7186
4.7354
6.9945
5.7188
4.8200
6.8223
6.1442
5.3008
5.9734
5.4916
6.0831
5.9988
5.0214
4.4789
5.9416
5.4897
5.5358
5.1753
6.1744
5.1624
6.6329
5.8221
5.1970
6.3767
7.0238
7.4137
5.4832
4.7313
5.0094
5.7583
5.9778
5.8118
3.9991
7.1671
5.9691
6.6146
5.1445
5.2928
4.7702
7.2306
6.9408
7.3398
5.1759
6.2369
6.1152
7.0424
7.4806
5.8325
5.3276
4.4772
5.1825
4.0556
5.5558
4.7314
6.7283
8.0471
4.0784
4.9606
6.8970
5.5896
5.7877
4.8020
6.5324
4.7954
4.8987
4.9876
6.5372
5.8291
7.3492
4.8396
4.3781
4.8647
4.4474
6.5091
5.5562
5.7340
5.2330
4.3440
4.9033
4.9365
8.2845
6.0821
6.0921
5.2938
5.9859
4.6570
6.0325
5.5572
5.6399
6.2151
5.6384
6.2361
4.8926
6.0108
6.7719
6.4351
6.0361
5.0803
5.9516
4.0542
4.4078
4.8145
5.9942
6.5270
6.7054
6.9236
5.4260
5.2476
5.6720
7.5756
4.8940
6.9920
7.2631
6.7007
5.8980
4.8095
6.1073
7.7779
5.6478
5.1094
6.4055
6.2800
5.8922
6.5557
6.6459
6.0014
5.5388
4.6963
5.0482
4.7046
5.0059
4.9527
5.6041
4.9583
5.4243
5.1691
6.2321
9.0978
8.0979
5.9174
5.4653
5.7318
5.5273
4.5712
4.8707
5.4562
5.4974
5.1350
6.0166
