13.3526
9.0916
9.8113
9.9339
10.3543
9.0962
8.3548
9.5570
9.4916
9.9086
7.7485
8.3319
10.6907
9.1190
6.8849
9.2901
7.8313
9.9752
9.7854
9.7499
7.1812
8.2634
8.7505
7.9550
8.1926
7.7842
9.8665
7.4439
7.4586
7.1409
9.5544
8.3748
7.4802
8.8493
8.5899
7.9967
6.4796
6.6815
7.4591
8.1223
7.6533
8.9061
8.3204
6.3506
6.5913
8.1054
8.8109
8.5759
8.6351
8.3195
7.9252
8.4233
9.2196
9.7898
6.0293
7.7037
6.0143
7.6575
8.5533
11.0495
6.0924
6.2845
7.1016
8.0173
11.3258
7.9063
7.3817
6.4178
7.4892
8.0313
8.9340
8.0515
8.3331
5.6618
8.1772
7.2419
9.1055
7.5252
9.7147
8.5136
7.8637
7.5232
7.6422
9.1183
7.7138
8.8603
7.2176
7.1482
9.6052
4.7635
10.8924
8.6410
7.5177
10.3557
7.8972
7.2333
9.0261
5.7221
8.9497
7.6020
8.5114
8.0887
7.7478
8.4582
9.0503
8.8328
7.7134
5.4638
7.9113
8.5063
6.3139
8.2283
8.0321
8.7550
8.6860
8.1874
8.7281
6.5332
7.8884
6.6635
7.2727
8.9028
7.1604
7.0721
5.9442
6.8149
9.0254
9.5263
7.2288
8.6780
7.2384
7.0475
7.8403
6.6381
6.4758
7.2680
7.3096
9.8314
7.6383
7.6306
8.4120
8.0060
8.5591
9.5917
7.0010
5.4734
10.9363
6.3794
8.6716
7.5766
9.6816
6.5923
7.6629
6.5153
8.4852
9.2082
7.1848
8.4109
6.6385
10.7185
7.7796
6.9801
8.9019
9.6924
6.7150
9.4399
8.1040
6.5535
8.4124
7.6754
6.9449
5.8725
8.5777
7.0384
8.7010
5.9153
7.9867
8.4197
7.5844
9.0012
7.3057
8.0087
6.2925
5.5880
7.4189
9.4019
5.9651
6.6527
6.5880
6.1708
7.1428
9.3710
8.5627
7.2655
6.9319
8.3847
10.2210
8.9397
9.2119
8.2574
