1.9303
7.2642
4.7981
3.9962
3.8701
3.7324
3.6707
3.6333
3.0575
3.4490
3.3832
3.2683
3.5501
3.2658
3.1976
3.3293
3.2322
2.9368
3.4089
3.1474
3.0079
2.8935
2.8018
3.1987
3.0259
3.2867
3.1855
3.0660
2.6666
3.2387
3.0609
2.7472
2.7835
3.4805
2.7113
2.8188
2.8804
2.9222
2.7569
3.1943
2.9905
3.1979
3.1763
3.0074
2.7584
3.0837
2.7742
2.8866
3.2193
3.3427
2.8745
3.0189
3.0421
2.9271
3.3147
2.8679
2.6141
2.9751
2.4946
2.6954
2.8531
2.8082
2.8384
2.5591
2.7387
2.7158
2.8228
2.7677
2.8130
2.6629
2.3995
2.9199
2.7057
2.8189
2.6883
3.0427
2.9505
2.7896
2.6418
2.6956
2.9804
3.0665
2.9535
2.7756
2.8982
2.6659
2.4560
2.6731
2.8073
2.9949
2.6096
2.8783
2.8658
2.6930
2.6985
2.5468
2.8115
2.5679
2.5934
3.3070
2.6410
2.8730
3.0224
2.7842
3.0127
2.8506
2.8371
3.2725
2.8422
2.7610
2.8631
2.8735
2.7738
2.6753
2.8300
3.0240
3.0465
2.9521
2.8560
2.5711
2.8786
2.8368
2.7329
2.8042
2.7628
2.6645
2.8703
2.9708
2.6480
3.0497
2.4974
2.6348
2.4383
2.7708
2.5278
3.1280
2.6537
2.3148
2.7632
3.4388
2.6231
3.0220
2.9886
2.9300
2.7209
2.7761
2.8594
2.7227
3.0059
2.7465
2.7234
2.3511
2.6963
2.9204
2.7602
2.6717
2.8761
2.7206
3.2064
2.5396
2.6333
2.6810
2.6608
2.6142
2.9085
2.8370
2.9267
3.0670
2.8912
2.8475
2.5875
3.0392
2.7760
2.8244
2.9625
2.5000
2.6468
3.1977
2.6865
3.1921
2.7700
2.8953
2.9305
2.8685
2.9443
3.0328
2.6296
2.3303
3.0455
2.9053
3.1886
2.4428
2.6680
2.8709
3.0074
2.8516
2.7336
2.9825
2.6524
2.3750
