4.4937
4.7927
6.6595
8.9580
8.8143
11.3948
11.5017
10.7939
11.8608
13.5644
12.7835
13.4979
13.9309
14.8143
14.2125
16.6573
15.8454
17.6198
16.8617
16.1116
16.8355
16.4058
18.3659
18.6843
19.5506
19.8320
19.9000
19.1667
21.6365
21.5531
21.4902
21.5547
22.4207
23.5020
22.3883
24.6965
21.4703
22.8122
21.4167
20.8573
23.8985
24.8034
20.5129
23.4218
25.8932
24.0697
26.8613
22.8222
22.4764
28.0789
23.6294
26.0418
24.9311
27.0088
23.5415
24.6460
24.7075
24.7818
25.3240
27.9211
26.5058
26.0083
26.4746
28.0318
26.7404
27.3082
30.5171
24.8413
27.0213
25.4698
26.0213
25.2196
27.6489
24.0141
26.8258
24.8472
30.6282
25.6513
27.3988
31.0619
29.0438
28.6538
25.7530
25.2060
27.7010
28.7963
31.4150
27.9842
27.0653
32.5981
31.2953
32.8447
32.4337
35.3056
27.0130
29.9045
32.3130
30.4812
29.4887
33.9694
32.1479
31.4246
27.9145
30.5383
33.1618
25.5378
30.9341
26.8992
27.9490
31.5618
27.8809
29.5733
28.9868
35.3093
28.2481
33.8876
31.1729
37.7298
26.2167
34.5155
26.3275
40.5601
33.8933
33.0400
35.9824
30.0887
32.4436
33.8495
31.1736
31.3489
33.6804
31.1065
36.8643
33.0798
39.6232
37.1187
29.6475
30.7789
32.4260
31.7363
37.0147
34.5366
35.3469
35.3125
31.4183
36.0466
28.5189
37.9976
34.0314
34.2934
36.1898
33.6078
30.4085
31.6857
35.9440
31.9644
37.7198
30.0260
35.0870
32.3571
37.3665
36.6701
38.5121
25.5162
28.4172
36.5587
31.9828
35.8506
39.3022
37.1830
34.5508
39.1724
35.9563
31.7035
40.8282
39.3424
31.2423
36.0604
36.0071
30.8700
41.1848
30.7854
32.5921
36.6857
31.6738
35.0704
36.1803
33.4111
33.3733
35.0384
34.1136
28.7750
37.0039
33.6278
31.1071
47.1159
32.2873
33.0113
37.4659
43.5842
