10.9558
14.5503
8.6505
13.8839
12.8697
14.8797
12.1687
11.0276
12.9635
13.4036
15.1624
13.1762
11.8449
14.0024
15.9397
14.3136
13.2847
15.0329
12.9511
15.2829
12.0005
12.2369
15.1365
15.3607
13.0152
14.3274
14.9645
16.1577
16.9458
14.6836
16.2189
16.1752
13.3290
14.1580
12.8541
12.3440
14.7698
13.7306
14.9568
11.2829
16.6946
15.6617
14.9193
13.2722
14.7823
15.7838
13.2699
17.0755
12.1796
11.4476
14.5670
17.2205
15.5721
13.2514
14.7111
14.7652
15.5224
14.5709
14.3288
13.0548
14.2905
13.1548
14.4519
16.1340
15.1707
13.2702
14.5452
14.7836
9.6792
13.5558
12.7936
14.4533
12.3192
11.5540
14.8489
15.2741
13.9784
14.7689
15.5463
11.7839
17.3639
16.6572
14.4332
15.1284
12.9482
12.0031
13.8027
15.0140
13.1082
14.8264
14.8023
12.7399
15.0126
17.0586
16.6076
15.1760
12.6990
13.2970
13.2945
18.1854
15.8231
15.5886
15.9336
15.3151
11.5857
15.3935
14.6751
11.9545
14.9425
15.8999
15.2041
14.4903
17.2193
16.1093
15.1743
12.3925
17.5631
13.7414
15.7781
14.6039
12.3711
14.1572
11.7576
11.7075
15.6412
14.9575
14.5873
14.5456
13.8871
16.5893
13.1804
12.5050
15.3216
14.7590
14.3302
16.3158
11.7471
16.2179
13.9502
16.5264
12.4088
13.5028
14.9714
14.7505
15.1858
14.9854
14.1542
13.1210
14.0838
14.5638
15.5371
13.0950
10.3118
13.8496
16.5101
15.5422
15.6639
12.6512
13.9289
14.0399
16.4917
12.4875
14.6907
12.8655
12.6111
18.0977
14.1167
15.9234
14.1482
14.1545
14.5905
12.9111
16.0096
16.5082
13.4953
13.0563
10.6382
14.6902
15.9666
13.9681
17.7655
15.9719
15.8356
17.4299
14.2696
12.1098
14.8473
14.9004
14.6998
12.7850
18.0349
14.7179
13.0889
14.2253
14.8325
13.7082
14.7361
15.5334
13.5140
14.4008
