20.5784
8.4690
8.0849
6.7007
5.1942
6.6717
5.8128
5.3902
6.2848
6.6433
6.0118
6.0031
5.7420
5.0468
5.2305
6.2517
5.1538
5.5272
4.9736
5.1921
4.6786
5.4492
4.7469
4.7280
4.9524
5.1535
6.7591
5.5701
5.8522
5.4234
5.3436
3.4545
6.0644
5.5687
6.4258
4.9897
5.3303
5.6193
4.6763
4.9475
4.6543
5.7213
5.9194
3.8058
4.6879
4.4219
4.5538
4.5679
3.8223
5.2583
4.8663
4.4681
4.9675
5.2211
5.4545
4.7106
5.2514
4.0371
4.3825
5.6464
4.8542
5.8127
4.3015
4.1363
4.2844
4.6430
4.5128
4.5884
4.2260
4.4425
4.8368
6.2290
4.4104
5.5209
5.6223
6.0284
4.7545
5.4719
5.5292
4.8695
4.4533
4.8487
4.4916
5.6175
5.5652
4.9388
6.2677
5.4415
4.0021
5.5962
5.1550
5.2667
5.6725
4.6360
3.8598
4.6137
4.2895
5.6354
4.0741
4.7555
5.5994
4.4539
3.9643
4.5282
4.6139
5.3131
4.2479
4.8175
3.9908
3.8187
4.0062
4.6824
4.5840
5.5276
4.5947
4.3068
4.5303
5.0030
4.6332
4.1847
4.7482
5.0566
5.4370
3.9438
4.1806
4.2925
4.3093
5.0827
5.3634
5.1559
4.6973
4.6217
4.7397
4.1974
5.2151
5.4186
4.8844
5.8547
4.3529
5.0216
4.4410
5.2716
4.6615
5.1115
4.9932
4.5260
4.5191
5.0104
4.2866
5.1982
4.9297
5.1084
4.2003
5.5187
4.4864
5.3937
4.1990
5.2870
5.7744
4.2190
5.5102
4.9962
5.2344
5.3571
4.7175
4.8322
4.0845
6.4322
4.2259
4.0872
5.3329
5.5233
5.4232
5.1571
4.5312
4.4573
3.6575
4.4061
4.1576
4.9084
4.9836
3.6982
4.1027
4.1037
4.7188
5.2877
4.8390
3.9072
3.6395
5.0795
4.7330
3.9712
5.1266
4.8063
12.9925
4.8178
4.0830
4.7255
5.0975
4.1898
