1.9511
2.4805
3.8917
5.8525
7.8482
7.9362
7.3222
6.9331
7.6207
7.8070
7.2556
6.3330
6.5878
5.7236
6.6580
6.4442
6.3730
6.1872
6.4155
6.3225
8.4208
6.6963
4.9345
6.8008
6.7168
5.2508
5.1836
5.2986
6.0408
4.5552
4.1777
5.8014
5.3793
5.9190
5.2157
7.1773
7.3797
6.5243
6.5826
4.7170
6.0623
4.6583
5.2756
5.4523
6.2102
6.2181
6.0304
5.2528
5.8644
4.6361
5.0288
6.2372
4.9969
6.2729
4.8131
5.7679
5.5793
4.5453
5.1878
5.6939
5.3781
5.8388
4.6291
3.8769
6.7928
5.3129
4.9230
4.9277
4.6092
5.9822
4.6566
5.0474
5.9170
5.1090
4.1049
3.9474
5.7872
5.5226
5.0664
4.0686
5.9842
5.0816
4.1517
6.5941
4.9525
4.9001
4.2104
4.6846
4.1319
4.9235
4.2219
5.3998
4.0190
4.1745
4.8552
4.2498
4.9244
6.9376
4.0821
4.9890
5.9136
5.3241
4.4391
4.9884
4.8875
5.2781
5.3736
4.3665
5.4068
6.6795
4.4574
4.6080
4.9095
6.1384
3.6401
6.9924
5.2122
5.4002
4.1659
5.5215
4.7868
4.6637
3.7125
6.2295
4.5688
4.7391
3.4973
5.1084
4.6513
5.7984
5.9444
5.3721
3.8300
5.7715
4.3899
5.0795
3.4551
4.1460
5.0055
6.1578
4.1289
5.6330
5.0413
4.9682
4.5379
5.0154
4.7951
5.2145
3.4554
4.5878
4.2927
4.5716
3.7971
4.7461
4.4743
5.3331
4.6306
2.9705
5.9218
5.9704
3.6437
4.4933
5.1908
3.5850
5.4035
4.0711
5.9210
5.4542
5.5700
6.1557
6.1056
4.0929
5.2133
4.5121
4.9114
6.0442
3.5910
6.5012
3.7877
3.6851
4.5686
5.1780
6.0080
4.8876
3.9594
6.0322
3.8853
4.0874
5.5008
4.8985
4.2331
5.0109
4.3826
4.4413
4.7603
4.5569
4.9493
4.0207
4.5131
5.5893
