3.1811
4.6719
7.9910
9.4788
10.1643
13.1801
13.5784
14.3930
14.1886
15.9084
15.1447
21.6372
20.8334
17.5146
16.8871
19.9233
17.9570
19.8621
19.4567
19.3365
19.6578
21.3165
21.3618
19.4349
21.4946
19.7774
19.6171
21.4042
21.0749
19.4107
20.5124
21.4803
19.4909
27.9995
23.0443
23.7054
22.1809
20.9340
23.3105
26.7949
23.5383
20.6087
24.6980
23.8955
25.7316
25.5912
18.3548
22.7717
28.3631
20.1092
22.9142
22.1020
23.0639
23.7599
23.5241
27.4486
21.7660
24.5132
24.8124
24.5351
21.7836
29.7288
30.6791
23.9811
22.5598
24.5482
29.5135
26.5098
25.2813
25.4148
27.5923
24.2633
30.5839
21.6673
24.4174
23.3126
21.6172
23.9419
26.9073
25.6123
25.2182
25.4635
26.0916
23.0450
21.4002
26.2550
20.5026
29.0032
24.5720
22.7808
26.1342
26.8596
28.4153
25.6873
21.7108
23.2875
25.8133
30.1953
22.0911
23.8117
27.4980
29.1382
25.2965
25.0074
23.6635
26.5551
28.7594
29.6946
29.2307
25.1040
25.0592
27.5932
26.2037
25.7624
22.9294
22.7727
26.1825
24.4673
34.7250
26.4789
31.2924
26.3957
22.9076
48.4220
16.4275
20.4541
23.5671
28.6931
24.4034
26.4964
25.3770
25.9607
27.4238
25.2650
25.6935
30.5269
28.7270
26.9271
23.5021
22.9175
23.8668
25.7549
25.4104
26.6360
28.4695
23.3648
27.7651
23.0406
20.4402
24.7192
24.5085
20.3003
24.3319
29.0891
23.9547
23.0269
25.1259
27.7704
27.4298
22.9442
24.6595
25.6466
28.9422
16.8901
19.4453
22.2079
26.2358
22.7358
24.1744
26.5527
25.0209
23.4174
23.9305
25.0975
23.5174
25.6958
21.1230
24.6837
29.7435
19.6099
21.5342
26.8720
24.4714
28.9539
22.9284
26.8273
23.8959
29.2257
38.0916
23.2750
23.1080
23.4836
24.1673
42.2318
21.2201
18.9276
32.0761
18.0167
19.8315
21.8987
