1.7076
3.3176
5.4883
8.2406
6.3409
6.3831
6.5043
6.2402
6.0111
6.5071
5.0150
5.2260
6.3556
6.3934
4.4825
5.8678
5.9505
5.8378
5.4536
5.4414
4.5608
5.3150
5.0020
6.0813
4.5358
4.9057
4.4082
5.5873
3.9280
4.3037
4.3646
4.9927
4.7110
5.2581
5.5455
5.2788
4.8984
4.5007
4.7583
4.4511
4.4795
4.3948
5.2897
4.8258
5.5661
4.7033
4.0468
5.3238
5.8291
3.9487
4.7948
4.5882
4.9147
4.2788
4.1063
3.7237
4.2470
4.8836
4.1496
4.7558
4.1920
5.6222
5.0910
5.1350
3.9123
5.0052
4.2719
4.6859
4.1624
6.4147
5.3273
4.2682
4.2154
4.9514
4.5740
4.3814
3.6255
4.7580
3.7870
3.5071
3.9160
4.5128
3.7697
4.1092
4.1730
4.2724
4.3529
4.4538
4.0443
4.0865
3.8066
5.0967
4.5013
3.9962
4.2984
5.1662
4.6169
3.3535
4.3301
4.3141
4.9981
4.2817
4.5280
4.8481
4.2823
3.6600
4.3387
4.2031
4.0262
4.2971
3.8876
5.7005
3.5086
4.0291
4.1845
3.9528
4.3919
3.5188
3.9533
4.3239
4.8358
4.3616
4.2420
3.4967
4.2576
4.0124
4.0344
3.9484
4.0892
3.7825
4.3850
4.1508
3.3533
3.9415
4.4348
3.8708
3.6666
4.0205
4.3946
3.7825
3.5581
4.6339
4.6855
4.8168
4.3211
4.4172
4.5202
3.8765
3.8005
3.6362
4.2627
3.4328
3.5290
4.6015
4.5940
3.6247
3.9328
4.2125
4.1257
3.9555
4.2562
4.0835
4.2888
3.3497
3.7461
4.9527
4.5543
3.8672
4.3737
4.1830
3.3701
3.6041
4.7386
3.9660
4.4798
4.1669
3.7580
4.0849
4.9001
3.2900
4.3088
3.8042
3.7291
3.4975
4.2810
3.7259
4.4810
4.7993
4.5836
4.3103
3.8062
3.5664
3.5701
3.0544
4.3287
4.1573
3.1562
3.5919
3.9900
4.2678
