3.8005
7.2333
10.1281
16.5282
19.3166
18.2054
21.6975
20.5420
22.2820
23.4084
22.7076
22.3721
23.8964
25.6581
25.8065
26.1285
28.3323
21.7881
22.1000
27.5143
25.0525
26.4829
26.2525
31.5398
26.1382
33.0250
27.0379
34.5285
30.7880
27.1225
33.0890
35.9753
27.9384
24.4392
35.0872
23.1910
23.0172
28.8409
22.3974
33.6679
35.5429
24.7954
36.8642
26.3175
29.4972
34.6491
21.6895
28.3889
32.7335
29.2372
36.9634
37.1358
32.8381
32.0706
30.2976
35.3933
26.5100
30.0458
38.2925
25.6347
26.6135
21.7059
31.3126
32.4698
32.0660
34.1188
22.4660
34.5187
35.1236
24.1319
40.5364
27.0358
33.3520
30.2866
30.7232
25.3121
27.5177
32.9907
28.8825
38.3877
34.7289
36.8343
27.9660
24.8993
35.2814
34.5359
34.3756
22.3144
21.0149
23.4281
25.2709
27.1894
24.5911
29.9918
33.0813
22.5388
30.4244
28.3069
31.1350
26.7965
28.4415
27.9654
38.7614
30.1018
25.5351
28.7103
32.0850
23.7881
25.9928
34.2213
23.7455
34.3268
28.5771
34.3216
22.2514
33.2036
36.4575
24.9079
30.9046
33.2603
31.2443
31.5863
22.9125
23.5757
27.0688
27.2328
28.4898
31.0306
15.2677
36.4601
36.9553
31.5957
44.0431
33.7029
24.2967
29.9590
21.4818
25.9682
32.5557
24.6569
30.0938
25.4242
23.8233
30.0544
22.9688
27.4865
32.2132
27.2318
25.6831
24.1115
30.0189
43.7636
33.4100
24.1525
55.4479
24.8365
30.6565
20.1915
38.3877
38.1571
23.9231
40.4287
43.3964
31.1061
28.0409
28.8488
39.1745
36.8051
36.8031
26.7885
35.5425
28.3814
31.0623
29.5175
17.1370
18.9843
31.6459
21.3431
24.1073
20.4419
23.0661
25.7241
20.9287
30.3320
18.3873
33.3106
32.4391
27.6987
33.5494
22.7172
26.5067
34.0579
33.5838
24.9204
31.4315
25.5506
22.9374
22.6935
26.6074
15.9932
