3.0443
5.2037
11.5477
17.2702
20.2193
22.1064
21.0150
25.8392
25.1532
22.4395
26.3160
28.1057
26.2910
27.6802
26.8228
25.5804
27.7697
24.8227
27.3996
25.4690
26.7027
27.0162
22.1004
25.9544
26.0915
25.6885
22.1695
23.8823
26.6640
26.6460
25.3201
25.7402
25.7607
20.9380
26.6702
24.2345
22.8702
21.2931
23.7141
24.6655
22.4252
22.4435
24.3345
22.9606
25.1918
24.0999
24.6586
26.6968
23.3681
23.2730
22.9711
22.9026
22.3409
24.2380
23.1161
23.3272
24.9879
23.9523
21.9675
23.1080
25.1785
23.4828
22.3439
24.9160
23.1777
21.0084
24.9083
24.1279
23.2097
21.5250
22.2418
23.6759
22.5924
23.3126
22.0308
20.3829
24.1237
21.4319
20.8206
21.8489
22.7929
20.4032
22.1902
21.8242
22.6418
21.9940
21.8845
20.1350
21.5892
20.4323
25.1921
23.7937
22.8334
21.7478
22.1578
22.3486
22.9684
22.7865
20.3393
20.4677
22.1578
21.4167
20.9442
22.0039
23.3724
23.0067
21.8688
25.6669
20.0440
23.4507
20.7699
19.3268
20.1704
21.3937
21.2665
20.8734
21.7437
22.3549
23.0548
21.4768
22.5262
18.8288
22.3280
21.8167
20.0002
20.6209
18.7595
21.7393
21.2528
22.0200
19.1404
19.8572
22.4263
22.0591
21.3051
20.6429
21.9544
20.3688
21.1878
19.9337
23.3719
22.2567
19.3416
20.4913
20.3894
19.3065
18.5317
17.9979
19.0868
22.2996
19.5228
19.9477
21.0150
19.9213
18.9655
20.0130
22.6981
21.2182
20.5669
18.2331
20.9471
22.4273
20.7904
20.7536
21.6700
20.4773
19.0482
22.1249
18.1220
22.0969
20.2884
21.7013
20.4279
18.4566
20.1749
19.5550
23.3820
21.8806
19.5559
20.0272
18.8923
22.1981
22.2691
19.9132
19.3732
20.2075
19.3679
19.1167
19.3229
20.3711
21.4546
18.9141
20.7757
21.1960
20.6183
19.9591
16.8561
21.5712
20.6110
19.7368
