17.4376
6.5270
6.0217
4.8069
4.5882
5.0906
4.2196
3.7026
5.8082
4.2246
4.0118
3.9169
4.0699
3.2665
4.7831
4.1383
3.7552
3.3217
3.6039
4.3081
4.6190
4.2541
4.2357
3.7127
3.8986
4.7394
3.3425
3.2981
3.7043
3.3703
3.4775
4.0537
3.8481
4.0057
4.4748
3.9444
3.8820
3.8429
3.4684
3.2416
3.2615
3.1413
4.1492
4.8815
4.2082
3.3746
3.4011
4.3368
4.0284
4.1347
3.3902
3.9181
4.1297
3.4163
3.4974
3.1561
3.6152
3.8866
4.3063
3.3418
4.1192
3.9246
2.5688
5.0982
3.8304
3.4433
3.3668
4.2358
4.1736
3.8357
5.0747
3.7662
3.4777
3.5101
3.5112
3.6623
4.0372
3.1328
4.4448
3.7741
4.4346
3.1521
3.3951
3.5964
4.9261
4.5518
2.9784
4.0410
4.0540
3.9157
3.7090
4.5424
3.1958
3.4913
3.3497
2.9873
2.9555
3.8560
3.2077
4.1619
4.0791
3.1238
3.7767
4.2124
3.6979
2.8918
3.7873
3.6518
3.3004
3.7530
3.4256
3.9850
3.1102
3.7329
4.0195
3.4813
2.8067
3.4102
3.5105
3.4330
3.3505
3.1345
3.3044
3.4627
3.8843
3.7763
3.6331
3.7368
3.4141
3.3031
3.5465
5.1239
4.3714
3.0186
3.2375
2.9228
3.5023
3.3803
3.6738
4.2091
2.9597
4.2360
4.1731
4.1063
4.0350
3.2236
4.0936
3.6603
4.3778
3.9804
3.2883
3.7343
3.4954
3.5575
3.2039
3.9010
3.5134
3.4706
3.6109
3.7062
3.3084
3.6699
3.7911
3.0282
3.6959
3.4880
3.8084
3.8513
3.8974
3.4782
4.4871
3.5210
5.9054
3.9124
3.5493
3.5145
3.2992
3.2730
3.2108
3.7970
4.3975
4.1906
3.1694
3.1057
3.8902
4.3467
3.3931
3.2377
3.4190
3.2675
3.4210
3.1404
3.2479
4.1191
2.9344
3.3589
3.5403
3.9793
3.7696
3.7770
