1.9511
3.2774
4.9611
6.8688
8.6817
8.6106
8.0656
7.7267
8.1533
8.3045
7.3224
7.1988
5.9920
5.9245
6.9416
7.1420
6.7731
6.5578
6.4494
6.5415
10.5933
6.9169
4.8535
7.0082
7.5942
4.9890
6.4792
5.6264
7.3059
5.9804
4.6925
6.4536
5.3875
6.5434
5.1602
6.8493
7.3479
6.6155
7.6114
4.3708
6.6432
4.2681
4.8043
5.2146
6.3197
5.9869
6.3565
5.0307
5.5313
4.9050
4.5749
7.1201
5.1492
7.4301
4.7529
5.2927
4.6273
4.7416
4.8446
6.6332
5.5676
5.8005
4.7130
3.4680
7.3040
5.0335
4.7084
4.8524
4.3404
5.4846
4.6992
6.3018
5.9384
5.2994
3.7891
3.6611
5.1963
4.4980
4.3347
3.1571
6.0934
4.3425
6.6076
6.7995
6.9395
4.7333
3.6374
4.8736
4.0840
4.8628
5.1335
6.2901
4.2700
3.9615
4.2558
4.8653
4.4803
6.4990
3.6920
4.6777
5.8654
5.7786
4.1250
4.4671
7.0043
5.6936
4.6864
3.8843
5.3875
7.8304
4.0453
4.0459
5.1104
5.7886
4.0952
6.9741
4.8104
5.3844
3.9247
7.3035
3.9419
4.4257
3.9955
6.4463
4.2289
5.1421
3.5531
6.3718
4.0485
5.4175
6.1236
4.6345
4.0292
5.4517
4.2361
5.4332
3.5461
3.6294
6.2522
7.1942
3.7468
5.4108
5.1728
5.1596
4.4443
5.6488
4.5102
6.8382
3.2548
5.8339
4.1888
4.0801
3.8536
5.9399
4.2434
4.2981
4.2418
4.8583
6.1778
5.2684
4.0417
4.7935
5.1990
3.4531
6.0846
3.8868
7.3718
6.1874
4.9049
7.4407
6.3032
4.7395
4.4602
3.6765
6.0130
6.1516
3.9484
6.2038
4.1404
2.9517
4.6653
5.2738
7.2066
4.7242
4.4263
6.0579
4.0816
3.7610
5.5981
5.5468
3.9468
5.0702
5.8062
3.5144
4.9730
4.6931
3.8069
5.0107
4.0556
5.6546
