2.6677
4.4987
6.6167
8.1100
7.3712
8.3938
8.3223
8.1861
7.2057
5.9367
7.9236
7.0484
4.7501
6.4232
7.3267
5.7281
5.0335
5.3685
6.1115
6.6489
6.2897
5.8811
5.1122
7.8728
5.7610
6.7521
4.5683
5.1241
5.5260
5.0490
6.2072
4.3494
5.7415
4.8983
5.8496
7.2491
5.1988
5.5269
4.7118
5.3211
5.7815
4.6954
5.7071
4.9528
5.4955
5.5469
3.9217
5.4658
5.0940
4.9733
5.3235
5.1444
4.4494
4.8871
4.8863
5.0938
6.0714
4.2486
5.4448
4.6764
5.2271
5.2979
6.8282
4.7126
5.3409
5.1066
5.8900
4.7722
4.9666
5.3608
5.2485
5.2560
5.2954
5.8688
4.5052
4.8146
5.6837
4.8477
5.3197
5.3274
4.1806
4.7475
4.1401
4.6799
5.1093
4.2996
6.0148
4.7622
6.0745
5.0913
4.7166
5.2087
4.8238
4.7670
4.1769
5.0864
4.2285
4.7733
3.3992
3.7716
5.9895
5.3353
4.2584
4.2863
4.0078
4.4327
4.5235
4.9324
5.0278
4.8573
5.7670
3.8488
6.1700
4.6662
6.5217
5.1833
5.3882
4.2774
4.8749
3.9232
4.2002
6.1768
3.6429
4.5301
4.4971
4.2846
5.0060
4.7633
5.3262
4.6390
5.5051
3.9706
3.5465
4.3868
4.8920
4.5848
4.5383
4.1016
3.7662
4.6854
4.6597
5.4083
5.6391
4.3233
5.1272
4.6641
3.4659
4.9538
3.9304
4.0518
4.5869
4.2592
3.9605
4.3492
5.4771
4.8962
6.5574
5.1228
3.9401
4.4188
4.4005
4.0203
4.8610
4.0591
3.5399
3.7047
3.6830
4.3475
5.1959
5.7478
4.5662
4.3065
5.0815
4.7221
4.4362
4.4401
4.4296
4.6765
3.9982
3.9689
4.3328
4.5994
4.0769
4.5284
4.4609
4.8985
5.3898
4.2702
4.1050
3.4586
4.5245
4.0432
4.9116
4.1682
3.5811
4.5439
3.2856
4.7319
5.1705
4.4490
