13.3526
10.9047
10.4311
10.6906
11.2747
9.8396
8.9815
10.7130
10.6643
10.9267
8.6837
9.4927
12.4704
10.7846
7.6449
10.9318
9.1271
11.3202
11.5792
11.2402
8.2131
9.6282
10.2682
9.2893
9.5377
9.5555
11.1741
8.2487
8.7024
8.0231
11.0687
10.0636
8.6755
9.9101
9.8512
9.3348
8.0200
8.4260
9.1916
9.7216
8.8791
10.4856
9.6228
8.6981
7.8773
9.2816
10.2565
10.1139
10.2755
9.5187
9.4764
9.2957
10.7308
11.4428
7.6182
9.9043
7.9775
8.9651
10.2194
12.4577
7.4662
7.4191
8.8695
9.5285
12.9906
9.4156
9.2547
8.5498
8.7863
9.4824
10.4119
9.6121
9.9881
6.8076
9.5129
9.2465
10.9082
9.1974
11.3038
10.0751
9.3664
9.3741
8.8728
10.4472
9.3437
10.7473
9.4099
9.0355
11.4808
6.2929
13.0138
10.4247
9.0103
11.9142
9.6660
8.9438
10.7885
7.4482
11.2102
8.6053
10.3435
9.9008
9.8418
10.4644
10.6701
10.8400
9.5642
7.4813
9.6187
11.3020
7.9744
9.7736
9.4362
10.2637
10.2428
9.1059
9.7755
7.9703
9.8971
9.0012
8.5704
11.0172
9.1895
8.4152
7.7077
8.2732
10.8759
11.0331
8.8218
10.3052
8.8160
9.3225
9.2120
8.3471
8.0888
8.8822
9.8609
11.2832
9.4409
9.2085
10.6089
9.6412
10.2586
11.1183
9.4773
7.2429
12.7479
7.5064
9.8504
8.8899
11.2653
8.0472
8.7776
8.7823
9.8632
10.8190
9.7418
10.2416
8.7476
12.7586
9.1388
8.2626
10.0328
11.4159
8.7351
11.1333
9.9887
8.1866
10.3447
9.3823
9.4023
6.9489
9.8682
8.4615
10.4994
7.1296
9.5030
10.5478
9.3518
10.5197
9.2873
9.8985
7.8172
7.3064
8.9667
10.7610
8.5693
8.8455
9.2393
8.5407
7.7701
10.9421
10.4791
8.5848
9.1710
10.7199
12.3437
10.2322
11.2001
10.6840
