2.1291
4.2934
6.3309
8.2161
8.5360
7.6446
8.4948
6.6931
6.4678
8.7225
8.9609
7.4263
8.1820
10.4434
7.3809
7.3414
6.4384
8.2937
7.9639
5.7112
5.8843
6.5548
7.6675
6.3666
7.1464
5.8132
5.9669
7.4937
7.0168
7.4626
7.2554
8.2500
5.8690
8.0329
6.2655
5.1154
7.0777
6.6015
5.4331
7.6690
7.5635
6.4082
6.4821
5.7777
4.1910
6.4435
6.7485
5.3726
6.7020
6.6357
7.5696
6.5577
5.4634
7.3146
7.0318
6.3403
8.9719
6.8963
6.2089
6.1778
6.9652
6.3321
6.8921
6.5762
6.6126
5.0509
5.1032
7.5650
8.2785
5.7631
8.2567
8.3593
7.7912
5.4326
5.8202
5.7851
4.1275
6.1767
6.4251
6.2162
6.7392
7.3748
5.9277
6.5541
4.6872
6.0774
5.5144
5.7414
6.1384
8.0755
4.5604
5.9507
4.7790
7.4506
6.5659
5.9271
5.6213
6.3591
6.6690
5.1152
5.0114
6.2885
4.4123
4.2653
6.4141
3.9875
6.3682
5.6778
6.0261
4.5853
7.1640
6.0915
5.1295
5.9817
6.1020
5.7225
6.8079
6.3800
5.1190
7.1907
6.3256
5.6587
5.4987
7.6631
5.1330
5.3484
5.0255
4.7796
5.9366
7.3882
6.0377
4.8284
4.6166
5.8990
4.1552
6.7439
4.6635
5.1900
5.9867
5.3386
7.3807
6.0035
5.8202
6.6328
6.1036
7.2100
6.2791
7.1363
6.1208
6.4303
6.5194
6.5051
7.0120
5.2625
6.4432
5.8402
6.9411
5.1632
6.8113
5.4193
5.6029
5.5596
6.6108
6.9356
4.8908
6.2702
5.9936
4.5200
6.1616
6.5440
6.6305
6.5822
5.3071
7.2589
5.4702
5.8744
5.2304
5.3878
6.8294
4.6565
5.7412
6.1783
4.3833
6.0847
6.4606
4.9542
7.6203
4.3577
7.7368
7.6325
6.2072
4.9757
5.0180
6.9927
5.9673
5.9531
4.8507
6.3218
5.5140
5.6494
