2.5879
3.6355
5.5715
6.8631
6.9753
7.6393
6.5932
5.8957
6.2408
6.2341
5.9980
5.1545
5.5757
6.4232
5.0664
5.2743
5.4282
4.7827
5.7983
5.3360
4.5705
5.8440
5.5898
4.6912
4.8770
5.0812
4.2563
4.8164
4.2410
5.2258
5.1962
4.7319
4.8098
5.1630
4.5359
4.1163
4.4967
4.1989
4.1855
6.0505
4.1876
6.4211
4.3076
4.9178
6.8721
6.8955
6.2829
8.3363
7.8965
6.5183
6.6239
5.9936
5.3694
8.5566
5.2464
5.6783
6.4497
5.9281
7.6509
6.4447
5.8950
5.0247
5.3556
6.4972
5.2852
5.0079
7.5540
6.0651
3.8833
4.8983
4.3042
6.4158
6.8328
5.1644
5.1303
4.9303
4.7360
4.6561
4.8578
6.3720
4.9761
5.2975
4.4132
5.1536
4.4337
6.5611
5.9534
5.2424
5.2016
5.7726
5.4547
5.4542
5.1968
4.6009
5.0666
5.1378
5.8091
7.1699
5.7061
6.0607
4.4827
5.3367
5.6636
4.7721
4.3039
5.0453
5.8448
6.0818
5.0697
6.6597
5.2522
6.3330
3.9459
6.4697
5.2771
5.8645
6.3722
4.5209
5.5244
4.7349
4.4149
4.4402
4.4684
4.1799
5.2854
6.6606
5.0449
5.7215
4.8746
5.0117
5.8119
6.1706
5.5774
4.2673
5.9453
5.6448
5.0912
5.4362
4.0009
4.1195
3.8343
5.4821
5.1566
3.9098
4.6214
4.5584
5.3992
4.7487
6.2622
6.3945
4.9029
5.0690
5.1571
4.2672
4.4975
3.7355
3.7927
3.2808
4.5315
4.7038
4.4807
4.5759
4.2288
5.1995
4.4576
4.2296
4.5864
4.3028
4.6183
4.0478
4.5701
3.5991
5.4279
4.2271
4.5995
4.1523
5.1153
5.2689
3.9989
4.1414
4.5282
4.7796
3.6059
3.7626
4.2952
4.3696
4.9269
5.0237
4.8731
4.7570
4.6919
4.4901
4.4599
3.5236
5.3582
3.8719
4.2560
3.5634
4.0657
5.0787
