3.0443
6.0658
8.6911
9.0807
8.2707
8.5727
7.9939
8.6950
8.2494
8.1707
9.1032
6.9517
8.4031
6.6430
5.9723
6.9754
8.0268
8.0676
6.9466
9.3418
7.8577
6.9593
6.8801
7.2235
8.4687
6.1852
6.9559
5.6408
8.1399
6.6647
4.8576
6.9496
6.4115
5.3254
6.1516
4.9928
6.6891
5.3626
6.1943
6.1083
5.4085
5.4136
5.4731
6.3222
5.2139
6.7661
5.9161
5.9796
5.1433
5.8516
5.8012
7.8085
5.1710
6.3209
5.6217
5.6207
4.7230
5.7808
5.7742
5.9553
6.7222
6.2049
7.5926
6.3338
6.6406
6.5452
6.3190
5.4066
5.7412
5.1910
7.1940
5.7298
5.5677
6.2257
5.8890
5.2805
4.9039
5.5252
5.8192
6.6186
5.2892
5.0422
6.8651
5.1610
4.6010
5.1924
4.8956
6.6959
4.8310
5.4265
5.3244
5.9118
5.0968
5.9366
5.9645
6.1267
6.2577
5.2241
4.9812
5.6556
4.9934
4.9925
4.8217
6.2937
4.4255
5.4577
5.2744
6.0101
5.2260
5.8906
4.8182
4.7779
4.6319
5.9314
6.2782
4.8429
4.9684
5.0183
4.3797
5.2901
5.4291
4.7328
6.0661
4.5228
4.7608
4.9712
6.1951
4.8343
5.7310
4.8266
5.6338
5.0354
5.6270
4.1902
5.1365
5.1170
4.8836
4.3287
4.7224
6.3725
5.4451
4.3182
5.0010
4.2468
4.5317
4.8008
5.1048
4.9395
6.7199
5.8897
4.7272
6.3702
6.5415
4.9295
5.0219
5.6258
5.2693
5.4965
4.6381
5.5616
5.8204
5.8285
4.3537
4.0524
4.6917
5.7167
4.0246
4.2849
6.3560
4.8661
4.2292
5.1685
4.8098
5.4802
5.1940
4.5548
4.8127
4.8584
4.8822
4.8325
4.4329
4.3978
6.2511
5.4122
4.6269
6.2188
5.7720
5.3734
4.6703
5.0095
6.0880
5.4847
6.8377
5.4501
4.8700
5.3571
5.2778
5.2075
4.8326
5.3098
