19.9976
8.9053
7.8862
7.8919
7.2963
6.2602
6.2373
6.8513
4.7955
6.3354
5.5668
5.8005
5.4832
6.4719
4.7676
5.8659
5.7382
5.4556
5.8942
4.5320
6.4118
5.4259
6.5174
4.8498
4.7252
5.5428
6.4186
7.7573
5.3357
4.6173
4.6434
4.8266
4.9298
7.0516
5.4425
4.8570
5.1335
4.9406
4.9941
5.2544
4.6120
5.5676
4.6895
4.8816
6.1506
5.7496
4.7062
5.5714
4.7197
5.6649
4.2577
5.4174
4.9219
4.5855
6.4449
6.3022
5.3879
4.0433
5.3871
4.5711
3.9160
4.6057
6.0684
3.6725
6.7044
4.9660
4.4040
4.8390
6.0960
5.0156
4.6568
4.5410
4.8360
4.9313
4.5367
5.4432
5.4937
5.2116
4.8511
3.8809
6.0114
5.6198
4.3991
5.1644
4.6860
5.2190
6.1024
5.4516
4.3756
5.1994
5.3925
4.7647
4.7230
5.8381
6.6431
4.2007
4.4330
3.6640
4.7749
4.4754
4.5576
5.4046
5.6396
5.2099
4.3851
5.1075
4.9071
4.6976
4.2858
3.7105
5.1563
5.2103
4.7423
4.6043
4.5203
3.3599
5.7281
4.0947
4.3970
4.1988
5.3885
4.3529
4.4453
6.4328
4.9632
3.7887
4.5088
4.4883
4.9447
5.9364
4.8989
5.1048
3.2913
5.3350
4.5143
6.1654
4.0083
4.4259
5.1705
5.1938
4.6380
6.1780
4.9057
5.4101
5.2358
4.5380
4.5383
3.8309
5.0294
5.8796
6.2004
3.8074
3.9339
4.3894
3.9866
3.8478
6.5308
3.9983
4.2238
3.9529
5.4067
4.1749
5.1846
3.8859
5.1642
4.8626
5.8424
5.2741
4.8385
5.6327
3.9694
5.1068
4.4843
5.4288
4.3876
5.1257
4.4311
4.3011
4.7790
5.8864
4.0355
5.7057
5.8278
5.4441
4.4262
5.1813
3.5256
5.2657
4.6157
3.8463
5.2023
5.0814
4.7060
4.6226
3.7974
4.5515
4.0882
4.0554
5.1733
5.0252
