2.7110
4.8468
7.4552
10.1915
10.0110
11.3726
10.5936
12.2066
9.1709
11.3711
10.1821
11.0397
8.9264
10.8352
10.2048
10.0074
9.3525
10.4177
9.0796
8.5865
9.5048
11.5906
9.5419
10.2662
9.8976
9.0565
9.7796
8.2588
9.8874
10.3608
9.4166
9.5035
9.3185
8.7434
8.9197
10.9180
9.7369
7.7103
8.5967
8.5744
9.3961
9.0087
8.8390
8.6575
7.4147
8.2564
8.5225
8.6691
9.1824
8.5237
8.8599
8.9885
9.3266
8.7755
10.8130
7.8103
10.5986
7.8846
9.6313
11.6452
8.8582
8.0947
8.4762
8.4559
8.1315
8.8651
8.9768
8.7320
9.3816
8.6113
8.3378
7.3817
8.8967
8.4410
8.4990
7.8822
8.4075
7.2881
8.6077
8.2300
7.4652
7.8709
8.2812
7.1917
8.3012
8.2535
8.3134
7.8712
8.9301
8.5888
7.5423
7.9443
8.3769
8.9436
7.1345
7.5913
8.3342
7.4227
7.3970
9.2068
7.1950
7.7610
8.4879
7.9870
8.0028
8.9301
7.5023
7.5686
7.2019
8.1486
8.6390
9.5097
7.2741
7.8375
7.8756
7.5200
7.2931
7.5083
8.1018
8.2644
7.9710
7.9096
8.0711
8.6312
7.4999
9.4171
8.4180
8.8564
6.7522
7.4184
7.9990
8.0879
7.8584
7.2873
7.6626
8.0886
7.4071
7.3190
7.2088
7.1743
6.9629
7.8633
7.9757
7.1928
8.8825
7.5679
7.8558
6.9902
7.0613
6.9623
8.1296
7.7920
7.6951
8.6802
6.3684
7.3397
7.8201
7.2481
7.3206
8.0098
8.3601
7.9745
7.9423
9.0338
7.2429
7.3688
6.6467
7.8522
7.8503
7.2514
6.4147
7.1032
7.4949
7.5355
8.5784
6.8694
8.9955
5.7603
7.0753
6.7799
8.3160
7.8766
7.4794
8.3819
8.0065
7.0476
7.0929
7.2437
7.4636
8.1649
7.0074
6.8156
6.5566
7.4556
7.6588
6.9450
6.8385
8.1792
6.9279
7.1857
