1.5368
7.0455
5.5799
5.2978
4.7872
4.8328
4.4639
3.8855
4.0688
4.2077
3.7044
3.6506
4.4104
4.4640
3.5201
3.9595
3.8603
3.6192
4.2125
3.6625
3.7258
3.5903
3.6082
3.5438
4.0340
3.0476
3.2311
3.8745
3.8283
3.4198
3.5917
2.9265
3.2869
3.0509
3.1805
3.0802
3.4067
2.7841
3.3627
3.1026
3.4571
3.5775
3.2060
3.1036
3.3012
3.0201
2.9721
3.2851
2.8562
2.8467
2.9269
3.0394
2.9479
2.8952
3.4722
3.1257
2.8903
2.8745
3.4287
2.8858
2.9444
2.7722
3.4588
3.4557
3.2772
3.2851
2.7745
2.5515
3.1125
3.9303
3.0892
2.8304
2.9701
2.7966
2.8214
3.3281
2.6969
3.0166
3.1415
2.7049
2.8042
3.0015
3.6251
2.8499
3.3308
2.7125
3.0879
3.2102
2.7450
2.9200
2.9200
2.8373
2.6606
3.4791
2.6807
2.9041
2.9812
2.6705
2.9223
2.7361
3.1300
2.9513
4.0641
3.2640
2.8777
2.8544
3.0373
2.9033
3.1838
2.3608
3.2468
2.6816
3.1779
3.0877
2.6340
3.0038
2.8691
2.6491
2.8623
3.5198
2.3746
3.1438
2.7944
2.7923
3.5450
3.2303
2.6192
2.9884
3.5072
2.5326
3.5427
2.6600
2.6725
2.6056
3.4043
2.8651
2.6907
2.5279
2.9508
3.0054
2.6782
3.3133
2.8576
2.7810
2.7618
2.8340
2.7425
2.6651
3.2950
2.7869
2.4189
2.5482
2.6990
2.5511
3.2566
3.1582
2.5487
2.6882
2.9395
2.8759
3.2219
2.7798
2.7023
2.7235
2.6759
2.9455
2.8623
2.9934
2.7098
2.7521
2.7348
2.6453
2.7143
2.6739
2.2957
3.1966
2.9210
2.4518
2.5532
2.5837
2.6172
2.5606
2.7786
2.7535
2.9667
3.2292
2.6255
2.7030
3.1107
2.9913
2.4174
2.6687
3.0054
2.6407
2.8042
2.7333
2.7441
2.7978
3.3053
2.5641
