3.0614
4.7149
6.9678
10.2464
10.2994
9.9019
8.8136
9.5835
7.3452
9.0161
7.6236
7.9665
8.1010
9.0740
6.3498
8.1869
8.5208
6.8946
7.6412
7.3199
8.7403
8.0232
8.2022
6.0264
5.8984
6.5914
7.3039
9.0515
7.2817
5.9724
6.1065
6.2641
6.7186
8.1261
6.9135
6.4279
5.4296
5.1672
6.9334
5.9305
5.4400
6.8441
5.6718
6.1064
5.8370
6.9009
5.4836
6.2154
5.6341
5.9727
6.0678
4.7821
5.3953
5.8301
7.9400
6.8715
6.0563
4.2295
5.7363
5.9138
6.3645
5.9323
6.6089
4.5962
7.4374
4.8689
4.7908
5.4088
7.3036
6.9126
5.5352
5.6775
5.2264
5.1079
5.1855
6.4381
5.9725
5.3214
4.7595
3.7455
5.6190
5.9377
6.0806
4.7177
5.5378
7.2764
5.9756
4.9728
4.5972
7.3978
5.7931
4.7038
5.5750
4.9239
6.8087
4.7411
5.3481
3.5964
4.3587
5.4555
5.2848
4.9568
6.1809
5.6203
4.3698
5.6761
5.1181
3.6067
4.6348
3.8057
4.3258
4.6493
3.9271
5.1738
5.0616
3.3769
3.9747
4.5768
4.4886
4.2319
4.8086
4.7233
4.4253
7.3506
5.3225
3.8990
4.4908
5.0541
3.8403
6.3349
6.0203
4.7293
3.3862
5.8261
5.1256
6.0387
4.0873
5.0137
3.9807
5.2578
5.0660
8.7086
4.9999
5.2664
5.3421
4.4660
4.7885
4.8508
5.6204
5.4984
7.3086
3.3970
4.3531
4.4981
3.4746
3.7293
8.0550
3.5644
3.4404
2.9977
2.4581
4.7782
5.4041
3.9012
5.7949
4.7497
5.5803
4.6956
4.9238
6.3589
4.1469
4.7474
4.3311
7.3127
4.4882
5.5032
5.4049
4.8364
4.2998
6.1446
3.9974
6.5104
5.1062
5.2356
4.4463
4.3691
3.2937
4.3226
4.3328
2.7143
5.0846
5.0063
4.5506
4.6096
3.1938
4.9133
4.4045
3.9249
4.7176
4.3744
