3.1811
7.3590
9.9904
12.7012
11.7081
15.5728
16.0008
16.9262
18.5287
17.8538
18.5140
23.6370
23.1399
20.2720
20.0369
21.3815
20.5689
21.7301
20.1153
23.4157
20.4458
23.9764
24.1276
21.3317
23.1060
22.6871
23.1258
27.4889
23.7870
23.1411
24.7875
25.5769
23.0923
30.3861
28.0778
32.3479
25.6153
28.8703
28.5171
28.8677
27.1932
29.4494
27.2573
26.7115
30.3166
30.7440
27.7592
28.6667
33.4477
27.2023
28.6973
31.6965
32.4553
33.1367
32.9768
32.6332
31.2488
29.9573
35.3368
31.8735
28.2844
39.5595
38.4594
34.3687
27.9638
32.7945
35.8998
33.3258
38.4470
39.0650
41.2688
32.1660
33.7232
30.3095
31.1399
31.2518
40.3432
39.5892
33.6257
40.1064
42.3054
35.0522
40.4087
33.4667
39.4835
36.8193
30.7408
35.2075
34.6080
34.0467
37.8085
36.8359
40.6227
39.0832
33.4278
33.4952
38.0254
41.7059
35.0352
32.2548
37.8475
30.6025
31.6139
37.7777
33.5570
30.6593
35.2440
38.0228
40.6659
37.3429
35.3938
32.4571
37.1639
34.7026
32.9233
34.7061
35.2239
33.8153
36.2760
32.2467
39.7467
34.5284
30.1616
28.7428
33.8650
33.9873
41.8479
36.1075
29.8282
38.7424
31.6459
34.4091
33.0197
32.7820
35.4255
36.6202
43.6777
35.3806
39.3859
42.9635
42.5024
55.0759
40.3006
50.9534
36.9355
43.6963
33.6927
40.9340
47.8699
52.9982
49.7598
41.7434
39.9727
44.8096
39.7328
49.1889
54.5632
49.1679
66.1352
40.0250
53.9433
54.1667
64.3167
40.0413
38.5679
53.9713
38.6769
49.0097
50.0479
60.9644
61.0622
56.5517
51.9499
45.6397
40.9522
66.1689
43.3901
63.3458
53.3203
58.5576
61.2798
60.0296
62.2505
59.3753
52.2769
57.6465
53.3261
55.8351
69.1909
61.6302
52.2173
66.3815
63.9153
52.3402
44.1050
59.1304
59.5650
60.1169
55.7357
59.9150
