3.5630
6.3964
9.3280
10.1484
9.6209
6.4871
8.0686
9.1075
10.6771
9.7025
8.4961
9.1208
9.0513
9.8155
8.3477
9.2407
8.5867
10.3584
10.5873
9.9594
9.7508
9.9802
9.8223
9.9565
10.5989
9.4177
12.1697
10.9174
13.0731
12.9237
11.0274
11.1313
10.8688
10.3372
10.0764
11.6567
8.7204
11.7489
13.6410
11.0744
13.7773
9.6036
11.3131
10.7057
12.5259
11.5400
13.1273
10.1738
13.5129
11.4957
12.1781
11.5472
12.4035
11.9386
11.3967
10.7859
10.6720
11.6185
12.1204
12.0198
9.9170
12.0300
10.2603
12.4290
9.1436
12.5024
12.7948
13.9258
12.3241
12.4163
12.2479
11.2238
10.5034
9.5543
14.2511
14.1032
15.5638
12.7696
12.6132
11.2983
12.8536
11.9490
12.1381
9.9002
9.9975
11.5839
11.8769
10.6813
11.4213
10.7342
11.2639
10.4828
10.6066
13.1732
13.1707
11.1282
9.4390
10.4802
10.6231
10.4149
9.3909
9.8016
11.6227
12.7140
13.6522
16.6028
14.7815
13.8962
14.6097
12.6084
9.4892
11.3460
15.4851
12.4092
11.4989
10.5066
9.1886
11.1096
11.4080
10.1239
13.6229
14.4799
13.4904
13.3184
14.9229
14.0868
13.2588
15.4930
12.9968
12.3348
11.0285
10.4651
9.5693
11.3116
10.2372
11.5947
13.0593
14.8975
13.2421
13.2862
12.8619
11.3102
12.4552
16.1571
14.6824
9.9647
10.8526
11.3145
11.0763
9.3066
12.8775
12.3811
13.0593
13.8496
12.5006
10.9246
10.9355
12.4983
13.4007
12.2899
10.1366
8.6292
11.6196
14.1653
15.0272
13.5653
16.3909
16.0404
11.1859
10.4694
10.7481
12.6473
13.1206
9.9130
9.6651
14.8273
13.8868
13.3315
10.3462
12.2206
12.4195
10.0563
10.9154
12.1314
10.6390
13.9279
15.5466
13.9841
15.8948
16.0637
17.8016
16.2970
14.1397
15.1153
12.2866
10.7578
11.1879
15.2393
15.1153
13.3960
