4.0068
6.9577
10.3007
10.2380
9.2948
8.6409
8.0839
8.1399
10.1590
9.7911
10.4194
9.4128
8.0450
9.3438
11.4129
10.6643
9.5632
9.4945
9.7089
11.3319
10.9537
9.4379
9.4276
9.2428
11.3344
12.0660
10.7279
9.3730
10.1802
9.1354
8.7127
9.6695
13.2197
9.0801
8.4452
10.0338
10.8470
11.5622
11.8124
13.9456
11.9293
10.3637
9.8421
9.9309
12.2485
12.3636
10.8808
10.8670
11.3856
11.0999
10.6378
10.2613
12.6155
11.2399
11.9485
13.7371
9.8987
13.0820
13.0189
13.4577
15.2260
12.9406
13.2627
13.5115
10.9740
13.3019
12.7223
11.4408
13.9341
12.1047
10.6354
10.6619
11.8365
15.0613
12.2142
18.3782
11.4278
9.6098
14.3419
11.6620
12.3186
10.2262
13.2571
14.5788
14.3268
12.6623
9.9984
11.9334
12.0426
17.1804
15.1343
16.2942
13.4219
11.8465
12.8627
13.8156
12.1440
14.3166
12.5218
17.2375
12.8932
14.6840
14.6404
11.9143
12.5599
12.4745
12.5537
16.2498
17.7230
13.5668
13.9697
14.6092
14.6029
14.1860
12.9943
11.2546
16.1881
12.4229
15.1016
11.7636
13.0186
13.1816
13.2112
13.5086
17.0116
13.7785
13.1287
13.4599
15.2835
16.5309
15.9046
14.7051
14.2644
19.1765
13.7964
11.8282
11.8151
13.0957
11.2759
13.9904
12.0051
16.2127
15.8811
18.8891
20.3715
14.9057
18.7246
16.1609
14.5781
11.1165
12.0391
14.4028
18.8477
14.2443
15.6425
14.0459
14.5849
15.6971
17.8226
13.7487
12.9584
12.0600
16.7034
16.1218
18.5797
14.4257
12.2691
16.8456
12.5371
13.3450
12.8452
18.2773
15.8361
18.3022
15.9177
15.8892
13.6129
13.0682
15.9705
13.5237
14.8245
14.2607
14.5584
17.1933
12.0631
16.2473
14.0275
11.8490
19.9949
16.2417
14.5690
14.1686
12.0445
17.7842
17.7973
17.7070
17.2860
21.8251
15.9221
14.6087
