4.5563
4.3222
4.7923
5.5379
7.1431
7.9390
8.9588
8.4435
7.0565
7.3318
8.3334
7.8488
9.3501
8.7364
10.1162
8.6633
9.7019
8.9256
9.7394
9.6248
11.3205
10.7509
9.4420
10.6282
11.8210
11.3116
10.0053
10.3464
9.3415
9.8614
11.4101
11.0985
9.7105
12.3008
11.2829
14.0424
11.8101
9.9393
8.6397
9.5633
9.6510
9.7681
9.5141
9.8472
9.1051
8.8493
9.9120
9.7051
10.2356
10.1045
10.4391
9.9753
11.0271
12.0678
10.0471
11.3836
10.4225
12.6875
10.4748
10.1655
10.4822
12.5429
13.7520
10.0830
10.8966
10.5185
10.4668
11.5884
11.1567
11.7578
11.0378
8.8494
11.1102
9.5235
10.0401
9.8701
9.9637
10.3324
10.2079
10.1669
9.7177
10.2407
10.1516
10.1385
9.4067
9.2863
10.4821
10.0848
10.2904
9.2196
8.4286
8.3060
10.8378
10.3199
9.5587
10.2793
9.6003
9.6425
9.6578
10.9957
11.6411
11.5727
11.1165
10.3760
9.1786
9.3176
8.9461
9.9020
9.5527
10.8605
12.3500
12.2623
11.8007
10.8210
10.2736
12.4043
11.1738
11.9678
11.4513
12.2984
12.2942
10.7258
9.9709
9.2242
10.8596
10.4021
11.7748
12.7884
9.3287
11.1693
10.2208
9.7780
9.0860
11.3537
9.5601
10.1774
10.1740
8.7141
10.5893
12.3680
12.0962
12.4886
11.2649
12.1097
12.8489
11.4341
11.3073
13.5577
11.4703
12.1892
13.0377
11.7836
11.3474
9.5347
10.8592
11.3391
11.3564
9.6799
11.9355
12.0221
11.6594
11.6588
10.9984
10.7440
11.6156
10.6351
9.9200
9.4744
9.7936
10.1672
11.2301
9.2933
9.8217
14.4486
15.8842
13.6652
14.3515
10.7552
11.4093
14.9681
10.5151
11.7696
10.9079
10.6585
9.6545
11.6924
13.3463
11.9500
11.0563
10.6769
11.1869
15.8514
17.1719
11.6313
11.3950
14.9673
10.4933
11.6027
11.1363
11.4452
