2.5724
2.5479
2.8932
3.2677
4.3652
3.3910
4.1931
4.0003
3.1208
3.1421
3.0285
3.0648
3.4032
3.1322
2.8185
3.4959
2.2275
2.9731
2.4711
3.5245
2.3134
2.2484
2.4991
2.8166
2.5154
2.5939
2.6724
2.9003
2.9709
2.3196
3.4908
2.5435
2.0603
2.2136
2.4550
1.9170
3.0121
3.3072
2.3029
2.3974
2.2941
2.1315
3.2500
3.4051
2.4203
2.7846
2.4530
2.9472
2.5653
3.3983
2.2917
2.5211
3.1805
2.5276
3.4278
3.5098
2.7690
2.0997
2.8735
3.5863
4.0541
2.5919
2.5137
1.7619
2.6489
2.3108
3.2035
2.2829
2.6736
2.4151
2.0152
2.9097
2.5710
2.3895
3.0385
2.5075
2.3026
2.5115
2.7462
1.8543
2.5377
3.3194
2.9843
2.6478
2.2501
1.5132
1.8884
2.6894
2.6214
3.0773
3.2761
2.3214
2.3822
2.1066
2.7351
2.0183
2.4420
2.1954
3.3142
2.0023
2.2754
2.7256
2.6122
2.8011
2.6432
2.3635
2.9234
2.3110
2.3240
2.0244
1.7690
2.6234
2.7052
2.4366
2.5195
3.1350
2.4384
2.0887
2.3897
2.4461
2.6615
2.4444
2.4947
2.3545
2.1873
2.5701
2.2621
1.8458
2.2325
3.4470
2.4360
2.4920
2.0577
2.1463
2.3541
2.4689
2.5944
2.2229
2.1081
2.6485
2.3726
3.0507
2.0746
2.3182
2.0566
2.1833
2.3515
2.6193
1.6873
2.5907
1.6475
1.7485
2.6106
2.2331
2.2716
1.7898
2.4978
1.8598
2.3883
3.1361
2.3283
2.0251
1.3550
2.2214
2.0807
1.4078
2.7828
2.8643
2.3039
1.7971
1.5667
2.2399
2.0478
2.0828
2.0057
1.7812
2.0100
2.3219
1.9682
2.3908
2.6262
3.0130
2.5575
2.4008
1.4979
1.9059
2.5295
1.7207
1.8391
2.6996
3.2980
1.8824
1.7217
1.8880
2.3758
2.1496
1.8603
1.6346
2.4361
1.7735
