16.1846
9.4174
11.7528
10.6981
11.6202
8.1254
8.7775
7.8258
7.6670
9.3726
8.3585
7.7685
7.1353
9.5318
8.7511
7.6522
7.9397
8.2388
6.6794
6.9418
6.4030
8.8139
6.5754
7.3489
8.5120
6.7059
7.7184
8.0861
7.0218
7.3789
6.8789
7.1404
8.9137
7.0161
6.4027
10.5708
7.1100
7.3213
7.3392
7.1953
5.4404
7.2094
6.5817
7.2146
6.6042
7.4586
6.2153
7.8321
7.4541
7.0663
6.5726
6.7689
8.1044
8.7556
6.4780
7.7036
7.4398
7.4871
7.1184
8.0983
6.4086
6.3519
5.8823
6.2740
6.5246
7.3367
5.5984
8.3835
5.9618
6.0631
8.1238
5.6872
6.0505
6.4676
7.6297
5.6225
7.4980
6.1948
7.4895
6.5783
5.6538
7.2500
6.7044
7.4648
6.1184
7.4275
6.2053
6.8737
5.7731
7.1078
6.4450
5.3910
4.7010
7.1718
7.7296
7.4944
7.4326
7.6233
6.9418
7.8742
6.3373
5.4232
7.2648
6.8348
5.3324
5.1565
7.2838
6.8510
7.1105
6.4232
6.2439
6.3169
6.4746
6.6431
7.3616
6.4002
6.9975
5.8331
7.0613
6.1866
6.7737
5.7179
7.2958
7.1278
4.9152
5.8223
8.2361
5.7466
5.9535
5.9507
4.7328
6.6507
6.5038
5.4990
5.8799
6.4645
5.3695
6.5568
7.4230
7.3855
6.7967
7.2754
4.8847
5.6275
5.8589
5.7208
8.1232
8.2921
6.5105
7.8775
6.5522
5.6868
5.2917
6.5151
4.6368
6.9571
6.7973
5.6322
4.3682
5.7963
9.0007
5.3691
7.5498
6.1309
5.6918
6.7129
7.8277
5.8779
7.1284
7.0446
6.2597
5.7414
4.6406
7.3113
6.1563
6.3857
5.5655
4.7402
6.4069
5.5447
6.3782
5.6220
5.6240
6.6318
6.6054
6.1896
7.8006
6.3766
6.6825
6.2925
4.9483
7.1232
7.1004
7.5721
6.6089
5.8327
6.9052
7.4812
5.6444
6.7689
