16.1456
4.0593
3.3718
2.1722
2.9359
1.7850
2.6845
2.1890
3.6342
1.6899
3.6507
2.2682
2.2317
2.2179
3.1603
1.4863
1.5216
1.7634
1.4503
1.9056
1.9148
2.6319
1.9366
2.2130
2.8590
1.8624
1.4815
1.5341
2.0896
2.5450
1.4459
1.7940
3.0494
2.1303
2.7930
1.9021
2.3769
2.1904
1.0459
1.6079
2.4477
1.1278
1.9234
0.7610
1.9559
2.0383
2.5175
1.8037
1.5001
1.9146
1.6890
1.8425
1.2776
1.2246
1.9205
2.9216
0.9929
0.8441
1.5598
1.5047
2.4218
0.8769
1.0419
1.6331
1.6237
1.7368
2.1081
1.8002
2.6726
1.9303
1.1485
1.5441
2.7094
2.7144
1.8053
2.0653
1.4218
1.1678
1.8779
2.8618
1.6971
2.1448
2.7053
2.9108
2.1461
2.8428
1.6055
1.1618
1.4206
1.8864
1.6378
1.0124
1.1810
1.1677
1.8188
1.0148
1.3807
1.1543
1.0315
1.4516
1.5962
1.7354
1.5828
1.1701
1.4645
1.2085
1.2843
2.0071
1.7328
1.9497
1.4915
1.5342
1.9097
1.6807
1.6939
1.7018
1.2419
1.7599
2.2310
0.7915
1.1016
1.9870
1.9505
1.9423
1.3468
1.6735
0.8420
1.5167
1.5085
1.4544
1.7114
1.4535
1.0749
1.0960
3.0639
0.8830
2.2648
1.1637
2.0336
1.6251
2.5069
1.2185
1.5523
1.0210
1.9377
0.7350
1.4060
1.3900
0.7968
1.3842
2.4630
1.0382
1.7458
1.4925
0.9506
2.0828
0.9049
2.5018
1.3847
1.0385
1.0201
1.4563
2.1764
1.6256
3.1978
2.0542
0.8349
2.7368
1.5786
2.4783
2.2919
1.3250
2.2077
1.6552
1.4147
0.8482
2.0981
1.1068
1.0332
1.5439
1.6910
1.5876
2.3464
0.9342
1.7996
2.1037
2.5248
3.4994
1.3143
0.9729
2.6309
1.4981
2.7868
1.5966
2.4565
1.0308
1.0187
1.2617
1.4794
2.2404
