2.3339
3.7400
5.2871
6.9725
7.5873
6.9552
6.4600
8.0169
6.2859
6.3040
7.1923
6.4121
6.3653
8.4003
7.9642
6.5131
5.8720
6.1435
5.2026
6.9404
5.0081
5.9481
6.8821
5.3253
6.3450
5.6615
5.6682
5.9301
5.0415
6.5190
5.7962
5.7708
5.6707
6.1324
4.8101
6.8931
4.5885
4.5466
4.1458
4.7770
4.9608
4.6434
4.7994
5.7042
4.7557
5.0732
6.7648
5.7299
6.4519
6.4601
5.4703
4.6526
4.6400
5.0200
4.9825
3.9869
4.0642
4.3472
4.4423
4.9681
5.8396
4.6841
6.5380
5.0227
6.1033
4.3304
5.1496
5.8472
3.6199
5.8872
4.9926
5.5386
4.4207
5.0866
5.1029
4.3505
5.0728
4.1676
5.5872
5.2416
4.4579
4.7906
5.3764
5.4661
5.1384
5.2784
5.4750
5.0812
5.9243
4.0534
4.3090
6.2365
4.3011
4.3513
5.0552
5.2872
6.6456
4.5485
4.7076
5.1477
5.3424
5.7588
6.2975
6.3826
3.7706
5.6220
4.1967
5.8229
5.2005
4.6992
4.8663
3.9431
6.4943
5.1053
4.1772
5.3842
4.5681
4.9891
4.6067
4.5594
5.0153
5.1240
4.1687
3.5056
4.7848
3.7515
4.6361
5.5228
5.4530
3.8918
5.9653
4.0363
4.7756
4.6440
5.1596
5.9589
4.6816
5.2960
5.5360
4.0362
6.1579
4.3963
4.9045
4.6828
4.4370
4.3792
4.3928
4.5809
4.4890
3.6017
5.0508
5.2513
4.2926
5.3814
5.4679
4.4065
5.5278
4.9737
4.7211
3.7766
4.8609
3.6763
4.3457
4.6321
4.8335
4.1281
4.3871
3.8567
4.2433
5.0032
4.0348
3.8373
5.2231
5.0736
3.5544
4.5128
4.2417
3.8727
5.1600
5.2776
4.3543
4.4461
4.2935
5.2793
4.6527
4.4950
4.3325
3.9372
4.3349
4.2090
3.9580
4.5941
4.5220
4.3852
4.9066
4.6482
4.6441
4.8190
3.7387
4.0380
