5.0125
4.9598
6.6712
8.3471
9.1466
11.3533
11.8922
11.9635
10.7670
11.7249
12.7613
14.3131
17.1456
16.7777
18.3778
19.2021
21.0071
22.6681
22.7358
28.0632
23.4551
24.1020
24.9307
26.5239
27.4341
26.7579
29.2279
27.5798
26.2465
24.5749
27.0353
28.5410
30.4781
32.3492
30.6802
38.7092
34.9116
32.7678
37.1824
31.5638
38.4002
30.4193
35.6724
30.1004
37.7445
33.6415
30.3206
36.5439
36.2389
38.2554
39.9143
32.5261
39.5936
39.5146
40.3096
34.9179
35.4925
31.8727
38.8170
35.8749
38.1632
39.7640
40.9523
38.2196
36.6675
33.5313
40.4398
40.5556
39.9496
41.5742
40.5034
37.6597
39.7511
40.1191
33.5327
37.4159
38.9753
38.6159
42.4253
39.3542
35.8481
45.5042
40.7397
36.4922
40.0404
34.9999
39.9662
36.1853
40.8689
37.4201
38.7754
37.6900
36.8674
38.8640
50.0532
37.6913
42.0472
43.0875
42.6220
38.1429
36.7658
46.0433
35.4717
45.8159
47.6142
46.7565
45.7351
49.3865
42.3217
41.8685
47.1060
43.2235
44.4674
39.9902
38.3384
58.2800
35.1963
55.0231
45.6960
48.8268
42.7416
46.0005
42.8582
50.7483
36.4175
48.1408
39.9626
47.9976
41.5021
43.8668
50.2541
48.1560
44.5240
34.7863
36.6843
52.2918
41.5384
62.3312
53.8945
42.3533
44.4839
57.6451
40.0859
49.7369
40.1144
45.3022
48.2642
47.2731
48.7396
44.0863
37.1442
53.3901
40.6123
49.7252
47.9676
47.1285
58.3470
46.8550
45.1439
41.0336
54.1957
39.7893
42.6990
37.4405
45.3492
46.8142
48.5824
49.0827
50.2645
54.0317
59.0446
40.3090
46.9977
37.4909
40.9526
52.4983
59.9473
41.4676
44.8490
48.1187
46.8104
43.0406
42.6526
38.2528
42.5535
55.3753
48.3544
42.4669
40.9769
52.8370
47.8040
58.6740
39.8780
49.3856
50.7295
38.3939
43.6977
45.7101
56.1422
55.1607
