10.0524
10.9799
7.7118
8.3011
7.9181
7.1436
6.6800
6.5663
6.6225
6.7100
6.7314
6.2332
6.9660
8.1419
6.2853
6.8160
6.6615
8.6646
7.3029
7.7503
8.1529
8.4327
8.6329
7.4325
8.0916
7.4416
8.1844
8.2115
6.6713
6.0154
8.0284
6.9969
7.1988
8.4474
7.6057
6.3688
6.7381
8.1728
8.1840
8.1899
7.3850
6.3731
7.9620
7.3015
6.4808
6.7145
7.5358
6.1718
8.3303
7.0266
6.5724
6.8696
8.7217
7.4081
6.5929
7.2631
6.8396
8.0303
6.4496
6.1552
9.3835
7.2378
6.8964
6.8191
7.5438
7.1289
8.3008
8.3617
5.8997
8.5153
5.5708
7.3366
7.9627
6.1537
8.0581
8.1235
7.3115
7.9215
5.5194
7.9907
7.3782
7.4169
6.7521
8.0262
7.7724
7.6176
6.8236
6.9864
6.1013
6.0975
7.9541
8.1858
8.8917
6.4016
7.1967
7.5269
7.6286
6.3372
6.9660
6.7220
8.5674
6.7921
6.5585
7.5783
7.8361
6.5861
6.2882
8.3284
7.1990
7.8885
5.9239
8.8002
7.6315
6.2564
7.6523
6.0067
7.8835
7.6441
7.3385
8.9496
6.7260
6.5783
6.2110
7.6284
8.7161
6.9602
8.2655
7.1568
7.5687
7.1632
6.0426
7.3733
6.8925
5.9820
5.7027
7.9976
6.3473
6.6140
8.0756
6.2758
6.9536
7.0760
7.5963
7.4392
6.4122
7.6361
7.0843
7.0129
6.9406
6.9374
6.8921
5.7633
7.6665
6.6604
7.7653
6.1157
6.4124
6.8462
7.4470
7.3773
6.1246
8.3937
6.3470
7.0132
7.0818
8.0737
7.4744
6.8449
6.4392
8.3073
6.3657
5.8091
7.2641
6.7668
6.8362
6.9525
7.0547
7.7551
7.3776
9.2131
6.2997
8.0426
8.2454
6.8807
7.5379
6.9503
6.3625
7.1262
8.6013
7.1156
8.1710
7.9759
7.6376
9.3916
6.0692
9.1048
6.9467
7.2217
5.8523
8.3499
