9.7750
9.3839
8.5395
7.6370
6.7528
7.0406
7.8786
6.1741
6.5853
7.8913
5.9447
7.1535
8.0034
7.5910
7.1042
6.7253
9.5008
5.5009
7.8398
7.3274
7.5772
6.9376
7.3462
6.6843
6.9206
7.8020
5.8003
6.4171
6.2521
7.0710
7.5785
5.8398
6.7434
7.9015
6.8126
5.8570
7.2095
7.0106
7.8806
6.9304
5.4178
6.9419
7.6512
5.9238
7.2023
5.9270
7.8445
5.4685
6.8822
9.4050
5.8635
7.2781
6.0844
6.5012
7.0496
6.6855
6.2316
7.4865
7.6532
8.6602
6.5500
9.6071
6.9701
6.2674
6.2040
6.7259
6.9684
7.6890
6.3645
6.3088
8.7841
7.2864
7.6181
6.7710
6.5329
6.6557
6.7265
4.9603
5.9158
7.1681
6.6551
4.9761
7.3672
6.6945
5.7758
4.7509
6.8463
5.9845
6.5314
7.6948
7.0795
8.3841
7.0337
6.3181
6.0830
6.0255
6.9780
6.9017
7.1575
7.1242
6.6125
6.4568
6.7555
7.8880
6.4270
6.0698
6.2131
7.0026
7.9994
7.1265
7.0565
5.4194
6.6227
6.4468
7.1323
6.3493
7.1565
8.8031
7.2312
7.3681
7.4216
5.5158
7.6874
7.4030
7.4546
6.6566
7.9253
7.4960
8.1213
6.9165
5.9087
8.2284
7.7556
7.4173
6.7120
6.7246
6.6626
6.1337
5.0595
6.3301
5.8754
5.2061
6.9803
7.1139
7.0463
5.6117
7.8066
6.2419
5.7508
7.1538
8.6806
8.2768
7.8743
7.0796
7.1859
5.3003
6.4829
6.5697
6.2476
7.3348
8.8097
6.4059
7.9939
7.5043
7.1129
6.1863
8.2616
6.2326
6.6928
6.2331
7.0141
6.7878
6.5337
8.1194
6.9833
5.9546
7.2273
6.4959
7.2061
7.7562
7.1315
7.4467
6.0469
6.8516
6.9704
7.0937
8.0478
5.8692
7.2463
7.0325
6.8318
6.6160
8.2724
6.5471
6.7825
5.7338
6.7803
6.8640
6.8867
6.7361
