3.6791
4.3673
6.6876
9.3675
10.8185
11.8356
13.9061
15.7412
16.6840
14.7284
13.2041
14.7170
13.2263
12.9230
12.9751
13.7031
15.4195
16.9950
14.4597
16.1407
15.3782
15.1772
14.6799
15.7096
17.2676
17.3952
16.7715
20.0616
17.3439
19.4298
19.3640
20.4934
21.2386
22.6302
20.4672
21.7438
23.4941
22.1713
17.8813
23.9556
24.2065
23.5900
23.4629
27.2524
23.0875
24.1002
21.1943
22.4762
22.3369
25.0689
20.1910
16.4035
21.2032
23.9169
20.5998
21.5449
18.3733
22.7377
24.3866
22.9022
18.9953
22.5918
19.7507
25.8722
19.6461
25.7351
23.2691
23.6154
21.4778
22.2704
21.6118
21.6065
19.2736
21.8401
23.6947
18.7143
20.0233
19.3671
19.6559
24.6337
22.0923
21.4046
20.4297
21.8443
21.0614
20.6976
20.9329
20.0116
24.0436
25.8687
22.6768
22.7386
23.8355
21.3661
20.9668
23.2826
20.9417
24.2055
27.7288
26.0909
24.9456
22.5518
24.3474
24.6862
30.1278
22.1975
20.9406
17.8440
19.8655
20.2490
20.3557
23.7044
22.1160
26.2155
26.0404
25.6998
26.9017
23.6197
23.5652
24.4627
25.9063
23.8354
29.0552
26.6227
20.2221
19.5270
19.2004
22.5317
24.2748
23.0335
19.3649
20.1066
23.7565
26.8248
26.1162
23.4687
26.0894
30.1325
22.2532
24.9342
30.2215
31.9969
24.9120
31.3851
23.9032
26.8167
27.8006
30.3310
25.7511
26.2162
31.8170
32.5285
31.6090
30.8827
30.6838
30.5551
29.9105
26.7005
29.2223
32.7352
32.9946
28.1879
29.7417
32.4687
31.4086
27.7119
31.9322
32.4866
30.8595
33.8732
37.7233
36.8429
36.0886
37.5804
31.4124
37.8236
32.8297
35.7355
34.9085
38.0317
37.3131
35.8258
32.4145
40.2229
35.7966
33.8099
37.8148
42.8596
39.9960
45.5689
35.7807
37.1739
35.9653
42.1897
34.1732
36.2105
37.8688
37.1499
36.6646
40.0447
