3.9160
6.7128
11.3468
15.0915
16.8149
18.6148
18.7873
21.1536
19.2998
21.7554
23.2701
23.9216
22.1134
23.1649
27.1335
25.1477
25.4968
25.3204
26.4202
26.7740
25.5167
23.7661
26.5565
25.2896
26.1607
23.8944
25.4124
30.0620
28.3211
32.0071
31.0621
27.5266
31.1130
25.9157
32.5822
31.9819
34.1556
31.8414
30.6392
35.5157
33.3480
32.9517
38.3112
34.2195
31.3007
32.8290
38.7322
33.6993
29.2538
31.8768
29.9909
35.4654
35.8735
36.0897
31.6940
34.5586
31.7428
34.7101
33.4188
35.4710
29.0777
32.2255
32.4004
36.7489
37.0126
32.4139
36.7296
37.3599
29.1095
38.7640
34.7451
35.9132
39.6656
35.3803
33.6493
38.8407
46.8928
34.9678
35.2720
36.8941
35.0683
32.4130
40.1914
41.9391
38.6940
36.5508
35.6550
37.8500
35.8568
34.7642
38.2358
37.6554
30.9018
33.2724
37.0152
32.3698
40.1695
38.6952
44.0460
35.1709
41.6071
35.7628
40.0215
35.7267
35.1389
36.2539
32.6022
41.1452
40.3671
40.7749
34.9795
42.9219
33.4950
36.1853
40.7211
33.1369
37.7536
34.2744
31.9938
47.2221
42.6828
35.8218
40.1210
38.5873
44.7273
44.4690
38.4252
42.9685
46.4575
41.7735
32.0710
45.7752
55.7471
44.2695
44.4086
40.7525
37.2239
43.5983
40.5743
30.2291
47.0121
43.8148
35.4486
44.4636
41.9228
41.9213
51.3595
31.9100
36.7695
43.8673
35.9921
45.5293
35.2199
45.9865
37.0591
49.1948
40.9931
35.0952
40.0164
39.7746
30.6300
34.6081
47.3623
43.5482
34.4390
35.9693
31.5659
51.4087
38.0410
39.8061
41.9759
37.7019
27.9901
33.5286
33.0178
37.1622
40.0998
41.9102
36.4780
30.4527
38.8040
41.5748
47.2430
44.9411
39.5173
34.0460
53.7836
35.1900
36.8335
43.0966
44.5523
36.2302
31.8777
52.7217
39.2913
34.9187
43.6738
51.7778
37.6663
46.1154
