17.8512
9.4332
7.7970
7.1114
6.5332
7.0062
6.9830
6.3800
7.5767
7.7875
6.4695
7.2766
6.4928
4.7682
6.8954
6.8136
6.4431
7.8347
6.3804
5.8237
6.3245
6.6990
6.7797
6.7735
7.9287
5.9622
5.5780
5.8552
7.3442
5.9484
5.2253
5.3118
5.3360
6.7087
5.7839
6.3215
6.1068
5.3453
6.0258
5.4771
5.4675
6.1499
6.0012
5.0570
5.7615
5.9050
5.4407
5.8819
5.2501
5.9219
5.9590
6.1152
5.3640
5.5878
5.7220
5.4722
5.8819
6.8592
6.4454
6.7686
5.5794
5.2005
5.1878
6.7772
4.9237
6.5471
6.0809
6.1177
6.0995
7.8431
4.7742
7.3914
5.3911
5.7963
5.0694
5.8326
5.1580
6.7050
5.3838
6.1695
6.2880
5.3752
6.5035
4.9937
5.8637
5.8200
8.2221
5.3849
5.1500
5.9547
5.0815
6.2505
5.1503
5.6903
4.2785
5.3069
6.1233
6.0158
6.0580
4.9447
6.3251
6.3762
5.2931
5.5403
5.2506
6.2201
6.4411
5.8544
5.3765
4.8638
5.6126
6.1806
5.9967
5.1767
5.5192
4.9368
5.0501
6.0784
5.6052
5.4799
5.1248
5.4318
6.0020
6.2683
5.4432
5.5151
6.5609
5.6315
6.0213
4.9444
5.6133
5.1483
5.2859
4.3993
6.6005
4.9726
5.4806
6.2158
5.6720
5.5716
6.1013
4.8591
4.9759
7.1035
4.8035
5.2277
5.4373
7.0917
6.4162
5.0311
4.6799
6.6691
5.6207
5.1316
5.1675
5.4285
4.3216
4.7746
5.5922
5.4627
4.8961
6.6738
5.0767
5.2895
4.5803
6.4518
4.9883
5.7087
5.8220
5.1296
6.2583
4.6249
5.1043
4.8919
5.6927
5.5657
5.1166
5.8927
5.8055
4.7673
5.6952
5.9634
5.5966
5.1501
6.7159
5.7009
4.7702
5.7231
5.7125
5.3485
5.2313
4.7248
5.5490
5.2959
5.6378
5.7673
6.2248
5.7510
5.3191
5.0346
