1.4992
1.4851
2.6052
4.2105
4.0566
4.5263
5.5039
4.2334
4.2302
4.3527
4.1373
3.5027
3.5853
4.8146
4.1481
3.0625
3.6865
3.9450
3.9965
3.4792
3.7695
4.2200
4.5090
4.5888
3.3134
3.2931
3.7354
4.4335
4.0882
3.5259
3.5382
4.1612
3.3644
4.7028
3.3863
4.7504
3.7034
4.4620
3.4249
3.5969
4.5215
3.4388
3.7923
4.1576
3.0776
4.0964
3.5252
4.4295
5.2049
3.4255
4.9402
3.6955
4.3632
4.2590
3.3489
4.3293
3.2086
3.5411
3.8648
4.8497
3.2324
3.1002
3.0696
3.9555
3.8040
3.9863
4.1413
4.6063
3.6965
2.5467
3.8741
3.7736
2.5806
3.6824
3.5384
3.7659
3.3428
3.2573
3.9138
3.7106
3.9888
3.4055
3.5333
3.4963
3.2640
4.0487
3.7363
3.2590
3.4267
3.1278
2.8049
3.5094
4.2390
5.5346
4.3984
4.0017
3.7642
4.4020
2.9027
4.8984
3.1826
3.5776
3.1147
3.1952
2.5832
2.8647
3.7748
3.4517
2.8601
2.5690
3.7772
3.0119
3.3695
4.9376
3.2447
3.3789
4.6829
3.1005
3.0540
4.2369
4.0859
4.0182
4.2530
3.8459
2.9418
3.9206
3.6132
4.4447
3.1214
3.5605
3.2954
4.5370
3.2802
2.8273
3.4874
3.5915
4.2852
3.4390
2.3722
3.3437
2.9326
2.8069
3.2469
10.7178
2.6620
3.0093
4.1831
3.6679
3.5232
2.9149
2.5462
3.2699
4.2381
3.4779
3.3813
3.7279
3.5896
2.3636
2.8664
3.6801
3.1925
3.8400
2.8645
3.7812
3.5553
3.2970
3.2915
3.2603
3.0100
2.6432
3.8509
3.0730
4.0022
3.3885
2.8449
4.1684
3.1151
2.2805
3.6708
3.9285
2.9521
3.4872
2.3947
2.9636
3.3407
3.4763
2.6361
2.8120
3.4608
3.5625
3.0837
4.0093
3.3154
3.7397
3.7141
3.2382
3.2811
3.3381
3.4357
4.2580
