1.7908
1.9610
3.8744
5.7657
8.9057
11.2531
13.0784
16.8712
17.2287
15.6720
18.3002
20.4609
20.4839
21.1136
18.5860
18.7682
21.3249
21.0008
22.7027
20.5920
22.1627
20.9183
22.9329
24.2589
24.8059
19.7029
24.3036
21.3108
21.9839
23.2668
19.9424
21.0416
22.7931
23.0327
21.0347
20.7530
22.2617
22.9209
22.2008
23.3318
19.9261
22.2429
21.8970
23.1462
22.2360
18.6621
22.4784
20.6453
18.8604
21.7383
24.0839
21.5470
21.2438
19.0741
22.4098
19.6682
22.1464
21.6083
19.9146
23.6477
24.4358
22.3996
21.1403
24.7569
21.4009
22.2563
20.6435
22.2259
23.1746
23.5689
23.6282
22.6008
21.3844
22.9923
19.8637
22.1995
21.3004
22.0804
22.0521
21.3999
23.4492
23.1174
20.3961
20.9223
20.5778
23.5080
23.0736
22.6808
23.7950
21.1726
21.7312
23.9540
20.4165
23.0320
25.8356
23.5417
24.0349
23.9784
23.4710
22.6859
22.9858
21.4041
22.2071
23.1903
23.2635
24.3248
24.7050
22.9253
24.1531
23.7979
22.7393
22.2420
22.6579
22.2509
23.4844
22.1409
22.0814
21.9194
23.9181
20.2488
21.5745
22.6175
24.0715
24.1034
21.7277
22.2792
24.5910
22.0261
23.4251
21.4408
21.4439
26.6205
20.8467
21.2901
24.1500
20.5488
22.4399
24.6732
21.8056
24.1114
24.6039
23.4691
21.9542
20.4965
25.0057
22.0609
22.3706
26.4225
21.8212
25.3082
24.0190
24.1037
24.5038
22.0192
24.1703
23.5911
23.1500
23.1870
24.0846
24.2055
24.8754
24.3184
23.8510
23.4133
26.1643
22.6450
23.2107
22.7445
25.4551
22.7027
24.1159
24.9251
20.6008
22.6222
20.1670
24.1360
20.9187
25.9949
25.8445
22.3040
25.5720
25.2273
21.1518
24.8267
22.7583
22.4066
23.0652
22.2135
25.4838
22.4261
25.2021
23.9639
21.3329
23.5510
24.4752
26.6215
23.1605
21.8499
24.4483
25.2962
