5.7755
9.7121
16.0891
18.1672
19.2571
21.3500
19.5801
23.1967
24.2889
24.7401
26.9541
25.3995
27.7699
28.6220
25.1913
27.5889
27.2355
27.4621
28.5154
29.2460
30.9920
27.9889
32.2596
32.3336
30.5440
34.6887
31.0434
29.5036
34.9806
30.1394
33.1987
35.8611
38.5628
35.6079
34.8263
31.8597
32.5074
35.0691
36.8975
45.2405
36.3913
36.2761
32.5117
39.9690
46.1463
37.7538
34.1666
40.0246
35.5206
31.7597
39.7965
37.8610
40.9269
39.1576
40.6695
43.1074
38.3555
34.7722
41.5991
34.9521
42.4732
34.2155
34.2692
45.4233
37.6486
39.4172
36.1341
34.2774
36.2666
34.0249
35.3907
36.1262
34.3795
35.1641
39.9376
30.3650
33.3190
43.1776
36.3562
39.7736
33.1325
48.4069
36.0200
39.6088
34.7960
40.5203
32.5364
41.6890
37.1881
41.9931
41.7353
38.8950
30.3705
39.5565
37.8422
35.9662
37.4823
34.1333
34.9738
35.5540
37.7405
41.0157
37.6803
48.5686
35.3932
34.7612
32.1703
37.1442
38.8370
35.7231
39.4160
38.4980
35.3319
43.0843
36.5128
45.7799
35.2974
36.1310
43.9054
35.9076
32.6461
31.3127
42.5175
45.8008
38.0730
50.8023
36.5132
40.8088
43.0629
37.2400
32.5288
32.5057
39.1841
34.3294
34.3471
40.0513
45.8721
40.7251
31.9109
34.0403
36.7508
45.4641
39.6584
42.9182
47.4107
39.3755
55.0501
43.9897
41.4313
38.3586
32.0434
42.4246
47.2767
37.7874
35.7861
36.7722
41.0206
30.8197
43.1297
41.7715
32.9060
41.4150
44.8405
41.4431
43.8008
37.1559
47.3326
34.6134
34.9627
42.5777
40.0529
42.4936
42.1733
52.2928
37.2696
36.6369
33.2846
44.6069
41.2841
47.7905
50.7713
40.4430
44.4063
39.3165
42.8505
43.2734
42.7609
35.0633
46.5550
34.1303
46.4345
42.3092
44.5532
47.6961
48.5586
38.1924
37.4270
40.2366
54.0654
48.2234
