2.5741
3.1411
5.6314
5.8543
6.1072
6.3408
5.9186
5.6802
6.0779
5.6936
4.4788
4.5144
5.0485
4.7559
5.0979
4.7366
6.1014
5.5845
4.7141
4.3884
4.6355
5.5891
5.2128
3.8125
4.4904
3.8887
4.2202
4.7893
3.8376
3.9239
4.5925
4.2434
3.7079
3.4705
3.2478
4.0125
4.5186
3.8981
3.4985
3.4307
3.6092
3.9899
4.2285
4.1259
4.0271
4.4728
3.8563
4.4065
3.7125
3.6863
3.4999
3.7596
3.6528
4.3026
4.1926
3.0101
2.5806
3.6368
3.4089
3.9315
3.1915
4.0228
3.1846
3.2238
3.6806
3.6608
2.9929
3.2028
3.0916
4.0673
4.3063
3.4246
3.3264
4.0986
4.2020
4.0917
3.1642
3.3132
3.4844
4.5894
3.0005
3.2728
4.2761
3.4016
3.7879
3.4554
3.5741
3.4600
3.8073
3.9654
3.0049
3.0701
3.2203
3.2683
3.3734
3.7993
3.7445
3.0071
2.3307
3.8037
4.6001
3.9221
3.0405
3.5840
2.9609
2.6044
2.9499
3.4169
3.6157
2.8235
3.7217
3.5788
3.7189
3.0595
2.8191
3.0016
3.2456
2.6767
3.0277
2.7425
2.9099
3.0066
4.4956
3.8596
3.7770
2.5892
2.9689
3.3625
2.9839
3.4324
3.2920
3.5506
3.7431
2.6630
2.7716
3.0353
3.4489
2.8495
3.1929
2.4372
3.5614
2.5618
3.9198
3.3267
4.2078
3.6302
3.8454
3.7976
3.0559
2.8213
2.7314
2.8482
2.4981
3.1395
3.0769
2.8404
3.3807
3.6735
3.0230
3.0108
3.7046
3.6642
3.3360
2.6246
3.6667
2.5843
2.6060
2.7097
3.0318
2.6586
3.1886
2.5215
3.1866
3.3188
2.8912
3.5301
3.8128
3.6795
3.3420
3.2850
3.1768
3.7860
3.2954
2.4896
3.8380
2.8484
3.0581
4.1206
3.1450
3.3061
3.2648
3.1490
3.1275
3.1034
3.6379
3.9804
3.2414
2.8883
2.7854
2.8640
