3.1231
5.5403
9.6767
13.8373
13.8759
17.4515
18.1849
19.0290
19.3917
21.0957
20.2708
19.1205
19.2852
18.7285
20.5156
19.1507
20.8305
18.7206
19.7430
19.3063
20.4723
17.1220
16.9373
17.7201
17.7327
18.1672
17.7158
16.5010
17.4548
18.5954
17.4675
17.1788
16.8823
15.6279
15.9044
15.9600
15.5132
14.6203
16.6986
15.1352
15.1916
15.1044
17.2005
17.5156
16.6315
15.3515
15.8451
15.0914
15.2921
15.0275
15.8215
16.1337
16.8837
15.9154
16.1524
16.7525
16.4792
14.8573
15.4733
14.2126
15.4072
15.1647
15.5024
16.0690
15.1548
14.5746
13.6256
14.8682
15.4731
13.5793
14.4563
15.1135
14.2885
14.1043
14.3153
13.8663
14.9454
14.6952
13.7880
13.3213
13.8927
14.9047
13.9886
14.3003
13.0015
14.8434
15.3489
12.3721
15.3866
14.2021
13.5810
12.5335
13.2366
13.7867
13.5970
12.7266
14.0149
14.2157
14.5429
13.0655
14.4766
12.8813
15.3651
13.2186
13.9043
12.4509
14.8876
13.2035
14.0765
13.9709
12.5853
13.3259
13.9542
12.6205
14.1487
13.3304
14.9850
11.8886
13.9207
13.6697
13.8528
13.2832
14.0156
14.0498
13.5422
13.3044
12.8620
13.2332
13.0998
14.0487
13.1026
13.0011
12.4246
12.8586
12.4174
14.4639
14.4132
12.2886
13.7737
12.3986
12.9100
14.1789
11.9890
13.3994
13.1356
12.0575
12.4849
14.4184
12.2491
13.0806
14.1995
13.0764
13.4660
12.4647
14.3132
12.8369
14.2531
13.7887
12.7254
13.1062
12.5181
12.4142
11.4942
13.6904
11.7673
15.4429
12.7408
13.3307
12.1583
13.2825
14.5843
13.2824
12.1091
12.6467
14.7740
13.8711
12.6559
10.9499
11.6141
12.5408
12.5890
12.2141
13.5546
12.3941
13.2060
13.1887
14.2966
13.0105
12.0937
13.2484
13.9714
12.5943
12.7940
12.4776
12.7208
12.9749
13.5915
13.6435
13.6024
12.3918
