2.3977
4.6367
4.7724
5.7906
5.9847
8.9541
5.5962
5.1727
6.7512
4.5099
5.2943
6.0489
7.0117
5.4678
5.8739
6.7751
6.8961
6.2982
8.0611
5.7158
5.3505
5.7467
6.3126
7.3706
6.3654
6.2322
5.8111
5.3244
5.5848
6.4512
7.0466
5.6616
6.3345
5.5009
5.6167
5.6309
6.3259
5.7060
5.2986
6.5040
6.0364
5.5635
6.3240
5.3107
5.0568
6.0569
6.0005
5.3335
5.7665
4.9578
6.3867
6.7844
6.2769
5.9346
6.8456
6.4264
5.9673
6.7021
5.2482
6.1607
5.2924
6.2450
5.4739
6.0453
6.6991
5.5226
5.5248
6.2017
6.2296
6.1155
6.3982
6.9436
6.3579
5.4735
6.8004
5.7852
5.7135
5.6077
7.1859
7.0290
6.7035
7.7607
6.3069
5.5635
7.1072
6.8981
6.0555
7.4398
7.2731
6.6773
6.4795
7.0314
6.2398
6.9215
7.3495
6.7111
6.1298
6.0082
6.4669
6.1282
6.5737
7.3831
6.4269
6.3065
8.3906
5.6468
7.7236
6.5156
6.3374
7.8296
5.8454
6.3182
6.6033
7.5524
7.2465
7.0141
6.9118
7.1035
8.6759
6.6180
6.7496
7.1422
7.5729
5.7390
6.6040
6.9994
7.4250
7.5337
7.3937
7.5046
7.7746
6.7213
7.2369
6.7869
6.9913
7.2444
6.5968
7.1543
5.6678
7.5195
7.0301
6.8476
7.6756
7.3031
6.7341
7.2391
6.1528
6.5428
6.8085
8.0020
7.3929
8.3170
7.9410
6.9721
7.5310
7.9622
7.1767
6.5284
7.2288
7.7648
7.6641
6.3404
7.4249
7.0213
7.4559
8.1911
7.0147
8.1175
8.2970
7.4907
8.5215
7.7859
7.5337
6.5901
9.5667
7.7577
8.1598
7.8749
8.3454
6.9071
8.5936
7.8095
7.1581
7.6791
7.2476
9.4481
8.1753
7.7627
6.6472
7.7320
7.2683
8.8191
8.5807
8.0001
8.7074
8.7183
8.9334
7.8117
7.0461
7.4370
