17.4146
16.1045
10.5221
10.0334
11.2173
11.0859
16.1666
15.8450
15.9200
11.9336
9.2975
12.8443
6.3862
7.0825
6.5878
7.1471
2.6150
2.6617
3.4155
3.3355
3.6726
8.0563
12.5678
19.1295
17.0839
3.3445
4.9485
3.9673
3.9498
2.3779
4.2547
8.0117
4.4119
7.7617
17.6071
20.1761
5.2107
11.7440
9.0640
8.5826
8.0242
6.9702
5.1060
8.7709
8.1076
6.8116
3.3106
2.0582
2.9072
3.8559
3.8642
7.7552
20.0312
9.0093
14.8929
17.7286
12.3951
5.7532
5.7531
11.4865
4.8281
7.0502
3.9146
3.9434
5.5227
5.4609
6.8999
7.0407
12.6204
16.2523
15.9554
6.2110
3.2511
2.5945
3.6178
2.7838
6.3369
13.3212
6.9283
6.3487
5.8618
3.4266
4.1772
3.6533
2.0957
2.6209
17.2112
9.9126
15.6789
19.4652
17.0209
9.7523
16.6112
4.5580
13.2829
3.2254
4.1700
4.8328
3.2974
9.7692
16.8782
5.8868
5.0792
2.7741
2.6807
3.1888
2.1763
4.3014
5.5409
6.3470
5.9975
16.0637
14.9244
16.5223
16.8983
6.7444
3.7387
3.5048
3.7694
3.5130
2.2934
7.6421
9.0798
10.8926
7.4706
10.6385
18.3650
17.6266
4.5145
9.6173
5.2994
9.6100
6.1413
11.5167
16.6562
17.4834
17.1230
8.0679
4.6943
4.0296
2.6167
3.8070
3.7116
3.7650
12.3525
11.8061
8.9501
7.7286
16.7731
19.7076
19.1022
18.2774
6.7701
4.6128
6.3035
4.9838
2.8287
4.8306
7.1942
7.6864
14.0242
8.7028
4.9197
14.7996
4.7105
13.1085
15.3968
13.0656
7.9972
11.8032
6.4779
5.4526
9.2930
7.2761
14.9513
6.6958
4.1508
3.3711
2.7477
2.0681
4.3561
6.9665
8.5453
16.3336
18.6678
4.0995
9.3339
2.8310
2.8998
3.1082
2.5602
3.0853
2.9082
11.7829
5.5345
3.6607
3.2120
7.9361
10.9667
9.6834
