3.0106
4.5458
8.5127
11.3252
11.9554
12.1771
12.4753
13.7072
11.6471
13.2646
13.0572
12.2865
13.2443
13.3648
14.2753
14.2504
12.4783
13.1927
12.5780
13.1393
14.2294
13.5163
12.4709
15.1398
12.3480
13.1074
14.7539
13.2909
12.2701
13.8571
14.8242
13.4152
13.1216
15.0676
11.6981
13.5521
14.3103
12.6593
11.4001
12.1904
12.8390
12.7602
13.8516
13.2988
11.6835
13.2717
13.4817
11.6870
13.8030
13.1518
14.3082
13.2892
12.4030
12.2835
13.2633
13.2956
13.9932
14.8256
12.5540
12.9759
11.9888
11.6067
13.1807
12.7871
14.1682
12.3780
13.6700
12.4393
13.2999
13.5143
12.3158
11.7023
13.5765
14.2297
13.6217
11.0553
11.7326
12.9487
11.4771
15.6173
12.2132
12.8581
12.3316
11.6311
15.4018
13.5003
12.3906
13.1618
12.0560
12.6449
12.8530
12.9377
12.5456
11.3359
12.0817
12.5160
12.7052
15.2006
12.4627
11.4984
13.4747
12.8501
13.5380
12.2483
11.2309
12.2274
12.1664
11.7079
11.5723
14.1453
13.0654
12.6875
13.3598
13.5921
11.9127
13.4465
13.1920
11.6590
10.5642
12.3226
11.9341
14.9972
12.4546
12.1242
10.9907
12.8437
12.2010
13.4473
11.7445
12.3562
11.9919
15.0488
11.9263
12.4357
11.2969
13.9830
15.2453
11.7695
12.2658
14.8779
12.2974
15.0186
13.1895
12.9565
14.7417
11.2021
11.9294
11.6077
13.3550
12.3416
14.5047
11.9291
13.5512
11.9559
13.1217
13.4989
13.2731
13.1734
13.3180
12.1761
12.4256
11.9385
12.8827
13.8556
13.2053
12.1319
14.0221
11.2625
12.2982
12.7253
13.2707
11.8982
10.9919
11.7752
13.5330
13.8759
14.1814
12.7451
12.5466
12.6885
11.2432
12.6219
13.1955
12.4728
12.6965
12.0020
13.6281
14.1021
11.8020
12.2532
14.2598
12.4924
12.7232
11.7941
11.7314
11.4157
13.3610
11.7786
11.6864
13.3257
