2.0578
8.9756
9.5057
7.5363
8.1612
5.8881
6.3909
7.0508
7.0866
8.0294
8.2481
7.1143
8.6229
8.0255
9.4867
9.7153
11.7300
12.3907
12.8297
12.9486
12.7593
13.0401
14.1507
13.7177
14.0664
14.1497
14.4928
14.6964
14.6496
14.2532
14.4135
14.5440
14.3759
14.4688
14.5795
14.4321
14.4000
14.9846
14.9548
14.5195
14.4904
15.1440
14.2276
14.5572
14.3338
15.2484
14.6786
14.5115
14.0879
14.3544
13.6210
14.3663
14.4030
14.1239
14.9778
14.7019
14.7118
14.4527
14.8578
14.6273
14.8363
14.1083
15.2900
14.6148
14.2631
14.2361
15.2726
14.7154
14.6106
14.3465
14.3003
14.5022
14.6926
14.4224
14.6752
13.7406
15.0848
14.5837
14.3917
14.8761
14.0434
14.4189
14.5620
14.3537
15.0826
14.6408
14.3465
14.6738
14.7158
14.2397
15.1472
15.1655
14.4378
14.9221
14.5313
14.6379
15.0803
14.8982
14.4944
14.7215
14.5406
14.5477
14.6613
14.4152
14.3893
14.7587
14.2723
14.3164
15.0996
13.6433
14.9878
14.3724
14.8104
14.4025
14.7857
14.7687
13.6107
14.3342
14.1507
14.8452
14.6463
14.6762
14.4678
14.4046
14.8270
14.8572
14.8676
13.8075
15.0311
14.1420
13.8278
14.4909
15.1655
14.6410
14.4229
14.3109
14.5535
14.2727
14.3465
14.6201
14.2710
14.6966
14.3954
14.2440
14.2730
15.4858
14.8857
14.6904
15.1642
14.6285
14.7679
14.6677
14.0925
15.1717
14.6926
14.0619
14.4652
14.3692
14.4074
14.8420
14.6953
13.4943
14.4879
14.4085
14.5385
14.8987
14.5911
14.7739
14.3785
14.0469
14.6250
14.4021
14.4786
14.8847
14.6197
14.1969
14.0911
14.9023
14.3992
15.1190
14.2116
14.0877
14.7341
14.8492
14.7529
14.9310
14.6109
14.9876
14.8917
14.3689
14.1510
14.9294
14.9628
14.3885
14.9407
14.2283
14.1762
14.8420
14.4836
14.7795
