2.7145
3.5299
6.6007
10.9953
6.1710
6.5865
5.9442
6.8590
5.0666
7.2583
5.6007
5.3347
7.1937
5.4100
6.6598
5.0891
6.6007
5.3013
5.3100
4.7143
6.0668
4.9348
5.3981
5.4699
5.0726
5.3020
5.4416
5.5402
6.3735
6.3133
5.6877
4.8197
4.9534
5.7174
5.2958
4.9007
4.6271
5.2782
4.1874
4.7183
4.5349
4.6396
6.4476
4.3620
5.5771
6.3289
4.6009
5.0648
4.8782
4.6382
4.8496
4.8211
4.2822
5.3127
4.4733
5.8871
5.5423
5.1552
5.9766
4.0881
5.3686
5.6655
4.6927
3.8000
4.1338
4.4380
5.4424
4.0008
5.4239
4.7015
4.5790
4.6959
5.1174
4.1622
3.9229
4.4093
4.6983
4.8439
5.2390
4.5064
4.2541
5.0994
5.1105
4.4071
3.8939
4.4667
4.1076
4.9664
4.3583
4.9046
4.6894
4.7115
5.8540
4.8422
4.6003
4.4010
5.7389
4.9811
5.0734
4.4042
4.3198
3.3087
5.7639
4.6119
4.6706
4.2896
5.5698
4.1457
5.9566
4.3457
4.4331
4.7004
4.6171
3.7654
4.1148
4.1225
4.0747
4.5816
4.5907
3.9353
4.0207
4.9837
4.4519
3.2064
3.8307
3.8969
4.2768
4.5414
4.6912
4.7236
4.6604
4.8382
4.7147
4.4850
4.1437
4.5469
4.2703
4.7573
3.9819
4.5667
4.1591
4.6497
5.0136
4.3085
4.7481
4.4468
6.0463
5.1360
3.4182
4.2509
4.3254
4.4216
4.0888
4.1320
3.9404
4.3495
3.9073
4.2830
3.6767
4.5798
4.0725
4.4389
3.7772
4.7701
4.8672
4.6064
4.4342
3.9351
4.3206
4.4166
4.1901
4.1730
4.9182
4.2410
4.0176
3.6547
4.8814
3.4173
4.8145
3.8151
4.9673
4.0630
3.9408
4.4749
5.2426
4.6839
4.0668
3.5188
3.9237
5.8283
3.8574
4.7255
4.6468
4.8560
3.5304
4.2929
4.3330
3.5917
3.7927
4.3461
