1.8354
3.3057
4.9060
6.3808
6.7858
6.8201
6.5815
7.8171
6.6390
6.6536
7.9311
9.5285
7.9337
7.3535
7.9200
8.5220
8.5760
7.8232
7.7897
6.7808
6.7127
7.9308
6.9154
7.6681
7.0179
9.5046
5.9433
8.3309
6.7118
7.4282
6.5671
6.9761
6.3823
7.1724
7.1850
6.9795
8.2827
8.7375
7.7726
7.9511
6.4918
6.6557
7.4089
7.3249
7.9366
7.8602
5.8433
8.4329
6.8485
6.1217
8.2335
7.3392
6.9938
7.7064
5.4421
6.3737
6.9017
7.4840
9.0870
6.6110
6.1166
5.6153
6.4124
8.1746
7.2616
8.9401
7.5783
7.1965
7.7436
6.5936
7.1638
7.5790
6.6599
6.8297
6.9501
6.0584
8.3666
8.0743
6.8540
6.1785
7.9155
6.5983
6.5173
5.8469
6.5481
7.3249
6.8565
6.6568
5.5393
7.1616
6.4851
7.5634
6.8294
6.9849
5.7297
7.1009
6.0489
6.9191
5.8348
6.7113
7.1420
5.8097
7.3242
5.6669
6.7724
8.0052
6.1369
6.5306
7.0374
6.8152
7.2133
5.6499
6.2791
5.4988
7.0718
7.1810
7.1466
7.5673
7.1891
7.4929
7.4966
6.2804
5.7398
6.3943
6.3684
5.9729
6.3129
5.8150
6.2633
7.2485
6.2958
5.6541
6.2317
6.9539
5.9590
5.0256
7.1832
6.7411
6.8625
5.2576
7.5846
5.7912
6.4620
6.8245
6.8048
7.5892
6.8822
7.8204
6.3088
7.9222
7.4921
5.6714
8.7698
5.7781
8.2635
6.6377
7.3206
6.1067
6.3472
5.2782
6.6104
8.0649
7.4613
7.8947
6.5650
5.4574
6.2761
6.1226
5.0102
6.1600
6.0314
5.8877
7.3976
7.0864
6.8827
5.9136
7.4137
6.8227
6.0042
7.3615
6.1153
7.4041
6.1904
6.7913
6.8149
6.2950
7.1663
6.0093
6.4147
6.1872
5.1552
5.9166
6.4873
6.4798
8.2318
5.9516
5.9102
7.2839
6.1090
6.8414
