3.3304
4.6921
8.7201
10.3722
11.1802
12.9544
14.6290
15.1242
16.9966
17.1356
15.3842
15.5407
17.4800
15.7099
15.7049
14.0273
16.7512
16.1537
18.0394
21.2827
20.2398
19.4134
16.5175
19.3740
17.3316
15.9815
15.7072
19.8365
16.6927
18.5801
16.4596
21.6094
17.7963
18.3413
17.4710
18.5717
18.7351
16.4701
22.6063
15.5086
16.1670
16.3527
17.3934
16.0353
17.2857
18.3861
18.2049
14.8538
13.5717
17.5568
16.4677
17.7470
15.8129
16.3899
18.7615
14.3386
16.8649
16.8369
18.2018
15.2260
19.1377
13.4362
15.8535
16.1827
16.9795
15.8940
12.1011
17.0520
20.3735
14.3676
16.5080
15.6841
17.0341
14.3378
16.8573
16.9630
16.2101
16.2507
15.4520
13.0029
12.6819
15.8474
16.4781
15.9114
15.6922
15.8467
16.3748
15.2040
17.4429
14.1641
13.8695
15.0561
13.5910
16.6859
15.1051
17.7091
16.5994
14.9001
16.6421
15.8494
15.0719
19.5338
15.3666
13.3567
17.4284
18.4051
16.3697
17.7712
15.1300
14.9348
13.4119
14.7485
16.5047
15.9015
16.0948
14.0744
13.4689
14.9090
14.1526
13.6156
14.9967
15.3237
13.7803
16.7150
16.6991
13.9749
15.9017
13.4074
14.5177
14.0325
14.8269
14.5093
15.3292
14.8502
15.7060
14.5414
16.4668
16.5211
15.9335
13.4157
13.5721
14.6741
13.5400
13.2120
14.7131
14.6836
14.6521
14.9179
15.3777
14.2605
13.0504
12.6968
13.8073
13.0235
11.6915
13.5880
14.3512
16.0814
13.2616
12.2178
16.2503
14.4104
14.2339
14.4705
16.0777
14.4430
12.4081
12.5124
14.1683
11.3613
15.7679
15.1242
15.6106
13.1994
13.0335
13.7844
14.0105
14.7288
11.4440
15.5248
13.6353
13.0426
15.3440
11.9476
12.2339
12.1849
13.6310
17.2156
13.7642
15.3916
14.4281
13.2608
12.4893
16.9497
15.9947
14.7054
13.9195
12.5871
17.1620
11.2601
