20.6173
9.2726
7.6066
6.3819
6.8772
6.1942
5.5671
6.0463
5.5444
5.9007
5.4155
6.2115
5.8269
4.9466
5.3688
5.8392
5.9790
5.2633
5.9972
4.7946
4.9554
5.0142
4.9989
4.4454
4.3363
4.5688
3.9620
4.3289
4.1998
3.8644
3.9012
4.7852
5.3628
4.1970
4.9445
4.9209
4.8886
5.1238
4.7137
4.2595
4.2211
6.2138
4.1835
3.9335
6.1635
4.3039
4.4614
4.9336
4.5167
3.9176
4.3432
6.0971
5.3539
5.0693
4.4075
4.2297
4.3149
4.3347
3.9402
4.5026
4.4363
4.5815
5.5867
4.6293
3.7457
4.3004
4.9957
4.6853
4.0746
4.3914
4.2734
3.7839
4.8080
4.7131
5.9868
4.9325
5.5129
5.4322
4.2485
4.3731
5.2530
3.8856
4.2005
4.2230
4.1672
4.1440
4.9102
4.3088
4.0233
5.0765
3.7580
3.9460
3.7765
3.6521
5.1442
5.8132
4.6404
4.3746
4.3170
4.1346
4.2944
5.1506
4.5016
4.1596
4.8736
4.1685
5.1930
4.6068
4.4911
5.2600
5.2775
4.8187
3.8984
3.9457
3.9844
4.2444
4.7548
3.7639
4.0873
3.8459
5.1105
5.0182
3.5826
4.2330
4.6212
3.9235
5.1282
4.2697
5.2901
3.6129
4.4594
3.1511
4.4825
5.2354
3.7299
3.7686
3.7964
4.3408
3.9977
4.9044
4.2326
3.8665
5.6285
4.5406
4.1488
4.3462
4.3226
4.7029
4.8665
4.0594
3.3150
3.8341
3.9273
4.8946
5.4672
3.9420
3.9083
6.0423
4.9142
4.5767
5.2529
4.2761
4.4400
4.3862
4.0131
3.7722
4.7641
3.8638
4.8936
3.7835
4.4890
4.0708
4.5678
4.0351
5.0166
3.8380
4.7892
3.8771
4.0396
4.7960
4.6344
4.0785
3.9363
3.3450
3.2595
4.6118
4.4724
5.2431
3.4939
3.8189
3.6966
4.3845
4.4344
3.7311
4.6880
4.2285
4.5649
4.3004
4.2294
4.0492
