5.6813
2.9857
3.7006
2.0735
1.7788
2.3065
1.4634
2.0856
2.1659
1.8068
2.6680
2.1685
1.7956
1.6984
1.6791
1.9276
1.6544
1.7328
1.1347
1.4410
2.6993
0.9251
1.1587
1.7854
1.6904
1.6909
1.6000
1.8950
1.4308
1.1094
1.4086
1.2591
0.7985
0.9445
1.9595
2.2710
2.6454
1.4767
1.3413
0.9630
2.4647
1.5917
2.0459
1.9965
1.9302
2.8876
2.1207
2.3060
1.6263
1.6435
2.1222
1.2597
1.2653
2.1851
1.8819
1.0773
2.6922
1.7397
2.5207
1.4435
3.0503
2.3183
1.8890
2.0022
1.4078
2.1335
1.1717
1.4082
2.0184
1.6269
1.7597
1.6510
1.3524
1.8793
1.6533
0.6721
1.6546
1.8655
2.1794
1.5163
1.9143
1.4330
1.4748
1.7283
2.4709
2.5879
1.1976
1.3880
1.6609
1.4475
1.3620
2.2628
1.0148
1.7092
1.9116
1.0609
2.3022
1.0562
2.5850
1.7664
2.1387
1.1870
1.2420
1.2637
1.2362
1.5438
1.4102
2.6019
2.2614
0.9310
1.2875
1.7581
1.1178
1.4209
2.0650
2.4623
1.6740
1.4917
2.7117
1.3974
2.2040
1.5081
1.8687
1.1614
2.0866
1.9508
1.8382
1.9899
1.7579
1.7908
1.6052
2.2730
1.9307
1.6601
0.9848
0.7904
2.2708
1.0227
1.4791
2.2808
2.9929
2.3130
2.6134
1.4556
2.3120
0.5807
1.6603
1.9635
2.2836
2.4289
1.1895
1.7933
1.9458
2.1178
1.9012
1.3351
1.4789
2.3919
1.2722
1.9319
1.5221
1.2160
2.3962
1.5666
0.9672
2.7632
1.8097
2.3198
1.1988
1.6211
1.2779
1.6664
1.3291
0.9578
1.7954
1.4897
1.3736
2.1099
1.8263
1.9964
1.6617
1.8221
1.4946
1.9237
1.5669
1.1524
0.9363
1.4538
1.7057
2.0374
1.8820
1.3421
1.4988
1.0277
1.6742
3.1025
1.4609
1.6678
1.1241
1.6245
