2.2790
2.3193
4.2213
5.3493
5.0608
4.4158
4.5846
6.0839
3.5491
3.8424
3.8291
3.9065
3.9986
6.6625
3.8024
3.3900
3.1369
2.7081
4.0292
3.6316
3.3484
4.0631
2.6728
3.5121
3.5729
4.2946
3.5370
2.9689
3.6958
3.6479
2.7420
2.8581
2.5822
4.1193
3.8029
3.4776
3.3499
4.0200
2.6501
3.1151
2.9019
2.3699
2.8025
2.8093
3.5081
3.1327
3.5413
3.4440
2.9593
3.1909
2.5533
3.6235
2.9019
3.0143
4.5970
3.2176
3.6849
4.6926
3.7511
2.4421
3.1191
2.1858
3.3423
2.6217
2.6967
4.7805
2.6373
3.2299
3.2728
2.8884
2.4325
3.1456
2.6513
3.1556
3.4890
2.5717
2.9357
2.3251
2.8641
3.1156
3.3880
3.1035
2.6116
2.6268
3.2388
3.4304
4.2069
2.7140
2.9109
2.1998
2.5183
2.7249
3.8733
3.6580
3.1163
3.0724
3.9427
3.1903
2.4226
2.4842
2.5817
2.9739
1.9323
3.3709
3.0658
2.7765
3.4813
2.6204
3.1829
2.3274
2.9303
3.2542
2.6931
2.8457
3.0173
2.2798
2.6998
2.9479
2.6616
2.3321
2.9612
2.5161
3.4051
2.6171
2.9685
3.1946
2.3781
3.4309
3.9968
3.0651
2.8082
2.7612
2.4421
2.0787
2.8956
3.5059
3.3379
3.0300
3.0465
3.1076
2.8461
3.9769
1.6886
2.6339
4.4713
2.9485
2.9057
3.0087
3.9463
3.3105
3.4446
2.9856
2.8320
2.9309
3.1349
4.0815
2.9371
3.3450
2.7216
2.3929
2.7276
2.0660
4.8179
3.1727
2.5257
3.0617
1.7343
2.3372
2.9823
2.7477
2.8357
2.3093
3.1825
2.8655
4.2311
2.3720
2.7926
3.5867
2.6907
2.0766
3.2253
2.2635
2.8870
2.9854
1.8382
2.7095
2.0655
2.4857
2.5875
2.8058
4.3570
2.1913
3.6176
3.1866
3.4523
3.3999
1.7076
2.6482
2.8448
3.6234
