13.3072
12.1144
12.2144
14.1025
11.0934
10.2236
11.1328
12.9135
12.2278
12.1184
10.4506
12.0398
9.6872
11.4895
12.7348
13.2895
13.9844
13.0136
13.5028
11.4052
11.1375
14.7770
12.8703
12.7199
11.4984
11.5441
13.6233
13.5948
15.2971
13.4900
12.7262
12.4190
15.2240
12.6901
11.0294
16.8279
12.3749
12.8658
11.1425
12.5685
16.6266
14.8828
13.0967
11.8948
12.0736
13.2303
14.6158
15.6125
15.0685
12.4130
13.4997
12.8043
11.9097
12.7695
10.8372
16.1345
13.0136
12.5470
13.9985
14.7967
10.5527
11.7859
12.0923
14.9594
15.1845
13.2887
12.5655
14.0254
13.9647
15.6086
12.1443
11.4164
13.3893
12.1597
14.9568
11.0425
15.3358
13.8477
12.7766
13.6458
12.1931
13.1122
12.3527
12.3438
11.8817
12.0231
14.6490
12.8052
12.3146
13.6541
14.2832
14.3277
12.0644
11.4515
13.2331
12.2386
15.0771
13.7079
12.3471
14.1956
15.6211
13.5139
12.9964
12.5471
14.5794
13.0050
10.4042
13.0145
14.0691
12.4566
11.1440
14.0553
14.7647
13.7286
13.4201
13.6287
12.5420
11.9769
14.7370
11.1242
13.2761
14.7665
11.6730
15.5168
12.9046
13.2411
11.7208
13.7393
13.7996
12.8685
13.5556
12.3189
15.5316
13.0461
13.5225
11.7610
12.2056
14.2480
15.5312
13.0916
16.0311
11.4199
13.6632
14.4392
14.8399
15.1843
10.8917
14.0246
12.5207
13.1673
16.2359
13.7448
14.3518
11.2220
12.9778
12.7869
11.2399
12.8748
15.1314
12.6779
14.4372
13.6332
14.2133
11.8335
14.6707
13.8810
12.5546
13.3490
12.0272
13.8628
14.8373
13.1469
14.6493
15.9347
12.6824
12.9280
13.0362
15.6702
15.8136
15.4085
11.8469
13.6559
12.6267
13.2772
13.1971
12.5496
10.6867
13.5972
11.0065
11.1904
13.6214
10.0638
13.8116
11.6716
13.7575
13.0347
11.6943
12.5096
15.7718
13.1300
