2.7687
4.6886
7.1522
10.4397
12.6791
12.7840
12.3436
14.1044
13.0491
13.1543
11.8894
13.2078
12.7517
11.2457
12.5428
10.0143
9.5031
11.9584
12.1976
12.5955
13.0040
9.4677
9.7145
9.9132
9.0014
10.7993
9.5298
11.9553
9.5144
9.8145
9.7354
10.8597
11.0968
9.5243
9.2932
9.7501
10.5639
9.3008
12.1722
10.3120
8.6497
9.0308
7.1292
10.2605
10.5522
9.9988
8.6869
7.8299
11.1938
9.0738
9.3482
8.1343
6.5489
8.6700
8.4778
10.1279
8.9101
9.2275
8.4982
8.1342
9.0852
9.8590
7.3790
8.0925
9.2222
8.0347
8.7560
10.0994
8.9261
7.7456
6.7849
8.4374
8.1244
7.3992
7.7080
8.5315
5.3366
8.0554
8.7514
8.4115
7.1680
7.8400
5.6747
8.4620
5.2742
7.0145
6.9944
8.5546
6.7216
6.3099
7.0287
8.2293
8.4456
6.8890
6.6363
6.9013
6.3767
6.3408
7.9277
5.8729
9.5687
8.8382
6.5047
7.0766
8.6372
6.4392
5.6219
6.9638
10.6369
7.2156
6.8327
5.9362
7.8128
7.7843
5.6437
6.6109
6.7521
7.2802
5.2130
5.7553
6.0941
7.0812
4.6244
6.4288
7.0069
5.1888
6.6165
8.1017
6.4783
8.8985
4.9158
5.5907
6.3563
7.4653
7.3788
7.0422
5.8447
5.8737
5.9898
5.8424
5.9820
6.6059
8.3982
6.0020
7.7250
4.2161
5.1512
7.1981
6.9173
5.7535
6.9084
7.7646
8.9325
6.6188
6.5812
8.2859
7.6480
8.9877
5.6984
6.0118
6.3757
6.3752
7.9493
6.0847
6.6875
4.7883
5.8320
6.2510
6.6993
5.7349
4.4325
5.9894
5.7758
7.7961
5.7075
6.2288
8.7837
6.7668
5.6215
8.8675
6.1181
8.3695
6.2623
6.8949
7.5223
5.4667
8.7211
6.0202
4.4505
7.4119
5.4359
6.8509
5.8022
5.1824
7.5437
5.2800
5.4371
8.1852
8.0404
5.4601
