1.3728
6.7720
5.1830
4.2681
4.2597
3.8927
4.2178
4.3616
3.5509
3.7508
3.6210
3.7944
3.4400
3.5788
3.6659
3.7303
3.8659
3.5110
3.5366
3.6096
3.1549
3.2099
3.2306
3.1581
3.0538
2.9827
3.1675
3.2966
3.4323
3.3266
3.3511
3.1174
3.0362
2.9300
2.8985
3.0952
3.0241
3.1712
2.9471
3.3305
3.1230
3.3540
2.8483
3.2505
2.9004
3.0411
3.2221
2.9843
2.7949
3.1762
3.0330
2.8635
3.0576
3.0443
2.9121
3.1271
2.9526
2.9003
3.1209
3.0010
3.1813
3.0873
3.3469
3.0578
2.9772
3.0444
2.7757
3.2203
2.8725
2.8312
2.8379
3.2819
2.8649
2.9612
2.6787
3.0071
3.0665
2.7230
2.7385
3.0729
2.6122
2.9524
3.1154
2.6827
2.9131
2.7986
2.7090
2.7785
2.8491
2.8706
2.7208
2.6992
2.8261
3.1240
2.7248
2.8267
2.7307
3.0288
2.5626
2.8247
2.8953
2.9736
2.8594
2.7230
2.9302
2.7811
2.8757
2.7475
2.7163
3.1167
2.6732
2.9391
2.9873
2.7747
2.6845
2.6953
2.6799
2.5842
2.8256
3.1194
3.0213
2.9494
2.7829
2.7940
2.8460
2.9577
2.9771
2.6667
2.8152
2.6151
2.7879
2.7576
2.6308
2.6635
2.6089
2.7030
2.9400
2.9459
2.6576
2.7105
2.8240
2.8222
2.7429
2.5717
2.8824
2.7250
2.7838
2.8593
2.6212
2.5848
2.9022
2.7887
2.8290
3.1953
2.9355
2.7191
2.6040
2.6079
2.9441
2.5320
2.7714
3.0798
2.8791
2.6515
2.7838
2.6895
2.7894
2.8203
2.5424
2.8759
2.7119
2.7463
2.6990
2.9269
3.0015
2.6064
2.6482
2.6759
2.7483
2.5078
3.0767
2.8832
2.9086
2.7400
2.7517
2.6447
2.8453
2.5915
2.5611
2.5429
2.9009
2.6177
2.5228
2.7354
2.7475
2.8503
2.6100
2.9327
2.8421
2.6106
