2.7081
3.7241
7.8232
11.6196
15.5828
16.1136
15.6961
15.8466
15.9322
15.6299
17.4591
17.4779
17.9400
16.3748
16.6029
17.4912
16.2308
16.0288
16.0662
16.7716
17.0716
16.9932
16.5574
16.4263
15.8356
16.0083
16.7116
17.2272
15.9800
15.4846
17.4779
16.1862
16.7586
17.4720
16.4547
16.7282
15.8642
15.4185
15.5870
16.2846
15.8972
17.0201
16.2154
15.1840
15.0534
16.4523
15.1274
14.5300
15.5249
17.4432
17.8619
14.4553
16.4266
16.8365
14.7136
15.1251
15.5108
14.2597
15.9633
15.1987
15.0054
15.5585
14.7576
14.5839
16.9838
15.2556
14.6339
14.7567
14.6606
14.7872
16.0807
14.9367
14.6552
14.8104
15.1858
15.1805
14.9683
13.7855
14.3728
15.1466
14.7428
13.5361
14.4542
15.8839
15.6475
16.3653
14.8731
17.0079
14.9354
15.1437
15.3581
15.1200
14.5371
13.9654
15.5602
16.3565
14.6029
15.4675
13.6030
15.9576
14.8844
15.8886
14.2257
16.0299
15.8770
13.9101
14.5086
15.1259
14.6413
14.7952
14.0202
13.8917
14.5438
15.2385
15.2179
14.0413
13.8056
13.2019
14.6490
15.1410
14.2711
15.7177
16.6841
13.3643
14.1835
16.0742
14.4038
15.3877
14.0255
15.2748
15.5751
14.8545
15.9985
13.8863
15.7470
13.0959
13.4046
15.3382
13.4411
13.9763
13.3546
13.7330
15.3470
15.0842
15.0100
14.2838
14.0925
15.8287
14.8728
14.7566
15.1841
13.2077
14.4394
12.3616
13.2870
14.3673
14.7664
13.0182
14.4171
14.6279
14.6657
14.4400
13.7373
14.0439
13.4982
13.0422
14.6869
14.6311
13.1840
12.1350
14.5445
14.1109
14.1317
14.1818
15.3226
14.7577
15.6333
13.9184
15.7155
14.7780
15.7546
15.2341
12.9321
14.3007
14.9983
14.1235
14.2193
15.4362
13.7151
14.9365
14.2719
14.1396
13.1893
13.9366
14.7475
13.8511
13.2511
14.3241
14.3441
15.5388
