17.9422
15.8624
18.8340
19.4056
19.8374
19.4745
18.4870
20.6196
18.3468
16.9945
19.8628
17.2977
18.0511
19.2251
18.8363
18.3551
18.9604
17.7667
18.7105
19.9172
17.2071
16.5364
16.7949
18.9462
19.4594
18.2717
18.5297
17.7203
16.7635
19.1663
18.0347
17.1607
19.1620
17.8166
17.6147
18.8927
20.2504
17.3817
18.0446
18.2603
18.9618
19.8215
17.9340
18.0139
19.7568
19.2003
16.3915
17.4143
18.1392
18.8037
18.9407
16.5611
18.5718
18.2941
18.9223
19.7249
17.9933
19.9962
15.9346
19.0711
19.0603
18.9199
19.5850
19.3539
18.7273
17.4548
20.6638
18.1274
16.8101
18.5916
18.1991
18.6981
18.8309
19.3130
21.3068
19.4935
17.9045
16.1598
18.4743
19.6460
18.2168
18.3985
18.8827
17.7646
18.3216
18.9775
18.7001
18.1144
17.2359
17.5719
18.7799
18.2669
17.8016
17.2656
18.3236
19.7965
18.1239
20.5208
18.8299
17.5481
18.7389
19.3678
20.5961
19.3540
17.3928
18.9742
18.3236
18.1663
19.8417
18.2965
18.5914
18.0596
18.3813
17.9164
19.3410
19.5402
18.9443
20.3528
19.5564
19.7802
19.7364
18.3720
20.5764
17.1831
17.9702
17.3855
19.4930
18.3338
17.9207
18.0065
18.6269
18.8220
18.3633
18.1950
19.6343
18.6853
18.2543
20.5478
18.3477
18.1273
17.4902
17.4528
18.4623
17.8853
20.6571
19.5547
18.7018
18.4810
17.6915
19.6722
18.4625
17.4705
18.8812
18.2865
19.4288
18.7215
19.4318
18.1319
19.5493
18.4563
18.7809
17.2329
18.4993
20.1944
21.6209
19.5438
16.8355
19.2457
17.3575
17.5231
18.0434
19.2777
17.9205
17.6799
16.8728
18.1250
18.0341
17.2005
19.0302
17.7381
17.1214
20.0857
18.4638
18.2191
18.3270
17.4331
16.8386
20.3616
19.0081
16.9792
18.3290
19.5772
17.5778
18.6059
18.7833
19.3930
20.7062
19.6286
19.8574
17.9814
