3.1869
4.1396
6.9386
9.0397
8.6543
8.9943
8.9690
8.0811
5.6774
6.0213
6.6044
8.1466
6.3317
6.9721
6.5379
5.0962
6.3855
5.9899
5.1355
6.3067
6.1127
6.8270
6.3843
5.5561
6.0486
4.7630
7.0494
4.4493
8.0440
6.0297
5.8849
6.1855
5.6479
4.7792
4.5861
7.0210
5.2479
4.6174
6.0984
5.4653
5.7674
5.1383
4.6643
4.7896
4.1951
4.1298
5.5795
3.9696
4.5936
7.1161
5.1977
6.3644
4.5754
4.3709
4.6910
5.5083
5.0498
4.1722
3.9650
3.8271
4.8242
5.5794
4.9802
3.6251
4.4731
5.7871
4.7423
3.8731
4.0761
4.7301
5.5327
4.5204
4.8330
3.8115
4.6462
5.0300
5.4231
6.1745
4.2408
5.5639
3.6035
4.7157
4.0455
3.7270
4.4779
4.2045
6.3419
5.9862
4.1219
5.6265
3.8773
4.4062
5.1478
3.5116
3.9591
4.0743
3.9727
3.9507
5.6730
5.1974
5.1026
5.8543
4.5514
3.9834
5.0656
4.0083
4.2475
6.3067
4.1117
4.3063
4.2113
4.2877
5.2541
3.7409
3.2315
4.7041
5.1953
5.5475
4.7652
5.6250
4.9534
4.2337
4.1690
4.2102
5.2555
3.9829
4.4181
4.1815
4.4418
4.7529
3.4046
4.9082
3.9857
4.1145
3.6641
4.2978
9.3528
3.7548
3.7924
4.7222
4.9963
4.3521
3.5052
4.3483
4.4797
4.6471
3.5032
3.7625
4.1530
3.7562
4.1658
4.8315
3.8802
5.2413
4.5566
3.4191
4.1085
4.9851
4.2108
4.1475
3.7801
4.0606
3.1901
5.2293
4.4721
5.3548
4.1511
6.2566
4.3566
4.3950
3.3971
3.9914
4.5904
4.5512
4.2453
4.2507
4.7230
4.3817
3.8052
3.8595
4.1929
3.4728
5.0705
5.9556
5.2211
4.5334
4.7063
4.4544
4.4322
3.8032
5.7706
3.5512
4.1536
3.7025
5.0297
3.2686
3.6527
4.3596
4.2919
4.9588
