16.8901
11.3604
11.7345
8.9115
10.0780
12.4332
11.0667
13.4388
13.2362
10.3836
12.8430
11.8293
12.6482
12.8430
12.7766
11.8731
12.0609
12.5664
14.0152
11.2640
13.6419
12.5692
12.0138
13.2493
14.7337
13.6099
14.3428
12.2289
11.9399
11.8912
13.3147
13.7815
13.0162
13.2585
13.2119
11.5313
12.2544
13.3825
13.7597
11.9390
13.2262
12.7838
11.0146
5.2378
5.8474
4.7905
4.1327
3.8596
4.3517
3.9215
4.6621
4.1943
4.4907
4.1368
4.1256
3.7886
5.0316
3.5715
3.2472
3.6158
5.1606
3.1217
4.1731
3.8071
3.7223
4.0536
3.4007
4.4795
4.1546
3.5791
3.0258
3.6250
3.9837
3.2986
3.8442
2.7497
4.1402
2.9978
4.2686
3.1685
3.2827
3.1055
4.1673
4.0145
3.9063
4.6015
3.3913
4.7044
3.6548
4.4647
4.4532
3.1523
3.0219
4.0970
3.3697
3.2218
3.2256
3.3893
3.8805
3.2188
3.0473
3.0256
3.1431
3.9773
3.1372
4.3325
3.2855
3.5120
4.1227
3.8440
3.8961
4.0629
4.2039
3.8792
4.5732
4.5380
2.8389
2.7932
4.7737
2.8685
3.3325
4.1062
3.1894
3.4118
2.6043
3.1726
3.4219
3.4514
3.1779
3.2791
3.6311
4.4843
4.3067
4.4842
3.6085
2.8149
3.1261
3.0266
3.4422
3.4997
3.5532
3.0280
3.8262
3.4655
3.8048
3.8791
3.9986
3.9492
2.7624
3.4832
3.0366
2.8804
2.5453
3.2375
3.4760
3.1849
3.7328
3.5247
4.0644
3.6146
3.0123
3.8814
3.0722
2.8377
2.7843
3.4735
3.6937
3.2426
3.0587
4.8247
3.9331
3.1130
3.6432
3.3854
3.7165
3.0542
4.5238
3.4312
3.6256
8.0437
4.2545
3.7047
3.7179
3.1407
3.6906
3.4798
2.8624
3.1924
4.1316
3.5959
2.7844
3.4585
3.6306
3.3643
2.7675
3.4316
3.6865
4.1037
2.5321
3.8606
