17.4886
4.1714
3.3011
2.5422
2.6233
2.8311
4.3600
3.1923
2.2407
2.6175
1.9270
1.4720
2.9980
2.0333
2.5237
1.7444
2.2224
2.0796
2.0530
2.3484
1.9314
1.7211
2.6782
2.0232
2.1232
2.1966
1.6685
1.6405
1.6487
1.5625
1.7394
1.6953
1.6585
2.4443
1.9866
1.2689
1.4778
1.8497
1.7293
1.8045
1.0310
1.4141
1.4507
2.5507
2.6699
1.6144
1.7833
1.3436
1.3307
1.6922
1.7713
1.3508
1.3090
1.0503
1.1570
1.0961
1.7976
1.0858
1.7442
1.4101
1.8947
2.4443
1.4876
2.4356
1.7264
2.5337
2.2811
1.2090
0.8636
1.1806
1.6961
1.9149
1.2977
2.0360
1.4729
1.0268
0.7737
1.8269
1.6027
1.2285
1.3607
3.0699
1.8766
1.4074
1.2134
2.4471
2.2531
1.0797
1.1269
1.3521
0.7847
0.8751
0.9400
1.4788
1.1687
1.1239
1.2760
1.8377
2.5777
1.1259
0.8093
1.0743
1.1051
1.9527
1.0697
1.1974
1.2304
1.0640
0.8031
1.8807
2.2160
1.3759
1.7122
1.4411
1.4196
2.1718
1.3934
2.5492
1.5301
2.6054
1.1735
1.3024
1.0502
1.4957
1.2198
1.3827
2.7068
1.4639
2.4902
1.7036
1.1133
1.3756
2.7690
1.6024
1.3409
1.3422
2.0274
1.6057
0.9450
1.9545
1.1008
1.7498
1.3418
1.3125
1.8628
1.3422
1.4107
1.6759
1.2572
1.7085
0.8233
1.4118
1.2547
1.7570
1.2023
1.8168
3.1075
1.8158
0.9543
2.1367
1.9192
1.6662
0.7803
1.5012
2.1000
2.8623
1.6669
1.1147
0.8824
2.1354
1.4725
1.4964
2.0754
0.7597
2.7179
1.5429
2.0475
0.9497
1.5777
1.3317
2.4276
1.8065
2.3637
1.7295
0.6630
1.9207
2.1581
2.7797
3.2600
1.6991
1.6469
1.7317
1.5420
1.3616
1.2160
1.6158
2.1057
1.0911
1.0431
1.8135
