9.0610
12.1402
12.0999
13.5916
12.0960
12.0819
10.9163
13.9448
13.6207
12.5923
14.4093
13.2234
11.0976
13.2392
12.4718
13.4668
12.0888
13.1547
12.3527
12.5526
13.6675
14.6696
12.4777
12.6429
14.4708
13.7642
10.7955
12.0454
12.2418
12.5010
13.5628
13.0294
12.6656
14.5506
13.0246
12.4784
12.0722
12.1236
13.4763
12.1764
12.8198
14.3188
13.0790
12.7390
12.7884
12.0270
14.4495
13.4952
12.3804
12.6822
11.9213
12.4369
13.0143
13.1279
14.0964
11.2817
13.5613
14.0960
12.2936
12.8477
12.5182
12.3148
11.7839
14.4059
13.4729
13.7597
12.8363
13.7635
13.4461
13.1682
13.6411
13.5699
12.6548
12.0846
11.7105
12.0612
13.8465
12.6923
11.9974
11.9643
11.8708
12.8389
13.2652
12.9591
14.5638
13.7951
12.5463
13.1373
12.9038
12.8138
13.8469
12.1134
13.2521
12.5509
15.1902
11.8374
11.4170
13.7123
14.8072
13.8013
14.0069
12.0184
13.3349
12.9326
14.0525
13.1171
13.2063
13.7075
11.8807
13.3258
13.6976
12.6154
13.3526
12.3265
13.2089
12.8468
12.3718
10.8161
11.6081
12.8697
12.4190
13.6469
12.7886
12.6254
12.8851
12.1984
11.3625
13.9690
13.8018
13.9146
12.6063
13.2281
13.0270
13.4334
13.1072
11.5481
14.2971
11.7781
12.8273
12.7593
13.6895
12.8576
12.3117
10.4549
13.7527
12.1687
12.7291
11.5621
12.7852
11.8160
13.6801
12.2366
11.2868
14.1781
12.1785
13.9896
12.6241
14.8770
13.2384
14.0869
12.8262
12.7607
12.3384
14.6757
13.5421
13.4939
12.4709
12.1911
13.1656
12.1446
13.7815
14.3191
11.7312
12.5322
14.0497
13.5628
13.6101
13.7123
13.7059
13.5748
12.0568
11.8926
13.9659
12.6665
12.5333
14.3045
14.1444
12.8566
12.3003
12.8948
14.0899
11.8925
13.5538
12.9409
13.6879
10.6541
12.9495
12.0272
14.3977
13.5885
