20.4111
22.2279
23.0743
22.0767
25.1647
21.8391
24.5653
22.0918
24.1871
22.9956
23.0497
24.4458
23.3080
21.9166
22.7749
23.7943
23.0222
21.6326
20.9428
22.4203
22.0750
23.5652
25.2937
21.8920
23.7141
21.5700
22.6257
24.1170
23.6993
23.7548
25.0567
24.6184
22.9530
22.6796
24.1496
20.5928
24.0688
22.1532
21.8683
24.4589
24.5442
24.4159
22.9198
22.2818
23.2471
23.5680
23.9517
23.4738
23.1753
23.9421
22.8661
23.7976
23.9419
24.0783
22.7737
24.0127
21.1318
23.4693
22.8416
22.0716
23.4536
22.8288
24.4978
24.0671
21.9127
21.9451
21.0212
23.0501
23.4538
21.3105
22.6588
24.5583
21.3007
23.3739
24.1318
22.4656
23.1041
22.4619
23.7882
22.0299
22.8178
22.9607
23.7287
20.7467
21.7586
22.1921
23.1958
23.8308
22.1267
21.5926
23.3079
22.3640
23.9141
24.6650
21.7387
24.4492
23.4025
23.8720
23.4644
21.0915
27.0469
22.3348
27.3566
23.6769
23.7840
22.7111
20.9128
24.3351
23.3491
24.7331
21.5556
22.1545
23.6594
21.2858
22.8036
23.5015
22.0563
23.3377
22.7530
25.1497
25.3340
22.8033
23.1915
22.1546
22.5010
23.4371
26.1227
23.7223
24.3308
22.8064
25.7660
25.3957
22.7235
25.2180
22.0426
23.1082
23.8394
20.5668
21.5452
22.5272
24.1431
25.5024
25.0808
22.4504
22.5436
24.7634
21.0802
22.0715
23.8066
21.5264
24.4778
23.5068
24.7538
24.1674
23.7855
23.2521
21.7834
23.4306
22.9076
23.9020
23.7820
22.9362
23.2851
23.6979
20.4996
21.7947
23.2457
22.8069
22.9062
20.9877
22.6429
23.4925
25.2409
24.8350
23.9814
22.5229
20.5699
23.1932
21.7108
22.7082
24.1053
23.6399
24.0863
23.6739
26.2737
23.8526
21.9344
22.5020
22.5013
23.0758
22.0217
23.1321
24.3288
23.1952
21.8692
24.4369
24.3006
24.0792
22.1253
25.3857
