20.5784
21.9296
22.3536
21.4743
22.5213
22.3188
23.2483
23.4881
22.8384
24.7540
21.7182
21.4364
22.9275
23.1501
24.7497
22.4059
21.6138
21.3258
25.3346
23.5034
21.4892
22.7788
21.6591
23.0813
23.0418
24.3994
23.4493
23.1990
24.6552
21.9136
21.4883
23.8957
25.8948
20.4475
23.9994
25.5999
21.6536
21.4807
22.5498
21.8440
23.4155
24.0582
23.3984
22.9889
24.4049
21.9506
20.6982
22.6331
21.4610
22.5866
21.8063
22.6170
21.7735
19.8563
23.3025
22.8932
22.4502
21.2921
24.2025
22.5361
21.2536
21.8520
21.6956
21.9032
24.1761
20.6708
21.6021
23.7987
22.8461
24.1201
22.8590
20.8154
21.9356
21.1411
25.0526
20.3809
23.8817
20.3832
21.6325
20.4115
23.1649
21.3903
21.4510
22.9364
20.9819
21.9310
20.6662
21.8615
21.6221
24.8383
21.5123
22.0918
22.1910
22.9649
21.5665
21.6754
21.6977
23.8364
23.0910
20.5577
21.1351
21.9102
21.0594
21.8159
23.3730
21.9856
23.4315
22.2801
25.0660
22.4013
23.6523
23.4825
22.1908
22.4364
22.3027
21.2576
22.2618
22.7974
23.4818
20.9706
21.7806
20.1110
21.5212
23.2526
21.8891
21.6107
20.5404
23.2166
21.8500
23.7456
21.7812
21.3555
20.2779
21.0883
22.5029
22.9982
22.5835
24.5944
21.6440
21.6146
24.1647
21.2828
23.4468
21.7369
22.6311
21.5767
22.1179
21.2430
21.1280
21.1762
20.9323
21.5867
21.3908
22.2868
23.0589
22.0762
20.6023
21.6289
21.3806
23.1587
22.0141
23.3448
22.9954
19.7388
20.7052
22.4263
20.8419
21.6660
22.3345
21.3298
22.6252
21.2075
21.2902
21.1165
20.8132
21.8732
20.8187
22.9907
23.4502
22.5093
23.3492
24.2525
21.7380
20.8153
20.1543
20.4084
20.8953
22.0319
20.7972
20.9552
22.9427
20.8329
22.3413
23.0598
19.8651
23.5269
21.1777
21.7982
20.3960
20.9341
