1.4992
1.8839
2.5549
4.2822
4.1186
4.7745
5.3672
4.4538
4.2335
4.1508
4.3330
3.9873
3.9713
4.4251
4.0951
3.1951
3.4404
4.0954
4.0175
3.5030
4.0782
4.5393
4.5807
4.6310
3.3217
3.5522
3.7146
4.2197
4.1656
3.3935
3.4329
4.1737
3.2439
4.6676
3.2942
4.6782
3.4787
4.3464
3.3211
3.6495
4.7684
3.5619
3.5917
4.2044
3.0672
4.4888
3.3774
4.2835
5.7809
3.6016
4.6958
3.7309
4.3987
4.1569
3.7798
4.5149
3.2985
3.1123
4.0223
4.8005
3.3811
3.0614
2.8349
4.0205
3.8700
4.2883
4.4407
4.7292
3.5893
3.1370
4.2674
4.1246
2.6291
3.8356
3.7691
3.9881
3.7108
3.0774
4.1486
4.5428
4.5848
2.9967
3.6276
3.4471
3.4471
4.1336
3.6184
3.6591
3.2455
3.7281
3.3308
3.5218
4.4681
6.0184
4.6061
4.0734
4.0961
4.6949
2.8974
5.2908
3.3807
3.7346
2.6427
3.5024
2.6800
2.7728
4.0656
3.2523
3.0454
2.6767
3.6766
3.2449
3.4683
5.4233
3.6836
3.6213
5.1004
3.0980
3.3828
4.8909
4.2888
4.3486
4.0345
4.1550
2.8700
4.5991
3.6768
4.5660
3.3451
3.5573
3.4343
4.8353
3.5411
2.8622
3.3574
3.5010
4.2902
3.6748
2.5032
3.5242
2.9765
2.7959
3.7590
9.1302
2.4395
2.7639
3.8679
4.3931
3.8519
3.4714
2.6602
3.6815
4.2346
3.9727
3.7611
4.2418
3.7966
2.4379
3.0743
3.8671
3.3274
4.2008
3.5920
4.0575
3.3015
3.4786
3.4115
3.7597
3.1419
2.9244
3.9864
3.0582
3.7264
3.4756
3.2095
4.4222
3.7087
2.6269
3.4193
3.8854
3.1702
3.7232
2.7419
3.2603
3.1796
3.4690
2.7418
2.7688
3.7699
3.9482
3.4590
4.0787
3.6066
4.4200
3.3807
3.4950
3.4213
3.1701
3.3521
3.7366
