18.1101
14.9423
9.5427
11.4275
10.7196
9.9086
9.1562
10.6327
9.2549
8.4569
7.3220
6.7641
7.8165
7.7238
6.8074
7.9330
8.2890
8.9232
7.9453
7.5190
7.8779
7.7368
8.0075
8.8263
7.0005
6.7537
6.1009
7.4339
6.8713
7.7528
7.9075
7.4963
5.5947
9.9079
9.5451
6.3398
7.9716
6.9895
5.3316
9.4489
8.0945
9.2651
7.9715
7.5458
7.2388
6.3569
7.3462
7.2925
4.1396
5.6098
7.3399
6.6225
6.7373
7.9073
7.2650
5.3666
7.9872
6.1205
9.3149
8.6695
4.6851
7.7281
8.5260
8.3423
8.5640
7.4582
7.7147
7.0692
6.8683
6.3756
7.4895
7.8814
7.7235
8.3561
9.6838
8.3108
6.4143
5.6812
7.6232
5.2107
6.8416
5.8794
6.4347
6.9701
6.2199
9.8517
8.9005
6.4717
6.1376
6.7218
9.2904
7.2980
8.8778
7.3969
7.5291
6.4441
6.8674
6.8618
7.5785
7.2842
7.1067
5.4647
6.7006
8.2702
8.8047
7.7572
7.3775
6.3557
7.4124
6.2664
6.0891
7.7419
6.7080
7.3950
5.2268
5.9346
9.4840
6.6492
4.4621
7.7968
5.5805
4.3316
6.7328
7.3463
8.8454
5.1232
5.3285
9.2197
4.4250
6.0077
6.1647
9.1925
6.4133
5.5125
6.4484
8.4611
5.0259
6.4411
7.3901
7.8904
8.1780
8.1955
7.8699
7.0611
6.4249
5.8527
7.1573
6.8377
5.9954
6.0542
8.0069
6.9512
6.5939
7.2610
6.9685
7.3068
8.1587
5.2537
7.7355
6.1495
7.7684
6.9985
4.2886
9.9551
6.7344
6.1950
8.1424
5.4011
7.3061
8.6028
8.7460
8.0459
5.7712
6.3081
6.9641
7.0510
4.6223
6.0514
6.4127
7.2321
5.8525
7.1512
5.3927
6.2257
5.6841
5.3072
5.9356
6.7587
6.9664
7.5470
8.0577
7.4595
7.0195
8.5191
5.9541
6.3521
6.4094
6.2663
8.0530
7.8978
