4.9660
5.3999
7.2460
10.5140
12.7205
14.8475
15.9152
16.4635
26.8768
25.9669
13.6081
15.8357
15.9420
17.1766
18.3893
17.7676
17.1035
17.4201
17.1376
19.8341
17.9397
18.9271
18.4355
18.3260
20.4193
18.8959
19.3470
18.9135
18.8776
20.3185
19.1692
19.1672
21.6829
21.4847
21.1201
19.1084
20.0061
21.9749
19.7373
20.6698
21.1549
22.7416
21.9835
21.6142
18.2465
19.9567
21.4032
26.1630
23.8920
24.3780
23.4477
23.6603
22.4906
22.7441
22.7961
23.1092
21.4919
23.9722
23.1343
22.6390
22.2767
24.0473
22.8194
23.9480
21.2685
24.8137
23.6286
24.8242
25.3429
21.9717
22.9979
24.0645
31.9650
24.8773
22.5867
24.0217
24.4178
26.9360
23.2497
22.1553
25.1281
24.0057
25.5232
23.5477
24.6815
23.5133
25.2424
24.5974
22.4060
24.0408
26.6396
26.0073
25.9868
24.5714
24.3960
28.2494
26.8123
28.3325
29.5019
26.5609
25.4463
32.7822
27.1586
27.9074
32.3986
26.9225
29.7742
29.4585
25.5850
28.9100
30.6723
27.3142
30.3587
26.6445
29.0097
30.1081
30.2307
29.3431
30.7564
30.3947
31.1699
29.5852
32.9551
31.1062
31.4073
32.1585
34.0424
31.3292
32.4938
34.6773
36.1899
33.0705
36.9601
31.7612
29.8699
33.9055
36.9954
27.5937
28.8039
28.3058
29.9397
30.7158
29.8429
33.6655
38.4168
29.3257
43.7804
30.6966
39.3368
46.9349
42.3094
38.2815
36.1333
45.0551
33.1589
37.2220
43.9950
42.5505
41.1265
36.7516
37.7291
53.9215
34.4929
29.9722
35.2913
32.7158
28.9976
34.8886
34.5101
36.5071
34.8095
40.0422
32.2147
36.9147
41.8554
41.3784
40.3320
37.3543
46.5438
40.3758
42.8310
44.1497
35.7089
49.9802
45.5832
49.8743
42.8666
46.6145
49.7567
48.4564
32.5078
36.7899
32.5891
38.0720
40.6611
34.5602
37.0959
36.3748
35.6455
36.8933
