18.8673
19.4698
20.5340
18.9749
19.5628
18.6156
18.9681
18.3874
16.8923
18.6418
18.3662
19.6299
19.8077
18.8517
20.0039
18.9831
19.3825
21.2316
19.4354
19.7338
20.7507
19.3148
18.0210
19.6390
18.0550
17.6270
19.4093
17.8331
19.6216
19.5189
18.8625
17.7871
19.9425
20.1833
18.3410
18.8759
18.4001
18.1446
16.6535
17.2018
18.9115
17.5589
18.6478
18.8187
18.3362
19.0617
19.6366
17.1387
17.6381
19.4834
19.0938
18.6876
19.9417
19.6148
18.1171
20.7488
20.9595
17.8954
17.5950
19.5442
17.9406
16.2917
19.4356
19.1322
20.3256
19.3931
19.0167
16.5357
18.4422
20.5464
18.0955
18.8643
18.9790
18.1658
19.5802
18.7291
19.0881
19.2525
19.4202
20.4439
18.7618
19.9749
18.1966
19.3001
18.3936
19.1522
17.8408
17.8817
18.5620
20.0644
19.0564
19.4172
20.0547
18.9123
17.2817
19.8380
18.0520
16.6959
19.9871
16.7361
19.7881
20.8472
18.7967
19.3481
17.9930
20.0504
18.6263
19.1023
19.1188
17.3927
19.2980
17.8240
18.6111
18.9267
18.3555
18.4633
18.7859
18.0183
20.2804
19.5937
19.6102
18.0048
17.1641
17.7723
18.5013
19.8834
19.9350
19.3703
19.3049
17.2236
18.1054
19.3266
16.7475
18.0845
17.9184
18.0176
19.0781
18.1636
17.7040
19.8414
17.9765
18.6464
18.3322
20.7423
17.8600
19.2846
18.3948
17.8501
18.8718
17.4142
18.3789
18.4132
19.2649
17.5819
18.4161
18.4747
18.1767
18.3163
19.1979
19.3972
19.5514
20.2110
20.7735
19.4751
17.8393
18.7411
17.8857
19.9963
18.3180
19.3453
19.1980
18.4558
17.9593
19.1094
17.7526
18.0543
18.5395
19.1407
19.7251
19.3851
19.1198
20.8424
19.4263
18.3664
18.2242
19.2670
17.5215
19.6994
20.1020
20.0587
18.4654
17.9720
17.9882
18.6280
20.3625
19.4458
17.9624
21.0207
17.8410
19.5511
