1.0935
7.2755
6.9312
8.3512
9.7443
11.2256
11.4826
11.4073
11.7722
12.4831
12.7069
12.3231
12.4518
12.0279
12.3393
12.6772
12.7673
12.8361
12.8988
12.9076
13.0790
12.9178
12.8108
13.3381
13.3615
12.9345
13.0671
12.8443
12.3588
12.9748
13.4308
13.1357
13.1152
13.4012
13.4439
12.2761
13.2212
13.3707
12.5655
13.5891
12.8888
13.6134
13.0829
13.7876
13.1218
13.7339
13.1901
13.4752
13.1373
12.8817
13.9743
13.8052
13.0657
12.7212
12.6800
13.8973
14.0786
13.8218
13.4820
13.7641
13.6490
13.3277
13.8021
13.8874
13.3607
13.7179
12.8310
13.3484
13.3926
13.6328
13.6946
13.4891
13.7049
13.1487
13.0324
13.3878
13.4109
13.9091
13.5777
13.3942
13.7601
13.3115
13.6412
13.5982
13.4397
13.5965
13.3636
13.5007
13.4427
13.6292
14.2133
13.9840
13.8390
13.8982
13.5974
13.4920
13.9247
13.4370
13.7985
13.8300
13.5165
13.4815
13.7037
13.6834
13.7168
13.7002
14.0512
13.2068
13.4681
13.5408
13.8035
13.4458
13.2430
13.5641
13.7251
13.9204
13.3831
13.8995
13.9720
13.7720
13.2221
13.5506
13.6228
14.0612
13.8645
13.5629
13.3293
14.0335
13.2517
13.1603
13.8544
13.8044
13.2231
13.9512
13.7704
13.9145
13.9208
13.3499
13.2333
13.9454
14.1370
14.0500
14.3373
13.8916
13.9186
13.7953
14.0291
13.7415
13.6532
13.8460
13.5698
13.9432
13.1040
13.5182
13.7193
13.9194
13.5810
13.4995
14.2126
13.6556
13.7548
13.6232
13.7923
13.8534
13.6720
13.8380
13.7849
14.2689
13.9141
13.3706
13.4301
13.5296
14.2704
13.7617
14.0965
13.9963
13.7187
14.0615
13.4803
12.8067
14.3398
14.0676
14.1346
13.3577
14.4630
14.0223
14.3551
14.2764
13.5177
13.8034
13.2857
13.6599
13.4574
13.7383
13.9630
13.8334
13.7937
14.1489
14.8830
13.7249
