1.8949
3.9027
5.4460
6.0304
4.1950
4.4007
5.6463
5.4188
5.8945
4.6221
5.4150
5.7605
5.9269
5.3929
6.0682
5.1063
5.1654
5.9709
5.7695
5.1775
5.5685
5.1808
5.5589
5.7263
5.2356
5.0017
5.5974
5.5957
4.5042
4.3969
4.8358
4.8629
4.8846
4.3353
4.7620
4.7004
4.6639
4.8083
4.6714
5.0785
4.6738
5.0629
5.0385
4.7803
4.4761
4.9294
5.1603
4.6440
5.4921
4.8481
4.7027
4.5764
4.5595
4.5357
4.4352
4.2264
4.7275
4.8299
4.9452
4.9747
4.9320
4.6731
5.1040
4.6385
4.2158
4.0672
5.3723
4.3944
4.7181
5.1364
4.2093
4.3300
4.8437
4.4157
4.4059
4.4756
4.8708
4.4666
4.8187
4.7764
4.5964
4.5381
4.5949
4.7054
5.1753
4.2765
5.0894
5.2015
4.3674
4.6233
4.9186
4.1897
4.5682
4.6039
3.9139
4.2851
5.1461
4.5637
3.8094
4.4473
3.7505
4.0468
4.1484
4.5666
4.4862
4.5217
4.3007
4.3384
3.9097
4.9169
4.7855
4.1891
4.2251
4.1061
4.0889
4.7167
3.8827
4.0846
4.8412
4.6482
3.8227
4.1400
4.4323
4.3259
4.1381
4.0270
4.3816
4.6074
4.7419
4.3807
4.0303
3.9775
4.6992
4.5019
4.0810
3.6994
4.8509
3.8261
4.4013
4.8151
4.8611
4.8975
3.9618
4.0998
3.7712
3.8385
3.5356
4.3635
4.3625
4.0791
4.2474
3.7534
3.8955
4.8942
4.0202
4.2636
3.7853
4.6091
4.1866
4.1725
3.7993
4.4812
4.0733
4.4995
4.3224
3.7909
4.6473
4.0624
5.0489
3.9176
3.8836
5.0218
4.1211
3.9618
4.0181
3.9936
4.0873
4.4064
4.2115
3.9162
4.7971
4.1849
4.4331
4.3745
4.2436
4.3513
4.1267
4.0852
3.8733
4.0600
4.1126
4.0565
4.3785
4.1421
4.2379
4.4251
3.7610
4.2171
4.2147
4.1402
