4.5563
6.6962
10.7057
13.4796
16.8235
18.5678
19.8307
23.2214
21.5751
21.6108
24.1656
22.9014
27.1190
25.5610
26.8989
27.0937
25.9122
27.3820
26.4129
28.4305
28.1975
30.7788
31.9708
29.0056
31.5456
30.0044
29.6037
31.1026
31.8051
34.8902
27.5856
31.6397
30.7189
35.3546
34.0781
28.1498
39.5172
32.8114
35.8843
30.8978
30.2355
32.6759
36.2573
41.8892
33.1928
37.0061
32.4314
33.0034
34.7580
29.0818
33.8408
34.6171
34.9996
39.2102
31.4603
34.0127
34.9897
34.3197
40.6572
30.0658
36.4671
40.3183
38.3574
38.6535
39.0151
37.7401
46.1851
47.0805
48.5798
39.5606
38.0886
34.4204
38.6500
39.8948
37.6613
43.0762
34.9640
42.5177
33.9450
38.8460
41.2705
33.7377
38.2666
37.0975
34.4381
37.5239
47.2147
38.4860
39.0691
39.0774
38.9083
37.0482
33.9224
38.5773
45.4088
36.3980
40.2581
35.4624
39.6332
49.4615
48.2832
38.4823
43.1423
37.5934
42.8437
41.8751
41.7958
33.7071
36.2804
41.2085
43.4238
50.5918
46.2191
35.8700
37.1232
32.7509
42.6480
35.1880
45.3818
39.8939
44.2986
39.6926
43.3418
35.9488
39.5808
40.1277
57.9883
40.1214
42.3213
46.1721
41.3143
45.6278
40.4097
50.1209
39.6382
48.7792
34.5299
37.0615
42.6072
40.7300
52.9460
50.0170
43.0927
44.6673
48.6839
43.1179
36.1603
45.0476
50.4376
44.6319
37.7992
50.1469
47.5375
45.5903
47.4816
42.6655
43.2394
41.4153
38.7493
38.3803
44.6116
41.6800
37.4805
34.7729
44.3613
44.3106
39.5693
42.8178
35.2077
48.7131
55.4606
45.8104
45.2089
41.6059
40.7363
41.9778
40.4482
39.9450
37.7657
51.3868
45.7959
43.6750
53.1078
50.5834
44.7044
40.6247
45.7110
40.2173
41.6309
39.6365
48.6403
32.3378
43.8075
54.7119
52.9315
53.0876
47.9853
41.3291
56.1272
53.4018
