12.9926
15.8073
15.2780
15.2943
14.8626
15.8323
14.0051
16.8298
16.4127
16.0726
18.1302
15.9364
14.4404
16.0255
16.5945
15.9311
15.1486
15.7695
16.0100
15.8037
17.4766
17.9245
16.0133
16.0669
17.2818
17.3285
14.3965
16.0073
15.4793
16.5008
18.1839
16.4341
16.2906
16.3428
17.0642
17.0212
15.2722
15.5592
17.2340
15.5241
16.1202
17.9558
16.2677
16.5015
16.2742
16.9165
16.7375
16.1163
16.0121
16.5025
15.7191
17.1985
15.9034
16.9327
17.2255
14.7756
16.7511
17.5984
16.3973
16.1018
15.9711
15.9239
14.4459
17.9863
16.4658
17.6630
16.3164
16.5300
17.1464
17.3016
16.6798
16.9653
15.9422
15.1938
15.7731
15.3205
17.3514
15.9901
15.5371
15.7000
15.1896
16.2874
15.9688
16.7433
18.7088
17.2638
16.8695
16.6885
15.9508
15.9556
16.3947
15.6327
16.7747
16.0957
17.8789
14.9283
15.3942
17.2103
17.5385
16.7904
17.7994
15.9610
16.6254
16.2313
17.5011
16.9926
15.9193
17.2675
15.2342
17.0500
17.7658
15.2571
17.4436
16.0203
16.7611
16.6784
16.7272
14.4075
15.7181
16.6701
15.4326
17.1961
16.9922
15.7642
16.0174
15.7863
15.1120
17.4489
16.7098
18.3040
17.1776
16.3585
16.3236
16.3884
16.7477
15.0270
16.7528
15.3254
16.4169
16.1563
17.6930
16.2145
15.9327
13.8394
17.2822
15.7297
16.8649
14.8837
15.6224
15.5853
16.9698
15.5733
14.9408
17.6008
15.3094
18.0474
15.8482
18.7886
15.9624
17.2952
16.0281
15.7545
16.4750
18.4340
17.4344
15.7870
15.7311
15.1101
16.8182
15.5542
17.2085
17.6065
15.4296
15.6044
17.0234
17.1454
16.9717
17.9828
17.5415
17.5184
16.3637
14.2254
17.2484
15.3749
15.4218
17.4615
17.3518
16.7310
15.6252
16.5214
18.3174
16.4215
18.1016
15.9277
17.1909
14.0432
16.1486
15.4158
18.9232
16.6734
