8.2183
8.8278
8.4291
7.9613
9.4031
8.5422
8.2291
8.7363
7.2253
8.2630
8.5462
8.0907
8.7460
9.3308
8.8711
10.1699
8.3877
8.2050
8.8077
9.0395
7.6528
9.1894
8.2028
8.5720
9.0722
8.8234
8.8762
10.6140
9.0311
8.1029
8.0016
8.1541
8.0071
8.0864
7.8819
8.8642
8.0909
7.9935
10.0094
8.9248
7.7042
9.4897
8.5959
9.0954
8.2862
7.7684
7.7863
7.4788
7.8853
7.8176
7.8270
9.7699
7.9036
9.2186
8.2097
7.7083
7.9838
8.0169
8.1756
9.5544
7.9698
9.6604
8.9896
8.0402
8.4612
12.5526
8.5594
8.7701
8.2320
8.1036
9.0449
7.5691
8.8576
8.3890
8.6317
7.7327
8.8203
8.6072
8.1856
8.4874
8.2370
9.3379
8.2758
8.8490
8.3855
10.5204
8.9570
9.1070
8.3762
8.5200
9.1923
8.6074
7.6523
7.6354
8.2750
7.6221
8.0235
9.1624
9.4887
8.5172
8.2323
8.7990
8.4770
8.6748
8.9635
9.0934
9.2499
8.5627
7.8478
8.7382
8.3974
8.3828
9.4499
8.4803
8.0468
8.4914
8.0036
8.5130
10.0189
8.2440
7.7897
9.1157
8.1305
8.6895
8.1072
8.4996
7.7817
8.3992
7.0469
8.6160
8.0815
9.1204
9.5884
7.6089
8.4848
8.7470
8.4725
7.4138
8.3512
8.3018
7.9608
7.1934
8.3092
8.7591
7.7055
7.4577
8.1931
7.8656
8.0520
9.7124
8.0545
9.9733
8.7036
7.3056
9.9864
8.0416
8.4847
8.7933
7.4663
7.7540
8.0218
8.0394
7.9984
9.2864
8.3502
8.5907
7.2508
8.4762
8.8708
7.7249
9.8401
7.9379
8.5426
7.2896
8.5319
8.9357
8.9597
7.8778
8.3532
8.5665
8.9554
8.4290
8.1803
9.5252
8.9095
7.3905
7.9795
8.6389
10.0987
7.8088
8.1415
7.9293
9.4341
8.5614
8.8387
8.7486
8.9350
8.8705
9.0666
9.2314
