6.4347
2.9277
2.9168
2.1922
2.7821
2.0979
2.3801
2.4760
2.0231
1.9435
2.2497
2.1131
2.4480
2.3044
2.2843
2.1175
2.1718
2.3774
2.0678
2.5312
2.2713
2.3516
2.2809
1.7946
2.2948
2.1751
2.4762
2.1406
2.2721
2.2618
1.8282
2.1699
1.9681
2.0676
2.3496
2.2971
2.2561
2.3299
2.5785
2.1097
2.2706
2.0650
2.5737
1.9260
2.1893
2.0715
2.2320
1.8501
2.4723
2.5636
2.3621
2.0660
1.9720
2.1736
2.0816
1.7478
2.6560
2.3723
2.5413
2.4022
2.4882
1.7511
1.8222
1.9601
2.5810
1.7230
2.2040
1.9326
1.9404
2.6173
2.1043
2.3025
2.1659
1.9913
2.1269
1.7259
1.9241
2.0016
1.8914
2.3316
1.8567
2.0342
1.8505
1.9771
2.3145
2.2391
2.1359
1.9407
1.7422
2.7791
2.1632
2.0607
2.4912
1.6637
2.5747
2.0818
1.4232
2.2397
1.9917
1.9892
2.0692
2.9223
2.2694
1.9185
2.1019
2.0197
1.7340
2.4058
2.7476
2.6712
2.4970
2.6524
2.2193
2.2684
2.1213
1.8913
2.1627
2.0526
2.3918
2.1829
2.0007
2.4998
2.3241
2.0637
2.1033
1.9087
1.8087
1.9233
1.8051
1.8933
2.3090
1.9395
2.0611
2.5573
1.9109
2.2407
2.3050
2.1129
2.3131
2.7275
1.7356
2.0638
1.9249
2.0414
1.5933
1.6732
2.3510
2.4393
1.8802
1.9037
1.8200
2.3488
2.2779
1.6730
2.0084
2.2760
2.1102
2.0219
2.1929
1.9622
2.0376
2.0496
1.8952
1.9423
2.1616
2.4665
2.1849
2.3802
1.5961
1.8381
1.7827
2.7817
2.1901
2.1008
2.6880
2.3502
2.0411
1.9144
2.1330
2.0792
1.8370
1.9581
1.8244
1.9607
2.4489
2.2637
1.9776
1.8385
1.8029
1.6312
2.3691
2.0390
2.1513
1.6551
2.3987
2.0121
2.5004
1.8544
1.8607
2.3546
