15.4185
9.2933
7.5517
5.4815
6.3890
6.0390
7.4338
5.5363
4.4349
5.6770
3.6746
5.7196
4.9371
5.5086
3.9615
5.8168
3.3449
5.4219
6.8507
5.0661
4.4649
4.9890
5.2718
5.3057
5.2854
4.8601
5.0655
4.9652
5.6119
6.8692
3.1480
3.6874
3.7498
2.8934
3.6850
5.7033
5.9728
6.3443
4.7816
5.5532
4.4367
4.3860
5.8658
6.2904
5.1224
4.1388
4.6572
4.5693
3.6356
4.4538
3.9608
3.9036
5.0711
5.5599
3.3653
3.8309
5.1613
4.3203
4.1310
4.1477
7.2532
3.9005
4.2975
4.6160
3.8433
5.4325
4.0747
5.4659
3.4715
4.4284
3.2291
4.6622
4.1276
4.2504
5.3777
4.6833
4.7100
4.6013
4.8748
3.3798
3.7925
4.0219
2.9443
3.9988
3.9185
6.8111
4.0966
3.6335
5.8156
5.1135
5.4595
4.8470
6.2397
4.4639
4.2732
4.7420
3.4546
4.7866
3.7886
4.1601
3.4294
2.3099
3.7931
4.8819
4.6543
4.9273
4.4994
3.0474
3.9193
3.6529
4.6660
4.9031
3.9709
3.2579
6.0605
5.1788
6.2210
3.1360
6.6823
4.1163
2.5184
4.2846
3.5058
4.3096
4.8774
4.1324
4.1510
3.3140
5.5569
5.2403
4.5970
4.8096
4.4933
3.0792
3.8116
4.8743
7.7097
4.7298
4.2450
7.7964
4.9308
4.1132
4.7951
5.1512
4.6739
3.5637
4.1124
4.5228
4.5021
4.4501
4.5558
3.0801
3.4877
5.3476
3.6012
4.2810
4.8338
3.2913
3.6444
3.6919
4.6159
4.0316
3.7117
3.5980
3.4953
3.6739
3.7869
3.5283
4.8874
4.7973
5.2673
4.3739
3.5607
4.1340
4.7852
3.1759
2.5344
4.8035
4.7685
4.0306
4.7624
3.1041
4.9109
5.1981
3.5237
2.5779
4.2153
5.1364
3.1675
3.3333
4.9839
2.6351
4.1927
4.4291
3.8299
4.7000
4.5702
3.9489
3.7963
3.6787
