2.0308
3.4653
4.4886
5.1259
6.1033
7.0545
7.9211
7.4768
10.2138
7.6282
9.1930
9.7018
9.6416
11.6050
12.8995
9.5890
11.2959
17.3946
16.1231
12.5368
12.3592
15.7261
15.4944
12.1382
15.1753
17.5704
15.2273
13.7715
15.3994
13.5295
16.1561
14.9694
17.4889
15.1796
16.6770
17.1056
17.2116
14.8581
15.0866
22.2147
17.2706
17.4088
17.0549
17.8296
15.1083
18.1329
16.9081
21.1660
18.5424
14.6089
16.9095
14.5704
22.4171
17.8913
19.7441
18.3844
18.8711
17.2271
19.3528
17.0909
18.4135
16.4739
16.8675
20.3350
23.6379
20.0885
20.4725
20.7913
19.0996
21.4980
19.6683
19.3615
17.8330
19.8725
24.8217
20.5670
27.6543
19.1856
23.3570
20.0242
22.6190
20.8081
23.4103
21.7473
22.2704
19.8363
20.2279
24.9502
22.8706
21.8879
20.6306
23.8557
22.4652
19.1520
26.3653
22.3741
20.4248
22.7235
25.4021
25.7774
23.8692
23.3153
23.1007
23.1964
18.9146
22.7881
23.2781
21.8314
24.0657
26.4406
25.9083
23.2986
21.4766
27.2331
22.0180
23.4748
22.3489
22.9929
27.4871
27.3878
23.7670
23.2302
26.3649
23.2593
21.9074
27.3673
24.1302
22.8964
23.3544
25.9492
25.5336
23.0386
24.7335
26.6159
21.1769
30.5419
32.0328
24.8806
23.2564
25.1014
22.5740
26.9543
24.5180
29.5564
30.5236
27.8099
23.8000
26.9070
21.9422
25.5868
25.2850
24.6632
32.2435
25.2924
26.9634
29.2739
24.7395
25.6867
28.4232
25.6448
29.0034
26.3950
25.0182
26.2311
25.4907
26.2803
31.2558
29.3657
28.1752
23.9850
24.5938
34.3954
28.9516
29.5513
26.5175
31.3074
32.6794
27.6733
28.3281
28.9972
31.7687
31.6605
35.6268
29.3247
27.2540
27.5336
29.0255
27.0729
30.6098
26.6411
30.6375
32.7384
28.0075
26.0744
29.6535
28.7925
26.2889
32.9155
29.2946
29.6386
