3.5630
5.7426
9.9346
11.0976
13.1189
14.8830
16.5005
16.7218
16.8822
16.3779
14.6176
16.2327
15.9189
17.2018
16.4300
18.9234
17.0224
18.4711
18.2258
21.6830
20.2584
18.8274
18.2287
20.5711
18.0211
17.7884
22.0528
20.7547
16.9570
16.2046
17.4190
18.7341
18.4979
18.4721
18.6985
17.6501
16.0355
20.1162
20.2803
17.9316
21.5046
18.6093
19.7755
18.8837
24.1069
18.2856
21.4606
21.8785
20.7066
20.2828
21.9331
23.8355
22.3635
23.9813
21.3746
22.0324
22.7403
28.9268
25.0219
24.9995
21.9236
22.8681
19.5300
23.3096
19.8176
25.8418
24.1894
27.1160
23.9091
22.8284
22.3446
21.0766
25.9136
25.0532
23.0588
24.4545
26.8354
24.0019
24.4063
23.6743
31.5319
23.3465
24.7463
23.5020
24.3737
27.6565
27.0278
23.1839
27.6410
26.4018
30.0991
27.6986
22.4037
27.6696
25.4527
28.0498
24.6627
28.5591
21.8132
27.3982
27.4718
25.9658
25.6556
28.8599
26.9524
31.8373
26.9071
29.6753
29.5575
26.8504
24.3845
27.8488
30.3243
23.8604
30.8904
25.4703
33.8884
26.9538
26.5920
30.9572
25.5069
31.3895
30.1835
27.3456
30.9766
26.3514
31.0628
25.2174
27.9877
31.4306
29.2879
31.6900
25.6408
30.8744
32.5861
30.5199
30.1681
26.0205
23.0421
29.6014
31.9199
28.7337
26.5512
27.3716
32.9321
27.4932
33.1508
29.9156
30.1337
33.4141
34.2058
32.4781
35.6291
27.8205
36.3401
28.4683
82.9570
19.6022
20.8749
22.0897
28.9233
24.7334
31.1294
34.0913
28.7854
28.0150
30.7003
31.1567
30.6167
30.0850
28.6089
31.4746
28.6543
28.5107
30.1856
28.3200
30.9923
34.4394
26.5714
30.3650
35.6390
30.2558
28.3534
38.9020
25.2886
28.6123
28.2195
31.4465
37.1320
38.2710
33.2639
37.6905
34.4264
33.7482
37.6914
36.5715
35.8856
31.0186
28.6930
34.4179
