2.9856
3.4580
5.7124
8.4939
9.6271
12.9783
12.0700
13.6361
15.3710
13.1588
13.3434
11.8055
12.5239
14.5214
13.9139
14.2645
13.5618
15.1412
14.1875
12.0926
12.9278
14.0432
15.0971
15.9475
14.3142
13.3276
15.1396
16.4213
14.6038
14.7673
15.7411
15.5427
15.0085
12.4436
13.3575
14.1844
15.5748
14.3374
15.9391
13.0503
16.1954
16.5083
14.3378
14.3925
15.7372
14.0952
14.7864
16.4357
15.4478
13.2990
14.3351
13.5118
14.5815
14.1703
14.9747
14.4614
13.9249
14.8921
13.4583
13.9471
14.7231
13.6438
14.6523
14.0400
14.8305
14.1682
17.1718
12.8088
14.7090
14.5626
13.8695
13.2378
14.1301
14.4890
14.3289
14.5339
12.4805
12.0496
13.2166
14.2554
13.4391
14.3260
14.7571
12.6128
13.7417
13.3850
14.7282
13.2902
12.5949
13.4504
12.2234
13.9151
12.4829
13.3934
15.2120
12.1059
13.4193
12.1889
14.1962
12.2755
13.4015
11.6540
13.2775
14.1612
11.7708
13.0195
12.3847
11.4120
13.8791
12.3241
13.1368
14.4251
12.6259
11.7363
11.7416
12.4654
14.7746
14.3888
13.3192
13.4086
14.0673
12.4140
13.1136
14.3904
13.8489
12.2832
10.8841
11.5632
12.3768
12.9377
13.3529
13.0201
12.9994
13.4037
14.3453
12.4099
12.5550
14.2689
11.6251
11.8713
13.4379
12.9269
12.8139
12.5021
13.0389
14.2647
12.3831
12.0688
12.9340
12.6449
12.8897
11.6418
14.0561
10.5156
10.7340
13.8525
12.6590
13.8996
13.4947
12.7426
12.6900
12.7520
12.2237
12.5899
13.9251
14.0121
11.8324
11.0912
11.8560
12.1020
12.1242
11.6760
13.0070
12.8054
13.8642
13.3745
13.6205
14.0814
11.8193
12.9319
12.7653
11.9737
13.0843
12.4821
11.7018
11.9609
12.6078
11.2816
13.4594
11.5925
12.9995
11.3768
12.1612
12.6673
12.7833
12.2537
12.6472
11.8478
11.5314
11.5525
