3.1778
4.8580
7.7045
8.7689
8.1911
8.6117
8.2035
8.2193
8.1222
7.7694
7.7871
8.8233
8.4045
8.5664
8.8549
8.4274
8.1560
8.1416
8.2630
7.8631
9.2313
9.2094
8.5453
10.0188
8.7915
7.4694
8.2417
8.3802
7.3763
6.7137
8.4801
8.8454
7.9345
8.7605
8.6894
7.0945
9.6542
7.3974
9.1660
7.2215
9.1505
7.7130
7.4509
8.1500
7.8190
7.8455
9.4624
7.5330
8.5356
6.5073
7.7365
8.5710
7.8541
8.0188
6.7778
7.5257
5.7863
9.1613
7.6535
9.0567
7.8285
6.8264
6.9475
8.1408
9.1349
8.4569
6.6566
8.4744
7.5324
7.7645
8.1901
8.1231
8.0999
7.3323
8.0624
7.2582
8.6951
8.8247
8.4892
8.7244
6.9847
7.0502
8.6808
7.0333
7.4661
7.9073
7.7034
8.3883
7.9000
7.1919
6.9203
8.0559
7.4723
8.1004
9.0297
7.0721
7.1423
8.2785
5.9757
9.3889
9.3151
7.7878
6.5042
7.8295
6.9430
6.8623
7.1687
8.2546
7.3661
8.2846
6.9627
7.9141
7.7213
7.5747
7.7288
7.7644
7.4401
8.4209
7.1346
7.6620
7.1346
6.3019
6.1629
8.5085
6.4072
6.6988
7.4166
7.3201
7.5430
8.0228
7.2255
8.1137
7.0738
7.2195
7.8141
6.9387
7.8270
8.3617
7.2706
7.5097
7.2527
8.5997
7.2778
7.5361
7.3689
8.3522
8.4880
6.5406
7.9615
7.1883
7.9444
6.6314
6.8653
8.6871
8.5446
6.2982
7.4365
6.7123
7.6687
7.7519
8.8428
7.4567
7.4082
7.6098
8.9585
7.9103
8.1616
8.2632
7.8982
7.5569
7.6232
8.1623
8.1583
7.9210
7.9745
6.6671
7.8230
6.9937
6.8766
8.3764
9.2830
8.2212
9.4126
8.1333
6.1184
7.4135
7.3347
8.0343
8.0759
7.5441
7.4787
6.6137
6.8250
7.5793
8.0523
6.8944
8.0471
6.0372
6.3633
7.1018
