1.8068
2.2078
6.2989
9.7615
13.1392
8.3569
6.4409
6.2798
5.2752
5.7571
6.3552
5.0640
5.9507
5.3551
5.5492
4.8007
5.8531
5.9152
6.1677
6.4266
5.2017
5.6892
5.4664
5.7141
5.5941
5.6784
4.8941
6.2968
5.7049
5.4377
5.1647
5.1978
5.7774
5.4179
5.4116
6.4061
5.5694
5.4982
5.4482
4.2377
4.8073
5.6648
5.8334
5.5108
4.7251
5.4997
5.4726
4.7289
5.3734
6.0279
4.7738
5.5175
5.6246
5.7486
5.9767
4.9154
5.9814
4.9825
5.3400
4.9624
4.6142
5.1960
4.4849
4.9709
4.5440
4.9198
5.2726
4.6765
4.5450
4.3024
4.3876
4.7250
4.8071
4.7913
4.5338
4.2708
5.7813
4.6945
4.9047
4.0956
4.6060
4.3543
4.3398
4.5510
4.4619
5.2588
4.6868
4.4112
5.1112
5.9009
5.1988
4.1871
6.6937
4.6914
5.0207
5.7327
4.5584
5.0545
5.8269
3.8300
5.3684
5.3604
4.4433
4.6378
4.3140
5.1555
5.2950
5.0422
4.6082
4.6394
4.5466
4.9361
4.6845
5.2455
4.7874
4.2747
4.6584
4.1845
4.2157
3.9198
5.1627
4.6562
4.8835
6.1602
4.5104
4.9738
5.5294
5.0536
4.5284
4.9632
3.9102
4.3729
5.2075
4.7361
4.5053
4.7025
5.0802
5.0592
4.5964
4.6239
4.4430
4.3195
4.5562
4.7210
4.6156
5.5733
4.4447
4.3561
4.7064
5.3212
4.4105
5.1304
4.4353
4.6121
4.5566
4.4912
4.7400
4.6262
4.6235
4.6694
5.6183
4.4747
4.9465
4.6409
4.1130
5.0028
4.6895
4.0077
4.0407
5.0024
4.2348
4.4785
4.8883
5.0763
4.7162
5.4905
5.7430
4.3040
3.9770
3.9069
4.1441
4.1352
4.2989
4.0148
5.6398
4.9156
5.0874
4.2145
4.5593
4.3218
4.1378
4.7947
5.3638
5.5947
4.3476
3.9352
4.2345
5.1191
3.7818
4.4562
