2.3416
3.3760
4.6671
5.2141
6.8632
6.3536
7.9085
8.1854
7.1203
7.4746
7.3260
7.3394
6.8489
5.3556
7.3189
5.3973
6.7118
6.5511
5.8276
6.5267
6.7781
5.3189
8.2920
7.5023
5.7430
6.5154
5.5025
6.7461
6.9551
5.6637
7.0102
4.7444
5.2840
6.1437
5.6400
6.4340
4.7412
6.4538
5.8902
6.4132
5.2680
6.6373
7.0686
7.1357
5.9485
6.9356
6.2956
5.3743
6.5820
4.3423
4.5683
5.0665
6.6251
5.2665
6.3630
5.0923
4.6826
5.7309
5.3391
7.1247
4.8939
6.6491
5.7656
7.6166
4.6590
5.9677
4.8638
4.6414
6.3000
6.8220
5.8850
5.9387
5.8986
6.7274
4.9667
6.0257
7.6785
5.2673
5.7701
8.2113
5.2153
5.9783
4.7156
6.9017
5.7654
5.3855
4.4442
4.2282
5.1680
4.9176
5.1705
6.1811
6.1614
7.4050
7.6425
4.4439
4.3415
4.9857
5.9708
4.3949
6.3676
6.3587
5.5302
5.7923
6.0227
5.2867
5.6580
4.3949
5.2237
6.5704
7.0343
4.7849
7.1903
4.3166
5.1090
5.4546
5.1215
5.8293
5.8349
5.7957
6.1080
4.6514
5.0524
4.7470
5.2632
5.2763
5.6509
4.9442
5.7762
4.3799
3.5808
4.4149
5.5935
4.9252
4.2156
6.7455
6.0705
4.7712
5.4346
6.4003
5.4102
7.1558
3.8965
4.4039
4.2145
4.6198
5.2887
3.9032
6.0237
4.8061
3.7710
4.3898
4.2012
6.0801
6.1817
4.4454
6.6812
5.3985
5.6235
4.7626
5.5214
7.1266
4.9378
7.1710
5.1088
4.7547
5.1900
3.5345
5.4044
5.0772
5.0440
5.1919
4.4960
4.9177
5.4908
4.6794
4.9543
4.2369
4.5889
4.4050
6.6738
7.0452
5.0847
5.0741
3.9843
4.2747
4.6911
5.0363
6.5260
5.5532
3.8906
5.3203
4.8099
5.3724
5.1649
4.5361
5.0861
3.8935
4.3713
5.9445
