3.9618
7.3716
11.6883
13.2245
15.2859
18.7227
18.8932
22.0664
22.1872
20.8440
21.6514
25.0622
19.9638
21.1757
20.0291
22.3909
23.6585
23.6953
25.3004
27.0868
27.7928
26.9289
27.2802
29.3861
25.6048
29.9609
28.9868
21.7929
25.5858
31.6935
26.5486
30.8260
29.0168
31.3272
30.5271
30.9347
30.3358
28.2672
23.1259
27.9419
25.3044
32.4476
29.6983
25.4593
24.3418
23.8119
22.3995
35.0794
29.0063
23.6217
29.6250
31.2792
26.7317
31.4694
33.4853
27.0834
28.6852
25.6020
29.5166
27.3172
30.1162
28.4242
29.0107
30.8718
24.7136
24.1129
30.9051
21.6393
29.8014
37.0759
30.5384
24.4032
28.8191
26.9382
33.8161
21.4174
32.8389
25.5063
22.3012
23.5390
27.7140
34.0686
27.0815
23.6965
31.8124
29.9888
24.0378
26.2755
24.6333
28.3421
26.0089
28.4791
23.9949
18.3620
23.4576
29.9630
31.1175
26.4851
31.9484
26.8841
20.5348
33.3479
25.7059
25.7551
22.9813
23.0256
29.4001
26.5001
34.7427
21.0489
21.8536
22.7033
31.7786
34.2024
27.6621
31.2070
23.6464
35.5640
30.7945
23.2640
33.0315
31.8520
28.6966
26.0410
21.5086
27.6414
31.0651
27.7635
23.7043
26.8550
22.6401
27.2916
31.4577
21.5504
29.6551
32.4453
22.3841
27.6821
23.0061
25.9302
24.5238
28.5399
34.4396
26.1865
23.1336
31.0518
32.6917
33.2857
23.7238
30.0742
22.2288
25.3716
22.2785
21.4870
20.8189
32.8158
34.8216
27.5737
28.3801
31.6032
23.5558
18.8423
23.6239
33.2899
30.8665
21.0381
22.9193
24.3209
24.4254
27.5766
34.4494
28.9007
36.4463
34.9644
21.5367
33.2123
19.5047
19.8860
30.4137
48.7211
35.5787
22.1645
31.6465
27.1462
22.5200
20.2163
25.6813
23.8101
33.9450
35.2538
24.1118
29.3504
28.7363
28.5546
29.1271
25.7880
29.2284
31.9770
28.2928
29.1406
