2.9306
6.4327
9.7679
13.2398
18.0305
18.9310
20.6596
21.7514
20.1482
20.6652
20.8678
21.4397
20.4171
21.3017
22.1907
17.7272
17.0436
18.9899
22.1983
19.1860
19.5411
17.8770
18.5605
18.1176
18.0436
18.7188
18.1354
19.8113
17.5703
18.1588
17.1868
17.0224
17.9756
18.6059
17.3751
14.2716
18.9672
16.1041
18.6508
18.4136
17.6741
14.8412
15.5089
16.6832
17.3043
17.0890
17.3124
16.3442
16.7168
15.2977
16.1805
14.5494
14.9445
14.5934
15.5901
15.5847
18.6981
16.5824
17.5889
15.9650
14.2545
16.2856
15.5443
14.1600
14.8475
15.5179
17.7841
16.5757
16.5164
16.3105
13.3553
17.4579
15.4262
14.8083
15.3321
17.0710
17.2731
13.5244
16.5004
14.7549
16.9803
16.3087
16.2895
16.7850
15.0409
14.2493
14.2832
14.5640
14.2696
15.5521
13.7691
14.2548
16.0855
15.6600
12.2905
15.3230
14.6070
14.1351
13.4051
16.0355
15.6038
15.4479
15.7333
14.5381
14.2094
15.6404
14.7886
12.6339
14.9970
15.2196
13.6274
15.3682
16.0657
14.5048
14.5972
13.4518
13.9757
13.6147
16.7787
14.5199
14.5754
14.8905
15.7858
14.2489
13.2008
15.6079
16.2134
16.4736
13.9074
14.6683
16.3548
14.1955
15.0356
14.4766
15.9914
14.4085
14.4971
14.4565
12.4859
14.4452
13.2289
14.7008
13.6725
13.8649
14.2611
15.4039
13.4155
15.8388
13.9369
12.1523
13.7101
15.4170
13.3729
16.9465
14.4662
14.5738
13.1066
15.0448
13.1307
15.6566
14.6610
15.0192
14.4266
15.7139
14.4057
14.6396
14.7961
13.0693
16.4225
13.9160
14.5215
15.1421
14.4587
12.8914
16.7791
14.2900
13.6413
14.8636
16.1562
12.4829
15.2549
14.8369
14.1323
16.5839
12.7575
13.0375
13.6115
16.5875
12.9603
12.6802
14.5398
12.6361
16.9244
14.2195
15.3528
13.1876
13.5528
18.3433
14.3271
13.4202
