8.5818
10.6476
11.8826
11.6097
9.1365
9.1073
9.5013
9.5002
9.8719
10.0295
9.9275
11.3660
10.3978
10.1673
10.4000
10.8002
10.3240
10.8901
11.4319
12.8815
11.2757
11.4337
10.6908
11.5014
11.2502
11.7969
12.9059
12.8162
12.3104
11.3433
11.5801
12.9989
13.1569
12.1374
11.4003
12.9493
13.6540
13.6512
14.5384
14.0341
11.9857
12.9147
14.0252
11.3765
9.9306
10.7809
11.3454
13.9217
14.5251
15.4626
13.8572
14.8131
14.2699
12.2449
13.8121
13.6767
15.7764
13.0789
13.0506
12.8508
13.2298
13.7549
13.6894
12.5855
15.0320
15.9096
16.0927
15.4293
11.1952
12.4803
13.7162
12.9403
14.5583
13.8233
12.3479
14.7893
14.6258
18.3273
18.0823
16.0884
17.0207
17.3035
14.0223
12.3265
12.5540
9.9209
10.6113
11.8291
13.0985
13.4168
13.5998
12.2972
14.3892
19.2737
15.8726
12.8942
11.0389
12.4965
12.7705
15.1868
15.3586
14.1356
10.9552
12.6644
12.2841
12.2855
12.5300
11.6677
13.6522
17.1845
16.7710
17.8766
14.1440
13.4236
10.3055
10.2984
12.4498
10.8846
12.4159
16.7869
16.9277
16.2342
13.0695
14.7504
14.2384
14.8537
12.5144
14.3062
12.5909
15.2700
10.7924
11.3596
12.0854
13.4875
13.5981
13.2007
12.6550
11.9704
12.2666
16.4914
13.3825
11.6473
12.2566
16.9897
12.8857
12.7949
13.5912
12.1031
11.9303
11.4946
13.0230
12.2361
11.9537
11.6985
11.2815
12.4563
15.5158
14.7807
17.0475
13.2326
13.3838
15.1290
12.3090
14.4824
16.8129
22.6474
23.0944
16.1566
20.0466
16.0316
13.9449
13.7150
10.9349
12.4919
13.2779
12.6223
15.5666
10.9907
14.1772
14.5154
13.3144
14.1969
13.6762
12.4557
16.2600
18.8852
11.9557
12.2435
15.4836
14.1449
15.2003
12.7230
17.7262
13.6610
14.4232
12.8092
15.8671
11.9859
14.3008
14.4384
