4.9808
7.8895
11.1950
12.6408
10.0344
9.5430
10.2175
11.0717
11.0986
10.6828
10.6781
12.7263
13.0587
13.1136
12.5192
11.8806
9.9559
11.7442
10.5475
11.4243
10.3120
10.6757
12.1575
11.9284
12.6004
10.5702
10.3848
12.8714
12.3802
11.9074
12.1507
12.3711
12.5221
11.6733
10.9390
11.7156
10.8855
10.1936
12.5948
13.6645
11.4371
10.8823
10.1496
12.3399
11.1237
12.6465
13.1952
12.2732
12.9272
10.9449
10.8235
12.8068
15.8575
13.9222
12.4239
14.9586
14.4671
12.7675
13.5307
11.6491
10.9726
14.0418
15.1896
13.5281
12.6358
12.0917
15.5935
14.4833
13.6431
13.4666
11.7992
14.4314
16.4162
11.7770
12.2716
12.4675
11.3797
13.8032
13.0037
13.8738
14.5655
14.2923
13.3621
11.9104
13.3906
13.1082
15.4865
13.8449
15.4499
12.6623
14.2153
13.4219
12.4898
12.1182
11.8765
13.2789
12.5218
13.8235
14.8605
16.4009
13.8554
12.5286
14.0892
15.5892
13.6587
13.3420
12.4134
12.5056
15.6950
19.0480
16.0912
15.1964
13.0668
13.6157
11.5471
14.6587
13.2930
13.0156
14.5100
15.1244
15.7150
12.9337
15.1679
15.0986
14.5571
12.8665
13.4286
14.2847
13.7555
15.5126
15.0245
14.8446
14.8567
17.0428
14.0391
12.5745
14.9323
15.3734
13.5068
17.2765
14.7718
15.8647
14.3971
14.1417
15.2423
16.0057
16.5418
14.2272
13.9555
14.0872
14.0385
12.9369
12.9945
15.2229
14.5629
14.3890
16.4292
16.9177
13.4296
13.0696
13.9173
13.9264
13.0998
13.7897
14.1457
13.2843
12.8659
14.6840
13.4600
15.1922
13.8786
15.1996
13.5082
13.1641
14.5845
14.6701
13.7479
14.2679
16.6322
16.4356
15.6921
14.5665
15.9000
15.6811
16.7313
14.2070
13.3088
12.7659
16.6906
19.1788
14.2873
11.8828
14.3382
14.8341
16.2318
17.9366
15.9571
14.2000
14.4721
13.6986
