14.9138
4.3200
5.3099
6.2812
5.1422
5.0407
4.9774
4.9274
3.7182
4.4947
4.9382
5.9642
5.2336
4.8281
6.2598
4.5027
4.6473
5.1192
5.6262
5.2525
3.9710
5.0324
4.8415
5.2826
4.6333
5.4019
4.8220
4.7041
4.5667
3.9584
3.9096
4.6947
5.2403
5.0329
4.3871
6.7372
4.3671
3.6813
4.2396
5.0620
4.5370
5.1485
5.3672
5.5325
3.6270
5.3278
3.9037
4.7390
4.6752
4.0987
4.1900
4.5066
4.4317
5.0196
5.5152
5.2830
3.6670
4.4575
4.8730
3.8689
5.2903
4.7559
3.9720
3.8508
3.1526
4.9862
4.8023
5.6730
5.4280
5.3808
4.0968
4.6294
5.1010
5.0651
4.8623
5.7421
5.6718
5.0817
3.8790
3.4660
4.0941
4.0621
5.8598
5.3653
5.3349
5.6825
6.6156
4.7476
5.1729
3.7102
4.8295
4.0554
5.6144
3.9310
5.7413
5.2307
4.5337
4.7643
4.7887
3.9149
5.5779
5.0010
4.3188
5.5403
5.4204
3.7607
4.5075
4.7832
5.5789
5.1832
5.3676
4.6187
4.2863
4.7687
4.1232
4.4107
4.5555
3.7919
5.0184
4.5124
5.8341
5.1509
5.4431
4.0718
4.5329
5.2179
5.7186
5.7535
4.7160
4.7723
5.9298
4.3898
4.9450
5.1120
6.0442
4.6810
6.0624
4.6562
4.5807
5.7846
4.0347
4.5541
3.8617
4.7727
6.0047
3.9593
4.4972
5.1326
4.3564
5.0230
4.1051
4.9423
4.8294
3.4733
4.3469
4.3122
5.1751
5.1979
4.9313
4.5567
5.0490
3.3541
4.9533
5.9598
3.9488
5.4823
3.6031
4.4639
4.4796
5.5526
6.1421
3.6984
4.3070
4.0344
4.7595
5.3091
4.6909
4.9508
6.0904
4.7022
4.1006
4.7626
4.2929
4.9382
3.3873
4.7122
4.4348
4.9870
4.8660
5.9226
4.0869
4.5773
4.2247
4.7006
5.3409
3.6933
5.6981
4.0356
4.1874
5.2250
