4.2507
4.5050
7.1393
8.5526
9.5771
11.5319
11.9830
11.5904
12.3812
14.8115
13.4512
11.3697
14.4477
13.7558
14.1873
13.2355
14.3119
14.9343
14.6121
14.8877
16.9466
15.7222
12.5930
14.5511
13.8996
14.0593
15.6936
15.2031
11.5113
13.0186
12.6195
14.5791
13.6378
14.1413
14.2542
15.9823
14.4478
13.5425
14.0631
14.5458
14.8298
15.4076
15.4516
15.7027
15.2496
16.5501
15.4939
15.7586
15.0796
12.2758
13.3820
16.7947
13.9182
15.1568
16.1025
13.7543
17.1864
14.2699
16.2365
15.4308
16.1129
17.7229
18.5165
17.7292
20.9786
15.8630
17.1203
13.5750
18.0415
18.1072
16.6650
16.0807
16.9259
16.5954
14.8400
17.3976
16.3083
17.7161
16.9149
18.2160
16.8125
21.5621
16.5845
20.8505
20.5137
16.3036
18.2935
15.7063
16.4083
18.2072
18.3109
18.2783
16.6413
18.4264
19.8652
20.6400
19.5629
18.0960
19.2466
21.2801
18.1632
24.5365
17.9604
18.7175
18.7240
21.7497
18.8679
17.8780
16.7037
19.9961
18.1341
16.1340
22.0296
21.1897
20.0051
22.2629
19.6654
20.6546
23.3800
21.4696
20.0759
19.3611
19.3934
20.3424
21.8585
22.5533
23.1889
20.6929
16.3475
22.3110
19.8394
19.8513
20.8472
18.0876
21.2272
22.7822
25.4497
20.0381
18.7161
20.3519
21.9842
18.8046
16.2007
21.3363
23.6536
21.7565
19.7829
22.4482
25.9059
21.5942
21.6068
24.2478
21.9945
29.5196
22.1010
20.7622
24.1836
25.6447
25.2668
23.6021
16.3545
21.7432
25.8108
20.7863
22.0832
20.7892
20.5425
20.0749
18.6154
20.4458
21.9199
20.4016
21.2300
24.5079
21.8030
21.4060
22.8052
23.4177
26.1137
19.3912
22.0851
19.4401
22.6107
24.8148
19.4614
20.2015
20.8595
21.5878
20.4961
21.3213
21.1285
20.4625
22.2852
24.2213
22.8153
19.1633
22.9783
20.6194
21.3191
27.2561
