2.8127
4.1116
5.9262
6.0003
5.3731
6.4030
5.6653
6.2087
6.2362
5.3230
5.9085
6.3929
5.9801
6.6858
5.9248
5.4756
6.1520
5.3543
5.3956
5.6176
5.9251
5.6896
6.3736
7.4450
6.5138
7.5522
6.4339
7.1449
6.2724
7.2475
9.7478
9.6307
12.8493
13.2874
14.0817
13.9130
15.1718
12.6820
14.5371
13.1119
13.7497
15.5843
15.3293
17.3855
13.1266
13.4756
12.6286
15.2040
13.1347
12.5681
14.5275
15.2055
16.6875
16.1985
15.0084
18.8531
15.7516
17.2929
14.6667
16.0241
19.0265
18.2710
16.8889
16.5735
16.1124
18.3774
15.9974
18.7293
16.4131
18.7612
14.3991
15.9494
17.3618
16.7209
16.6272
18.4070
19.0764
19.6856
15.7554
19.7555
18.2668
19.4616
21.1733
17.4022
18.2313
17.1779
21.8268
23.4371
19.0737
18.7820
18.6108
21.0062
17.4956
19.5005
18.9745
15.9792
20.1996
18.5746
17.8686
21.3388
18.0053
17.8431
17.5702
19.0538
21.9117
20.6629
18.4783
18.5930
19.8205
19.8061
19.9465
16.1303
21.9649
19.4647
20.7938
23.8025
18.2749
21.1198
19.6548
23.1968
21.4706
19.6245
23.2225
19.7758
20.9352
20.3892
18.9179
21.9505
18.8697
21.4842
23.2231
20.1313
21.6685
20.9392
20.9279
17.8398
21.2368
21.1434
20.8760
21.6605
26.9432
22.2175
22.9215
17.8129
23.9979
25.0915
22.0641
21.2350
20.7711
19.8665
22.7438
18.8970
22.2021
25.4101
18.4642
22.9314
24.7087
18.7181
19.6715
21.7704
21.3029
21.2299
21.8528
22.4432
22.5804
24.6832
20.9351
21.6780
23.0613
27.4020
18.5850
22.7193
20.9863
20.7782
22.7044
22.9630
25.5614
23.2376
23.0833
22.5342
26.8462
25.1894
24.1127
22.7127
21.8979
17.9921
20.8200
26.0164
27.8780
21.8880
27.3181
25.3433
25.3044
21.4353
23.7533
21.9925
23.2073
20.2601
20.9906
20.3171
