2.2920
1.8377
2.9369
4.4497
5.7257
6.4524
5.6808
6.8925
5.0655
5.3460
5.5245
5.4241
5.0653
4.7779
6.2588
5.0221
5.5547
5.6397
5.0483
5.3224
5.6375
5.6500
6.5891
6.4395
5.1843
5.5046
5.0320
5.5123
5.0940
4.8612
5.4155
5.8722
5.9940
5.0719
4.8545
5.3881
5.3216
5.1438
5.5809
5.5252
5.1637
4.8401
4.9708
6.0691
5.8184
5.0630
5.8134
5.1154
5.7661
4.7945
4.9847
5.0109
5.5296
5.6616
5.9412
4.6991
5.4042
5.8432
5.1643
5.1380
5.0600
5.7468
5.0230
5.2529
4.7771
5.4644
5.3686
5.8075
4.9745
5.2516
4.6326
6.3124
5.2176
5.2284
5.8910
5.5583
5.4770
5.2740
5.6975
5.6343
5.2380
4.5146
5.6098
5.1944
5.4991
5.4078
5.7366
5.0127
5.9784
5.7477
5.2826
6.0171
4.8965
6.0380
5.8330
5.4682
4.4786
5.5953
4.8680
4.5508
5.2922
5.7247
5.4624
5.2206
5.4504
6.2742
5.7329
5.5257
5.2029
5.4132
5.7210
5.4035
5.3742
4.6801
4.5949
5.3720
5.3701
5.1467
5.5270
5.1344
5.7485
5.9543
5.0275
4.9951
4.8437
5.4015
4.9631
5.5142
4.7628
5.1619
5.1870
5.4817
4.8038
5.3634
4.8902
5.2748
5.3558
5.1859
5.3264
4.5805
5.6843
5.8696
5.3150
5.2707
5.5976
4.7879
4.8015
5.6121
5.5598
4.8263
5.0175
4.7956
5.7356
4.9206
4.6421
4.9293
5.2953
5.1190
5.2907
4.7852
4.4659
5.7606
4.6470
5.8507
4.9647
4.7324
4.7900
5.6521
5.3121
5.4086
5.9372
5.5516
4.8468
5.2193
5.3840
4.9533
4.8450
5.6986
4.8471
4.8595
5.2854
6.2321
5.4918
4.7667
4.9036
4.8824
5.4101
5.4010
5.4437
5.0959
6.0752
5.4332
5.7843
5.2641
5.6186
5.4253
5.5584
5.5120
4.8709
5.9634
