20.4111
11.0563
6.7216
6.1211
6.6360
5.9595
6.1838
5.3895
5.9333
4.1204
7.1556
4.7335
4.0802
4.4420
4.8430
5.9213
4.4503
5.5527
4.0714
4.8048
4.6891
5.2007
4.9693
4.9137
3.7324
5.1331
4.0267
6.3466
5.4061
4.3981
3.3590
6.5173
4.0362
3.5952
3.9630
4.9077
4.3131
5.2393
4.1957
3.6160
3.1464
4.9179
4.9707
3.9496
3.2774
4.5237
5.0808
4.6934
3.5098
4.9059
3.9862
4.2757
4.7480
4.2653
3.8909
3.8700
4.2072
4.4085
3.6031
4.0064
5.1664
4.1780
4.0681
4.7938
4.9304
3.9450
3.9837
3.0903
3.4225
4.2101
5.1819
3.9554
3.4481
3.9336
4.5499
4.2587
3.5611
4.7622
4.3772
3.7749
3.6225
3.8327
4.8115
3.7238
2.6891
3.8077
4.3331
3.4440
4.9454
4.6615
3.8876
4.1638
4.3823
3.7309
3.7772
3.6352
3.8618
4.0091
4.2777
4.1805
3.6318
3.7350
4.4221
3.4813
3.3765
4.6771
3.8962
3.5922
2.8974
3.5499
3.7011
3.6729
3.7373
4.3445
3.4721
2.9768
3.7215
3.6004
4.4468
3.2506
3.5767
5.5910
4.6371
3.1210
4.2462
4.3530
4.1142
3.6661
4.9953
3.3679
3.3669
4.7408
3.6794
4.0438
3.5674
4.0352
4.2793
2.6620
3.5655
3.5262
3.5996
3.7124
4.0711
3.7102
4.1436
3.4772
3.4495
3.5913
3.4195
3.9777
3.4833
3.6003
4.6782
3.8441
3.9149
4.0772
3.3967
3.6438
4.5968
2.7606
2.9554
4.6503
4.0846
4.6733
2.9330
3.4258
3.3064
3.1106
4.5112
2.9382
3.4379
3.9420
3.7229
3.8604
3.9984
4.0728
3.3337
4.2418
3.8824
2.8477
3.7447
4.1828
3.8834
3.4401
4.0392
3.2089
3.5858
3.4250
3.0949
4.9608
2.9289
4.4886
4.9974
3.2375
3.0126
3.4525
4.8491
4.6875
4.0581
3.5924
