2.8946
4.9950
7.5388
10.3018
10.3710
12.0173
14.9457
11.6943
20.9060
16.9957
14.3254
12.0704
16.3419
17.4751
17.4577
16.1822
16.7874
16.2577
14.2346
18.6761
20.1671
19.2808
20.2839
17.0191
21.4614
19.7554
16.8383
20.3957
21.2403
20.6747
18.1025
22.8347
21.3493
19.7895
21.0691
17.3666
21.4772
17.9603
20.2467
18.8655
20.1205
23.8378
18.9579
17.2954
20.8049
17.3253
19.4644
21.8862
19.9270
22.4400
22.4495
24.8996
22.4658
28.8239
17.9298
24.0363
17.8075
18.6308
22.7969
26.0845
17.8912
22.8373
18.0823
23.5060
21.0403
27.9106
27.4173
26.9050
25.2534
23.0552
26.8865
20.3812
22.1240
24.6989
24.7810
25.6982
19.6190
26.9569
19.6364
20.9479
29.9134
21.6774
27.4392
22.4533
23.3755
26.3384
22.3221
29.0859
26.4421
26.3405
26.9178
26.6878
27.3336
23.0584
21.9092
23.7023
36.5124
34.6642
23.1976
27.9915
35.1407
28.6359
23.9308
19.3168
25.6702
27.6134
28.4631
29.5064
25.9740
30.8793
24.9068
23.8478
24.7263
24.9815
28.7385
31.9788
21.9021
28.3931
25.4201
27.1145
30.0106
28.5750
35.9781
32.6394
27.2219
32.5074
29.0448
25.1216
28.6257
33.5719
27.9731
27.5992
32.4228
22.5300
32.5007
37.6008
26.4621
29.5503
29.7573
28.0352
29.4476
31.0419
24.1390
30.5679
27.4400
27.3944
31.9522
30.1924
28.6119
31.3893
29.0196
32.2731
32.3922
28.2859
32.3743
27.9394
33.4441
37.9963
27.5088
37.5449
37.2129
29.8301
33.0424
32.1654
31.4419
39.0723
29.7051
30.4086
32.3082
20.4246
28.9226
31.8434
32.7766
23.6905
26.3843
36.2523
40.1399
30.5111
28.7747
39.9446
33.8488
28.5610
34.4458
37.9515
47.8900
33.5277
29.4621
43.5084
30.8577
39.6125
28.0856
35.1412
41.7334
37.8766
27.5024
27.8939
38.5054
40.1226
38.2480
30.2903
