2.1031
2.6753
5.0718
6.9093
8.4677
9.4570
9.1745
10.4618
9.1244
10.0724
8.1748
9.7344
9.2282
7.5197
10.7153
9.3521
10.8079
8.3368
6.9287
11.1352
6.2513
7.4434
9.5238
6.5250
8.2138
8.8065
10.2111
11.9212
6.1897
8.3084
8.4704
8.2918
7.9697
8.2354
7.4416
7.6614
7.0864
7.7987
9.7623
7.9461
9.7153
7.6578
8.1751
7.9957
6.3045
7.4279
7.5853
7.5132
7.0471
7.9631
8.5192
11.5252
7.8843
9.3237
9.7622
7.3969
8.6988
9.3940
6.8773
8.8881
7.9924
8.0784
6.4114
8.2045
9.1500
7.5009
6.8654
7.3016
10.3314
8.6200
7.6138
6.5539
7.6984
8.8740
10.5401
6.3658
9.2861
6.3930
6.4882
5.9758
6.9642
6.8440
6.5485
7.0371
5.7429
6.1884
8.3180
6.4877
7.4353
6.5271
5.4956
7.0712
7.2697
8.5216
8.4243
6.8486
6.5634
5.5325
7.2061
7.7679
7.4426
7.9013
7.1214
8.1733
5.9883
6.8933
5.8366
6.7818
5.7152
6.2423
7.8586
6.4411
10.1540
6.1199
5.8421
5.9719
8.8502
9.6437
7.5492
4.7975
5.5537
6.2540
6.7715
5.1775
5.7770
5.8204
4.2127
6.4151
7.0623
8.2230
9.2230
9.5561
6.6563
8.3115
5.5191
7.9285
6.6438
5.4249
5.6621
8.2059
8.8504
5.2141
8.6592
6.9983
4.7463
5.5602
5.0369
6.2531
8.0278
6.3315
5.3027
7.5690
7.8162
5.7568
6.9084
7.4865
6.0568
5.7693
11.4992
4.5921
5.6620
5.5858
7.1331
7.2248
6.7556
5.2018
7.4289
6.0670
5.5587
8.0983
5.8125
4.7497
6.7090
7.1155
6.3306
5.1535
5.8643
5.9147
6.3716
6.1908
5.6533
6.6620
6.8984
4.9981
8.2047
6.3266
6.2005
7.5636
5.5524
6.6887
5.6729
5.9876
4.6658
6.3592
6.6436
5.0020
8.5504
5.2472
6.3548
5.6803
