2.9530
4.7911
7.7605
10.9036
10.6621
10.4348
9.4930
7.7882
9.1196
8.1468
8.9015
6.8995
9.5802
7.1741
8.7328
6.8112
8.6029
6.1131
7.2242
7.4334
6.4939
6.6003
7.2304
8.4440
6.0764
6.2941
6.1580
6.7733
7.2737
6.1386
4.7074
7.4410
7.7849
7.4881
6.4575
5.9692
5.4109
6.2684
5.9026
4.1896
4.7391
6.0350
6.2993
9.3910
5.6734
5.0606
6.3105
5.2446
5.9809
5.0892
6.4522
6.8164
6.1633
6.1404
5.3586
4.9658
5.4975
6.1176
5.3095
6.3984
4.8621
4.3394
4.9555
6.1311
5.4335
5.8483
6.4850
5.5578
5.2955
4.0740
4.5263
4.9377
5.4921
6.4509
6.1724
6.1228
7.4223
5.8152
5.9149
5.7245
4.3444
4.8611
5.7107
5.1574
4.7711
6.3303
4.6475
4.3214
5.1876
4.3970
6.6119
4.7023
4.6237
3.9304
5.2406
3.9167
4.3577
5.7819
4.3435
4.9114
4.6019
4.8483
6.0533
4.8000
5.5167
4.4026
4.9351
5.3619
4.0132
4.6393
4.4765
4.0670
5.2811
4.8230
3.9787
5.7547
4.6445
5.2031
4.2193
5.8079
6.9582
3.9974
4.2508
4.6355
6.6220
3.9111
6.1974
4.7983
5.0002
3.9681
4.0941
4.4776
3.8450
5.7124
4.4623
4.8697
4.1855
3.7750
5.6642
3.3502
5.8339
5.9640
3.1899
5.6882
5.0874
5.2966
3.7715
4.6255
4.8016
4.9828
4.8540
4.4366
4.3253
4.4169
5.0494
6.0304
5.0607
3.8741
4.4142
5.4657
5.3826
2.8080
4.7427
4.5731
5.3972
5.0792
6.1047
5.7725
3.6989
4.0257
3.4811
3.7304
5.2686
4.5683
4.8568
4.4135
3.0351
4.5889
5.6675
4.7338
4.6079
5.7893
5.1066
4.6807
4.4164
4.1862
7.1780
3.9501
4.7004
4.1406
5.2012
6.7109
5.1417
3.8642
4.9093
3.6901
4.4139
4.4781
4.7053
4.2486
