2.5249
4.1713
5.6923
7.0802
7.5423
7.1323
7.2627
5.7247
6.0955
5.7037
4.2459
6.2894
6.3344
4.9520
6.5028
4.3154
5.6810
5.7415
5.4977
5.0313
5.7750
5.7614
4.2170
6.2430
5.0518
6.0419
7.5265
5.0878
6.2923
6.1527
5.3526
4.4765
4.7509
3.7969
4.3136
5.1307
3.8846
5.0086
4.3742
4.5384
4.9637
3.8534
4.5109
5.1070
5.0804
6.4557
4.9176
7.6685
4.3780
3.8777
4.4422
4.3016
3.9601
3.7630
4.9925
4.3730
4.8731
4.0730
5.4560
4.4063
4.2183
4.8584
3.9390
5.1280
5.9043
2.6224
3.6091
6.2972
5.3209
4.1007
3.9852
3.6241
4.9279
4.7415
2.9234
3.9039
4.5200
5.4115
5.0872
4.2396
3.9521
3.5937
3.8698
4.6920
4.2363
3.7377
3.3255
3.7851
4.4878
3.9707
5.0150
4.1759
3.9264
4.6703
4.0492
4.9253
3.3173
4.5049
4.2152
2.7118
5.0463
4.4217
3.8115
3.6769
3.7950
4.6213
3.9251
2.7154
6.6955
4.1443
4.1146
3.6619
3.4461
3.4256
4.0586
3.9905
3.2605
3.7588
3.6629
3.4263
3.2699
4.8182
3.4696
3.6549
3.4989
4.2149
4.1210
3.2768
4.2852
3.8755
3.2533
4.1008
4.4044
3.2570
3.3873
3.8707
3.0702
4.5227
2.8668
4.8987
3.8866
3.8608
3.0641
3.0645
4.5116
2.9193
4.6455
4.5050
2.7325
3.6574
2.9870
3.2060
4.6916
2.4465
3.2471
2.4501
3.0454
4.5757
4.2431
3.5587
3.9810
4.5716
3.4125
3.4513
3.1209
3.4072
2.6010
4.3548
5.9364
2.6009
3.0532
3.2840
2.2580
2.3470
5.1200
3.8678
3.4990
2.8670
3.4653
4.1072
3.5303
2.6385
3.7666
4.6602
3.4095
2.8881
4.4966
3.0189
4.3270
3.2067
2.8918
2.3579
2.5527
2.6585
2.5321
3.1263
3.2449
5.3764
3.6298
3.9051
