2.4079
4.5771
6.3635
8.7309
7.0235
7.4089
7.3395
9.2501
7.2848
6.3933
8.2243
6.1436
6.2707
6.2605
7.6099
5.6666
7.4437
7.1306
6.4624
5.5730
5.5787
6.2629
5.2980
5.7712
6.6823
5.6146
6.0767
5.9238
5.4513
6.7452
4.8706
6.6988
5.3337
5.8893
5.4972
5.8807
4.2627
5.8335
5.1922
4.6963
5.9689
5.4672
5.3115
4.7469
7.7252
5.4762
5.1496
6.5388
4.9114
4.9328
4.0345
5.4006
6.3619
5.2616
3.8388
4.7800
4.7841
6.6176
5.5469
4.4566
4.6212
5.3431
4.3347
5.4645
3.9030
5.1801
4.1792
3.4542
6.4895
4.9159
6.5745
3.3686
4.4507
4.4879
4.4152
4.4214
5.7425
5.2868
4.9290
3.8974
5.0958
5.9722
4.8540
4.1653
4.4620
4.8817
3.9086
4.3613
7.9247
5.5483
3.4116
6.4200
4.9240
30.6176
4.2520
5.5433
4.9095
4.7906
4.3914
3.6634
4.7243
3.9592
4.5542
4.7972
4.5421
5.9698
6.2490
3.7168
4.4084
4.5153
4.7709
4.4811
3.8331
5.3451
4.6864
5.3712
5.7270
5.0022
5.8919
4.4289
5.4911
3.8112
10.1130
4.8121
3.2795
4.4183
4.7506
5.0605
5.2051
4.5329
4.1095
3.5839
4.4258
3.0679
4.6470
4.8185
3.9299
4.5201
3.7449
4.3672
3.8594
2.9829
3.4334
4.1734
4.9739
4.3807
4.0655
4.5658
4.0495
3.8016
3.6792
3.9269
3.5367
4.1377
5.1047
4.1173
3.6902
4.5427
3.9973
5.2221
4.2262
3.8792
4.0258
5.5486
5.1337
4.0462
5.2241
4.2497
4.1633
4.0160
3.8787
5.5531
3.9625
5.7199
3.4531
4.0052
3.8876
3.7459
6.0085
5.1148
4.6044
4.3138
5.4174
3.9942
3.9595
2.9539
3.7978
4.5694
4.7123
5.3997
3.6823
3.4052
4.0952
4.5295
3.1536
3.9880
3.6530
4.4418
3.6811
4.0860
