3.3732
4.9086
8.8283
11.8774
12.4506
11.9739
12.2715
12.2946
12.7862
10.8595
11.8151
11.9778
10.8727
11.7198
11.1589
10.1514
12.5281
11.4853
9.0909
11.6381
11.7186
10.7184
9.3168
10.9163
9.7793
10.7704
11.1775
9.6738
9.6062
10.3202
10.0211
10.7216
10.0266
9.0702
8.1218
10.3487
8.9531
10.4239
8.9712
8.9677
8.6482
10.2785
8.8975
8.5082
9.4798
9.4595
9.3380
7.3650
9.9530
9.6335
8.0486
8.3759
8.5774
9.0069
9.2505
8.8640
9.3260
8.0123
8.3846
8.9895
9.0227
9.8050
8.9518
7.9611
9.1017
9.1454
7.6496
8.5042
8.4199
7.9567
8.2389
9.0664
8.3155
8.2688
8.3681
9.1692
7.4021
9.4919
8.0417
9.0656
8.6773
7.4772
9.5028
8.6237
6.5587
7.6993
7.7919
9.5816
7.9007
7.5467
8.2156
7.6838
8.7679
7.2114
9.6050
9.4482
6.7854
9.2785
7.7718
9.4954
9.2360
8.9235
6.6343
6.8450
9.0060
8.2817
7.1224
8.0444
7.6919
8.3165
6.5343
9.0321
8.7016
7.4920
7.8741
7.6697
7.1227
6.8609
5.6136
7.7338
9.7893
7.5840
6.5116
8.5785
6.7137
8.0903
6.8002
6.3784
6.2167
8.0225
6.6921
6.6151
7.0681
8.2753
6.4062
9.0334
6.0018
7.1863
7.2861
7.2050
7.3022
6.9105
6.9428
9.1215
7.3583
8.2115
7.4862
7.3538
7.3850
6.8097
8.4373
7.4213
6.9175
7.3458
6.2720
6.8113
8.0894
7.1597
7.3715
10.2688
7.4622
7.8711
8.7964
6.0835
6.9407
6.0925
5.8250
7.4953
6.7102
7.1830
7.3790
7.2309
7.7192
6.6806
7.6127
7.0290
7.6403
6.9889
7.6962
8.8845
7.1123
7.5267
7.1806
8.3751
7.0040
7.4252
6.7193
6.8014
6.6355
7.9012
7.4970
7.6697
7.0011
6.7801
6.2125
6.7482
8.2294
6.9573
7.9365
7.2167
