3.0575
5.2013
8.0782
9.1969
9.0834
8.4335
9.7177
10.3214
10.0322
8.3372
9.8794
7.7113
10.0669
9.6320
8.5511
8.7982
10.8209
7.7785
8.9580
7.9877
7.7737
9.3157
8.5183
7.5741
8.9828
9.8622
8.8866
8.4003
8.7237
5.8864
8.1745
7.6997
8.4007
6.2925
9.5074
6.6280
8.9029
6.9470
6.6060
8.8456
7.2140
7.0577
9.8992
7.4185
7.6691
6.2214
7.4664
6.3747
8.0744
7.7661
9.2168
7.7411
5.9697
7.9365
8.4591
8.9508
9.9377
6.9047
7.8622
8.3190
8.0527
8.1274
8.1767
9.4641
7.2347
6.8754
7.4790
7.6685
6.0987
7.7107
7.9820
5.4765
6.2818
9.4937
8.0720
7.3248
8.0508
9.1920
7.8932
5.8254
5.8525
6.7007
8.4128
7.8132
8.0738
5.6800
6.1918
7.4321
6.5941
5.8372
5.7808
5.6067
8.8663
7.6974
5.7583
5.8709
6.1451
8.1604
8.5383
4.7133
6.0478
9.1990
5.5765
6.2430
6.8214
7.6155
5.5532
7.3144
8.7653
7.1306
7.1542
7.2451
7.0516
6.5033
7.2977
6.8222
7.2242
7.3354
7.1453
8.2464
7.4782
7.4451
6.5842
7.6276
7.6950
6.9892
6.5158
7.3854
6.8816
4.5137
7.1832
7.0390
6.2596
7.7213
6.4055
7.8707
8.7334
5.6971
6.7188
7.7543
7.2556
6.4951
5.8737
5.7346
7.2312
5.2347
7.0887
5.2072
7.7613
5.9196
7.4262
8.1062
6.3562
8.0429
5.2087
8.4905
6.3452
7.3293
7.1592
7.6095
5.9166
8.2081
7.4940
6.7972
6.6027
7.7414
7.9174
6.9352
5.5100
9.5106
8.0251
5.6818
5.6268
7.7923
7.4757
6.4412
6.5381
4.5512
5.8301
5.2691
7.1774
6.9609
6.6481
7.6079
8.8623
5.4558
7.5416
6.0644
6.6675
5.8866
7.8403
6.3796
8.6699
5.1150
5.1175
7.0597
7.5591
5.7658
7.8406
7.8537
