11.2615
3.8416
3.2937
3.7087
2.7226
2.9025
3.2463
3.0239
2.0274
2.3680
3.4769
2.8308
2.8771
2.5160
2.3162
2.5687
2.2084
2.6190
1.8872
2.0338
1.5858
1.8110
2.5854
2.1102
2.3382
2.6391
3.5896
1.6902
2.1242
1.9205
3.1539
2.0889
2.3238
2.2180
1.8308
1.9401
2.8820
2.6650
2.1758
2.9812
2.5206
3.1378
2.2421
2.2909
1.6779
1.6511
1.8626
1.9355
1.5254
3.0430
1.8493
2.4371
2.1957
1.8182
2.5140
2.6858
1.9590
2.4010
2.3446
1.7827
1.3891
2.0316
2.4065
1.4399
1.5268
1.7335
1.8530
1.7678
1.8083
2.1927
1.3265
1.4946
1.9940
2.2399
1.7429
1.6771
1.6049
1.5482
2.3653
2.8935
2.3568
1.9956
1.9053
1.4875
1.1022
2.2764
2.0332
2.0483
1.5447
1.8583
1.7355
2.0590
2.4644
2.9234
2.1053
2.0241
2.7171
1.6122
2.6020
1.7356
2.3084
3.2412
1.4650
3.0833
1.9081
1.5740
2.7422
1.7622
2.0946
2.4949
1.2493
2.1046
1.4924
1.9197
1.4920
2.0352
2.5430
2.2315
2.0013
1.7756
2.3001
1.4593
2.5145
2.1202
2.3691
1.8392
1.9611
2.0005
2.7367
2.4557
1.6887
1.0145
1.3605
1.8220
2.6046
1.9123
2.1766
3.6715
1.7492
1.2377
2.2511
1.3747
2.7354
1.9463
2.5318
1.6744
1.5739
1.5130
2.5232
1.8411
1.4307
1.9517
3.4795
2.9095
2.1480
1.8455
1.8872
1.3610
2.3864
1.7622
1.9084
1.2948
1.6123
1.2954
1.3723
1.8352
1.9695
2.4265
2.1895
2.6160
2.3209
1.4410
2.2018
1.5271
1.7098
1.1968
1.4525
1.4394
2.9036
2.1822
2.1260
1.8350
1.4955
1.4605
1.7533
2.3023
2.0279
2.1667
3.3642
1.6236
1.7773
1.3926
1.7024
2.7324
1.5798
2.5499
2.2299
2.5140
1.5595
2.1404
