2.0045
2.0579
4.8207
8.6257
9.0851
10.0572
11.6062
10.8598
10.6303
11.1844
12.7222
14.3151
12.9347
12.2854
11.7286
12.6300
13.0726
13.2517
11.0589
11.6479
11.6502
12.1474
13.1040
12.1335
11.5446
12.5371
11.7161
10.9595
12.1807
12.1947
13.0022
12.9677
11.7128
12.1136
11.5157
11.8968
12.0033
11.3621
12.0226
11.7502
12.2704
13.5003
11.9318
11.4685
12.0397
13.4727
10.7974
12.3690
11.5167
12.1729
11.5541
14.1577
13.0666
13.7439
11.8247
12.3524
11.6353
13.1688
11.4862
10.9895
11.3785
11.5966
12.1153
12.4973
11.9472
11.0583
11.4334
12.5788
12.4254
12.2421
11.5740
12.2265
13.1074
12.2884
12.3731
11.0836
10.9479
11.4614
11.4342
11.3741
13.4549
11.5680
13.1155
11.7876
12.6793
12.0897
11.7440
11.8808
12.6666
11.1851
11.4182
12.6869
11.6360
11.1329
10.9418
13.1241
12.8713
12.2369
15.0989
10.1923
12.7362
12.8847
12.1850
12.0138
13.0732
13.2738
11.9567
12.2102
10.4025
11.2760
12.9876
12.0960
12.0182
11.9701
13.0708
10.4887
11.1375
13.2118
12.0542
10.3695
11.0744
14.0517
12.4171
13.0755
10.7348
12.6682
10.7025
11.6830
12.8003
12.6990
11.4435
12.4675
12.1942
14.6873
11.0424
11.2082
12.6531
12.0409
13.4217
11.3556
10.8761
11.7700
11.7047
11.0165
11.5818
10.7531
11.6496
12.3921
12.1834
11.8056
11.7543
12.0539
13.8376
13.2011
11.3187
11.6864
12.0747
12.7427
11.3074
11.2112
11.4301
12.8515
11.5045
12.8224
11.9395
12.7243
11.8666
12.7692
11.6673
12.1872
11.5321
11.8614
12.0338
12.1394
11.7852
11.2569
11.1285
12.5332
11.3099
12.2012
12.9543
14.0538
11.5040
12.1149
12.5370
13.9837
11.8206
10.8511
11.1604
11.3632
12.5754
12.2610
11.6972
12.0815
11.3900
12.2756
11.3871
11.8633
12.9626
13.9052
