2.3815
3.1914
5.4112
7.2922
10.6292
9.4193
11.9530
6.7719
5.8618
5.9782
5.3028
5.5802
4.2967
6.4779
7.1726
4.5486
5.4804
6.6658
5.3390
3.8856
5.4800
3.9561
5.3708
4.8320
4.9669
4.1237
4.0325
4.4167
5.1970
6.2823
5.0598
5.2257
4.7638
5.5279
4.0143
4.3568
4.4490
3.2347
3.9805
5.1086
5.2577
3.5249
3.4779
4.1352
4.0965
5.6478
4.1363
4.7196
3.6347
3.8974
3.7727
3.8872
3.0598
3.2367
3.8178
5.0528
4.3294
3.1244
5.3091
4.0461
4.0015
3.3251
3.9312
4.6650
4.6978
4.1216
4.8892
5.3641
3.1877
3.7550
2.8620
3.9605
4.3615
3.8571
3.6779
2.7750
3.2839
3.9790
3.8632
5.3288
4.2460
3.4040
4.4803
3.3412
3.6007
5.1869
4.9569
4.6926
3.7920
4.1294
3.4982
4.6632
3.3624
3.5352
3.7404
3.5749
3.3341
4.0156
3.1373
3.0141
3.7470
4.3003
3.0755
4.4244
2.4013
3.7559
3.6461
3.9956
4.5289
4.1272
2.8912
3.8239
3.8327
3.3465
3.4360
4.9835
3.8454
3.7022
4.0248
3.4858
3.9509
2.8038
3.1737
3.2748
3.2355
2.9470
3.9287
3.5902
2.9057
3.6193
3.4282
4.4914
3.2151
4.6325
2.4193
2.9927
4.4454
3.6253
4.3543
4.1981
2.8339
4.0242
3.2211
2.5273
3.1731
3.3789
3.5111
3.7084
4.8649
3.9718
4.3274
4.8228
2.9839
2.9210
3.5826
3.2162
3.3322
3.1148
3.5704
3.4853
3.2171
4.1452
3.2859
3.6311
3.6651
2.9362
3.4398
2.8610
2.6840
4.5085
3.5156
2.1883
2.7958
4.3093
2.8271
3.4543
3.0152
4.6712
3.3614
4.2852
3.8179
3.1224
3.3893
5.5622
3.0681
3.1405
4.0486
3.0343
3.4983
2.6930
3.7429
2.4620
3.2715
4.1730
5.2638
3.8710
4.1138
2.8447
2.6816
4.6880
