3.1250
5.1879
7.1776
8.6511
9.9430
8.7797
7.0977
7.5992
6.8508
5.2224
4.6701
6.9371
5.3866
5.7301
5.7224
4.6181
4.4923
5.7499
5.7009
5.7005
4.9286
5.4590
5.0064
4.8427
5.8594
4.6085
4.3443
5.2060
3.2842
5.1576
5.4758
5.0712
5.6575
4.0756
4.1917
4.7295
3.6865
5.6463
6.4533
4.1717
4.2394
4.2950
3.9187
4.1744
4.1115
4.4042
5.8325
4.1926
4.4488
4.6805
4.8649
5.0012
4.5079
4.4990
5.3674
5.7872
5.0575
4.5981
4.4023
4.2797
3.5586
4.5900
4.0256
4.5753
2.9970
4.3851
3.7976
4.7814
3.9727
2.5414
3.6983
5.0436
6.0504
3.2415
4.1474
3.3518
3.0227
4.0567
3.7807
4.5427
3.4800
3.7360
3.4678
2.5051
4.7809
4.4220
4.7792
3.7541
2.5924
3.0920
4.7901
4.2208
3.6982
3.6639
3.7749
4.7484
4.3497
3.5495
4.3289
3.1978
3.5741
2.2744
3.5822
3.1669
3.5360
3.7160
3.0650
5.2343
3.8111
4.0805
2.9423
3.0081
4.7729
3.4659
4.1678
3.7222
4.4329
3.2318
3.0853
3.3967
3.8109
4.2193
4.1294
5.0177
3.7598
4.0874
3.8323
3.4725
3.3567
3.6316
3.0066
3.4295
3.5710
4.9322
5.3043
3.3614
3.6465
4.1616
3.4847
3.3466
3.7240
3.2483
2.5662
5.2522
4.0914
3.1898
3.6930
2.9169
3.6303
3.6939
3.4672
4.0335
3.2318
3.2200
3.0948
3.4724
4.0651
3.6681
4.4919
3.4980
3.1867
3.8596
3.9808
4.2058
5.5399
3.7133
4.1587
2.7489
3.2320
3.7110
3.8516
5.7702
4.2066
3.6854
3.5159
3.8572
4.2224
3.4119
3.2348
4.2907
4.6360
3.3794
1.8861
3.7580
4.0515
2.4665
2.8889
3.0238
3.8425
3.6570
3.9054
2.7344
4.6676
3.2370
2.5141
3.8460
4.1505
3.8613
2.6737
4.3923
