1.9856
2.2529
4.1501
5.9321
5.0899
5.7511
4.8175
5.5847
4.9465
5.4760
5.8296
5.4818
4.2775
5.8794
5.8430
4.6425
3.5941
4.1333
4.8872
4.4561
5.2865
5.4861
4.1121
5.3504
5.1241
4.1126
5.6280
3.4431
3.9454
4.8514
3.0981
4.5660
4.6417
4.4411
3.2474
4.0080
4.1283
4.4233
5.0714
5.0331
4.9227
5.3468
3.7016
5.5782
4.9816
3.8831
5.3270
2.9828
3.4461
3.9150
4.8428
4.1759
3.8914
3.5648
4.9441
5.3881
4.2529
4.5412
5.3988
4.4545
4.8445
5.4331
5.1548
4.8799
7.6218
4.7694
5.0071
4.7935
3.6500
5.3874
3.2813
5.4201
3.8324
4.5146
4.9962
5.8539
3.5271
4.8624
5.0868
5.0830
4.6393
6.4205
4.4193
3.4280
5.1834
4.8809
4.3164
5.0713
4.7256
5.2090
3.4654
5.6454
5.3700
3.8715
6.8841
4.4066
4.9822
3.1228
4.7253
3.8957
5.3368
4.4313
3.6424
4.0343
3.3520
4.9822
4.9999
4.8758
6.2334
4.7263
4.8108
3.5515
3.4949
3.8564
3.8040
4.0328
3.7807
4.3539
3.9030
4.1749
4.0928
5.5081
4.9066
5.7388
4.6540
4.1316
4.5612
5.1804
3.7048
4.5143
4.1528
3.9271
4.3091
4.4302
3.8358
4.6496
4.1909
3.6505
5.1416
4.8529
3.9244
4.6104
4.1842
4.2285
4.5987
4.6135
3.9100
4.7014
4.4460
5.0473
5.3182
3.9816
4.6138
4.0724
4.4158
4.6323
3.6376
4.0436
5.2387
4.4955
3.5559
4.9523
3.1759
6.6100
3.4811
3.2179
4.3138
4.0492
4.6186
3.8430
4.6077
3.9049
5.1469
3.1114
3.9350
5.2999
3.3004
4.4801
5.1121
4.5391
4.1973
3.4404
4.5739
4.9701
4.4457
3.3712
4.1214
4.7224
5.0350
4.6054
4.5173
4.7440
3.8459
6.2729
4.2358
4.2969
4.9298
3.9460
5.9088
3.8676
