4.2269
3.9330
6.6071
9.5678
12.6621
14.4352
17.1009
18.3735
20.6591
22.3344
19.9299
21.7869
19.4657
23.5973
20.6612
22.6733
23.5515
25.3612
23.7500
24.4805
23.9950
23.5485
23.0307
22.4150
24.1177
22.9508
25.0432
26.3712
24.5408
28.5454
25.1698
25.8809
27.4450
27.0340
25.6535
25.7231
31.0500
25.1007
23.7478
28.0918
24.2653
26.8237
27.9808
30.3648
25.9026
29.9779
26.6358
29.8383
36.6241
28.0888
27.8819
32.1916
27.4605
27.0175
33.7577
26.9046
26.9607
30.3681
24.2889
27.4135
28.8733
29.0075
30.9472
25.3759
26.8308
26.2562
31.1063
25.1502
32.5018
29.9053
28.4632
26.8462
37.3187
30.4868
28.0252
29.2295
31.5157
28.3786
36.7819
29.1442
31.9163
33.6206
27.7004
32.5700
27.7784
34.2538
35.6381
30.1165
33.6124
27.4791
33.1280
28.0053
32.1580
32.8430
29.7454
32.8338
30.4649
29.7589
35.4963
33.2945
37.9013
28.9497
28.2150
32.2963
32.7626
30.5513
34.5592
30.9388
32.6115
35.8212
29.6335
34.7819
34.0608
23.4472
34.4820
30.2104
28.5110
30.5467
28.5861
32.9402
27.9115
29.5529
30.6550
29.8796
34.7493
27.3618
31.2900
25.3201
28.0798
28.4163
34.5133
37.1662
33.5857
29.0030
34.2634
26.7916
33.1683
33.0386
35.4554
31.1365
31.3281
36.3461
32.1061
29.2653
29.5782
26.2295
28.6002
28.1059
35.5139
32.3843
28.3884
37.1374
27.1193
35.2992
32.3870
34.8978
32.4337
29.3617
30.7049
29.9407
34.3182
27.5301
31.1891
28.6445
37.0738
26.7574
35.5099
34.0415
34.2981
35.4323
33.2446
30.8549
31.1223
28.2947
31.1518
41.9054
34.5763
31.0815
31.8269
34.8417
29.6158
32.6296
41.0082
32.1184
29.7680
32.9430
32.1571
37.0677
33.5981
37.0682
34.0294
31.8012
36.6378
32.0934
34.4725
34.0396
27.1584
38.2215
26.6722
33.0941
