15.5969
9.6515
9.4095
8.7282
8.9980
10.3881
8.0918
8.0932
8.4638
8.6890
7.7179
8.8649
8.3621
7.3484
7.5416
7.9159
7.9073
9.0088
7.4135
7.9122
8.1277
8.2237
7.9731
7.4840
7.3377
8.3311
7.9403
7.9984
7.3754
7.2278
8.7012
7.7593
7.5107
7.6154
8.3834
7.7891
8.9533
8.8610
7.5945
7.8613
8.6325
8.4766
7.4754
7.1258
8.0301
8.0065
9.0511
6.7094
8.1884
7.1602
8.0159
7.6881
8.7691
8.6522
7.4260
8.8105
7.7471
7.6603
8.5759
8.8842
6.9701
8.0866
8.8843
7.8333
7.6751
8.5095
8.2556
7.4953
7.9337
7.6915
7.7035
7.7032
8.7075
7.5767
7.9712
8.3079
8.3458
7.1886
8.5588
8.2565
7.3619
8.0026
6.7894
7.5440
7.9826
7.0385
8.4416
7.1836
8.6687
7.4735
7.6950
7.6876
7.5344
8.3840
7.3788
8.1792
7.7734
6.8790
7.8926
8.0831
8.5998
7.8908
7.8128
7.8790
7.1901
7.1777
7.8829
8.3300
8.3952
7.4100
7.1195
7.4932
7.5293
7.3170
7.6569
8.7289
7.3563
6.7613
8.8052
7.9615
8.5060
7.9125
8.6032
7.9681
7.4027
7.3199
8.2233
7.2995
7.5833
7.2741
6.3662
7.1307
8.0544
7.9095
7.6641
7.4848
9.0114
7.5795
7.8843
8.6127
7.5635
7.6336
6.8954
7.4398
7.8037
7.9646
7.5732
8.3490
8.0613
6.9234
8.3352
7.9904
6.8368
7.4515
7.1900
6.8102
7.5926
8.1186
7.4714
7.6699
7.1726
7.3376
8.1358
7.9202
7.7028
7.5063
6.9129
7.4446
7.4795
7.9158
6.8525
6.7394
7.3302
8.7174
7.1706
7.6902
8.0090
8.3088
8.3242
7.5004
8.4280
7.6155
6.6381
7.6540
8.0522
7.8578
8.2245
8.9067
7.3345
8.2740
8.1354
8.8552
7.7342
7.6643
8.0858
7.7713
7.9125
7.9194
7.6143
7.3012
