2.0617
9.2369
6.8422
5.9172
5.7087
5.3537
4.9179
5.0187
4.9039
4.9486
4.9904
4.6390
4.6000
4.5128
4.4812
4.2345
4.4669
4.4680
4.4325
4.1622
4.2399
4.3482
4.1601
4.0456
4.1026
4.1242
4.2299
4.0747
4.0276
4.2229
3.9461
4.3406
3.7339
3.9027
3.7976
3.8677
3.8803
4.0571
3.8784
3.8703
3.9828
3.7885
3.7711
3.7090
3.8213
3.8602
3.9667
3.6597
3.6842
3.7020
3.8464
3.6876
3.9211
3.8446
3.9071
3.8605
3.8252
3.5442
3.9561
3.7985
3.5622
3.6416
3.8371
3.4901
3.7100
3.7274
3.6931
3.8703
3.6981
3.6560
3.7851
3.5693
3.7704
3.9240
3.6869
3.7383
3.6651
3.5640
3.5698
3.5382
3.6671
3.8989
3.5473
3.5944
3.9865
3.5455
3.5990
3.4537
3.5407
3.4877
3.3768
3.4893
3.3364
3.6682
3.7659
3.7358
3.6076
3.4039
3.5690
3.4153
3.4889
3.5629
3.4578
3.3910
3.6447
3.5027
3.4984
3.4580
3.4060
3.5804
3.6094
3.8659
3.5702
3.4480
3.4141
3.6782
3.7286
3.4762
3.4032
3.3473
3.8879
3.5283
3.3537
3.3066
3.4647
3.6116
3.5965
3.4895
3.6338
3.4487
3.3416
3.2866
3.2550
3.4690
3.4352
3.3353
3.5711
3.5248
3.6547
3.5941
3.5139
3.2931
3.5922
3.4777
3.4393
3.6686
3.4680
3.7368
3.9741
3.3333
3.6537
3.1951
3.3872
3.4878
3.3866
3.4423
3.2730
3.3884
3.4432
3.5650
3.5895
3.5276
3.7009
3.3874
3.2630
3.4660
3.4207
3.2159
3.4733
3.3683
3.4941
3.3945
3.5982
3.2736
3.5900
3.6631
3.4528
3.5638
3.3125
3.4696
3.5151
3.4595
3.4461
3.4966
3.3157
3.7593
3.4052
3.4224
3.4096
3.4079
3.3729
3.4448
3.5545
3.4045
3.5110
3.6035
3.1989
3.7866
3.4036
3.2892
