4.2507
6.5706
10.9417
13.1768
14.9288
17.5247
17.0905
16.2901
18.2593
19.6577
15.5005
16.8195
19.7632
18.8275
20.6352
16.5153
18.1555
21.8371
17.3838
19.7112
22.0545
21.4396
17.0355
19.1278
17.5150
19.2156
23.2288
22.7284
16.4938
18.4886
16.7016
19.9059
18.1940
20.8260
21.2884
23.8400
17.2463
18.1226
21.0626
18.2591
25.6885
24.8794
21.6037
22.6301
24.3044
20.2348
23.9863
22.7185
20.7832
18.5203
17.9521
24.8001
26.5139
24.1435
21.6179
20.2374
26.9518
21.7594
19.4191
20.2464
18.8675
22.0392
18.1086
22.3818
32.7371
23.1704
21.8625
23.4402
23.2420
21.3906
25.2586
24.6328
24.2367
17.0475
28.3739
20.9925
23.7541
21.6462
22.1366
23.2194
25.3956
34.0999
25.7733
25.4975
28.6053
25.8069
25.9411
25.8957
31.4426
23.5659
23.3424
27.7204
24.9893
19.7409
27.0824
25.1137
30.9140
32.5734
25.3721
28.2488
27.4621
31.9463
23.3604
25.8507
25.8511
31.3416
26.5640
24.0298
21.6320
24.1117
26.2596
26.0450
25.2281
25.5940
18.9395
25.7188
28.5952
21.9053
26.0788
25.9983
31.2090
24.4790
25.0040
27.0707
33.0194
25.3473
28.6360
23.2149
25.1520
36.9629
27.3721
24.7500
29.7500
32.0448
27.3972
33.0891
33.8384
23.9775
20.4204
23.7672
26.0178
24.4545
19.5532
34.5973
29.2462
25.7285
25.1352
27.5116
27.0557
24.7283
38.0955
25.2088
28.2325
29.5130
27.6771
24.9080
28.8398
25.0333
32.1245
34.8184
17.7049
28.0190
35.4358
22.5562
27.3764
39.0485
26.0863
27.4466
20.8638
23.6365
27.7193
22.6426
27.7727
36.0213
27.8047
26.8279
26.6765
24.4499
32.2793
21.0297
39.8569
27.9430
25.9764
29.4430
22.5260
35.4791
27.1715
40.5869
22.8775
21.9823
33.2776
27.0828
26.1441
23.6791
34.2895
27.1844
35.0960
25.7177
33.9083
31.7596
