17.3249
13.9451
12.1247
13.7080
13.5723
10.3135
9.3284
10.9553
9.4179
9.2130
8.7096
8.7138
9.6130
8.2271
9.7457
9.0353
6.8517
9.3110
9.9570
9.6491
9.5166
7.1801
7.4174
7.7258
7.1035
4.7048
5.2586
3.8592
3.6572
5.1974
3.8090
3.2527
4.1987
3.5708
3.3847
3.7880
3.5610
3.4199
4.1822
3.5864
3.4347
4.3938
4.0593
3.8340
4.1412
4.2503
2.7167
3.3787
3.2936
4.2767
3.6411
3.1973
4.1211
3.6566
3.8030
4.4005
4.0532
4.0382
3.0703
3.9464
4.1144
3.3669
2.8128
3.4759
4.1911
3.2140
2.8398
4.0947
3.3156
4.4637
3.5230
3.3855
4.0794
2.8040
3.7276
2.9649
2.9239
4.1841
3.5215
2.5725
3.1934
3.2955
2.7541
3.7112
3.1380
4.3346
3.4774
3.5686
2.8878
3.1782
3.7075
3.5352
3.7750
3.1559
2.9779
3.9622
3.4262
3.6383
3.5565
3.4261
3.1596
3.7849
3.4900
3.2089
3.2957
3.7673
2.6125
3.5775
3.9792
3.8002
5.1499
3.9016
2.8147
4.3246
3.5880
3.4344
4.2704
3.5114
3.3214
4.0598
3.6902
3.2909
2.8983
2.7345
2.8262
3.0323
5.2731
2.8334
3.4506
4.0752
2.4995
3.2447
3.3569
2.8001
3.4545
2.5332
2.7179
3.1741
3.7027
3.0973
3.8785
3.4683
4.5232
3.7512
3.5239
3.0416
4.0243
2.6578
3.2086
4.0234
2.9040
3.0779
4.2357
3.2719
3.1315
3.3870
2.9814
3.7994
3.8824
4.2758
3.2804
3.5688
3.8642
2.4156
3.0226
3.1979
4.8532
3.9298
3.9381
3.8730
3.1630
3.4871
2.7373
3.1655
2.9068
2.7063
4.2985
2.8862
3.0404
4.2850
3.5259
4.2879
3.0776
3.0501
3.0820
3.1718
4.5568
2.6823
2.9566
3.6665
4.0651
3.1233
2.7928
3.8310
3.4610
3.0081
3.1208
2.9994
3.1346
3.6073
