13.4838
9.4798
7.3493
7.6433
7.1813
6.9434
6.8818
4.9875
4.1383
6.6187
5.6618
4.8115
6.3748
5.0613
5.2945
4.9556
5.1202
4.3678
4.8717
5.7803
4.0339
5.0529
4.4703
6.4653
4.4044
3.8682
4.4120
4.9810
4.1759
4.1244
4.7330
5.1424
3.6940
5.5161
5.7475
5.7388
4.4652
5.4494
4.4384
4.0406
4.5396
3.4339
3.1233
5.1922
4.2979
5.0130
3.5988
4.8135
5.9255
3.3897
2.9532
2.6182
5.5251
4.2324
4.2835
4.5482
4.1589
3.5510
3.8759
4.7718
5.4070
3.7489
4.1888
5.1395
3.8085
3.3938
3.4009
4.3983
4.5498
5.5875
5.0208
2.7766
2.1366
4.0452
4.3822
5.6297
4.7039
5.1558
3.3615
3.5626
3.8441
2.7036
4.5838
3.8148
4.3770
4.2080
4.8830
2.5630
4.1108
5.6993
5.2756
4.4213
1.8323
3.7473
4.9398
4.6329
3.6966
3.5873
2.9845
4.3377
4.9046
3.2143
3.6312
4.6281
3.5492
3.6146
4.1491
4.2376
4.4700
4.4209
4.4910
4.1493
3.9974
3.1940
4.0562
4.8961
3.4721
2.5202
3.7738
3.4611
4.2001
3.0835
3.5036
3.8810
2.9188
4.5413
4.0774
4.3697
3.3631
3.4751
5.0616
3.9585
4.6848
5.2137
2.5201
3.2539
4.4873
3.7740
2.9516
4.4196
5.8051
2.8736
3.9631
4.1538
3.0760
3.2952
3.5587
4.7743
2.7965
3.5953
4.0388
4.6246
4.6944
5.3849
3.3026
3.3958
5.8281
3.5206
4.4084
3.3031
4.2492
4.2322
3.6514
4.4656
2.3211
3.1254
4.3579
5.2551
5.4797
4.6011
3.7813
3.4898
3.5473
4.4153
3.3902
3.6917
3.4673
3.7254
3.9787
3.2141
3.6628
4.9188
3.5056
3.7877
4.3367
3.3505
3.6709
4.4977
4.1663
5.4933
3.4849
3.3984
4.5964
2.6764
3.3159
3.3644
3.8718
2.5457
5.7374
2.9733
