4.1306
8.8752
11.0546
13.9947
17.9214
19.0027
21.4744
26.1159
25.3538
26.6076
27.2161
29.9670
30.6625
30.2788
31.0652
29.8988
32.7118
33.7185
33.5572
30.1726
36.7253
36.1537
35.5256
41.8997
34.7081
39.7078
36.7071
36.7028
33.9991
36.4966
40.7749
32.1853
41.9205
36.0242
38.7945
38.1440
37.0386
38.5123
36.0698
35.5059
41.0134
37.5832
39.1606
33.4693
43.8477
39.7586
43.1191
31.6016
41.4951
42.9033
38.0608
47.1857
44.9333
37.9536
41.6068
37.6932
44.7503
48.4038
36.5141
42.9913
37.9503
42.6607
40.1998
43.3530
54.1636
37.9322
41.5770
36.2638
40.6971
50.6465
46.9920
47.3071
40.0361
45.7773
41.6852
35.7710
41.3301
49.9199
41.6924
46.4084
61.8696
42.5808
42.2698
40.1544
40.9977
40.2122
53.2844
37.9659
53.5006
52.3951
51.9450
39.0239
45.2001
43.8729
55.7365
41.8847
45.6644
39.8231
48.4822
46.8714
51.0886
45.2186
44.0087
59.4455
49.4252
46.4855
56.5864
52.9162
57.0254
42.8656
37.1036
43.6496
69.1954
57.7759
45.3939
35.4426
48.7730
50.2025
50.6228
49.4265
42.1447
51.7327
50.2892
43.7103
48.4592
51.6700
49.5953
47.5880
60.1513
42.9734
43.9031
44.2201
55.5259
48.3959
70.9882
35.5614
46.9873
63.4527
50.3705
70.6817
49.2043
45.4572
35.2297
55.5617
59.7171
56.1311
51.0101
39.6738
33.4866
48.0642
78.7516
55.6792
59.1421
61.6370
60.9746
47.3832
68.9956
70.1871
59.4832
71.3705
64.6066
58.8022
54.7896
61.6740
47.9963
62.3580
70.6306
64.9479
53.8173
58.1708
70.5580
62.6607
47.5277
45.5372
48.1141
56.8821
79.4306
71.8904
54.7882
64.1974
55.7991
56.9193
44.2713
58.9115
54.0151
58.1174
63.9566
70.0093
51.1353
72.2171
73.4503
63.8205
77.5132
86.8301
67.4050
63.4478
73.0369
50.9080
69.8575
68.2169
