1.9856
2.3009
3.3255
4.6458
4.5358
5.3168
4.3321
4.8238
4.5539
4.7516
4.8581
4.2606
3.3876
4.6617
4.9757
3.9020
3.0836
3.4354
4.1320
3.8144
4.0606
4.3646
2.9837
4.1637
3.9460
3.1829
4.2242
2.8759
2.9494
3.5806
2.4750
3.6061
3.7558
3.1451
2.5834
3.0476
2.8785
3.2538
4.1058
3.9626
3.3781
3.5907
3.0289
4.3697
3.5345
2.7406
3.8969
1.9666
2.6045
2.8739
3.4726
3.0233
2.5889
2.9235
3.8973
4.0636
3.2394
3.2243
3.9356
3.1688
3.6457
3.7638
3.6253
3.7218
5.2256
3.4565
3.8657
3.5309
2.9435
4.1800
2.6894
3.3409
2.7619
3.3335
3.6703
4.3572
2.4713
3.7314
4.3542
3.4727
3.4725
4.4668
3.0199
2.9818
4.0839
3.4883
3.1100
3.6474
3.5302
3.8856
2.5540
3.6997
3.9523
2.9585
4.7274
3.2080
3.9709
2.3441
3.4888
2.5926
3.8347
3.2730
2.7183
2.9546
2.3501
3.6441
3.6477
3.8936
4.5190
3.0465
2.9796
2.4382
2.2466
2.5979
2.6581
2.6131
3.0131
2.8955
2.7522
2.8632
2.9008
3.9427
3.5568
3.8398
3.2919
2.4132
3.4259
3.5810
2.5366
2.9850
2.8506
2.7289
2.8840
3.2859
2.8457
2.9657
2.8361
2.4301
3.7644
3.6884
2.6142
3.4710
3.0533
2.8910
3.7768
3.0870
2.7739
3.0663
3.3978
3.6007
3.4788
2.7768
3.3584
3.0644
2.9390
3.2299
2.4738
2.4367
3.5766
3.0734
2.5998
3.5792
2.1823
4.2431
2.3286
1.9048
3.1156
2.8093
3.0039
2.4421
3.1205
2.8394
3.6009
2.2870
2.9274
3.6421
2.4389
2.9194
3.4285
3.5187
2.6109
2.2079
3.0791
3.4226
3.1073
2.6633
2.5332
2.9535
3.5518
3.1141
3.2284
3.2771
2.8516
4.0877
2.6005
3.0933
3.2852
2.2866
4.0653
2.4905
