17.1313
15.8429
18.2570
15.7232
17.5850
18.4831
15.7686
17.6351
18.2790
17.7852
16.7228
18.1202
17.9594
19.6784
17.7571
18.6856
17.3478
18.5995
15.8305
19.4781
21.9861
17.5720
16.3308
18.7668
17.8278
17.9158
20.0534
15.8495
19.1840
18.4483
17.5620
17.7632
19.8250
19.7540
19.5549
18.1581
18.5335
17.9607
20.9345
18.9240
17.1562
18.1137
19.5145
21.2920
20.9920
17.3915
20.4659
19.0460
19.7077
17.9618
17.6005
17.8257
18.7628
18.7873
18.0427
16.4462
20.7751
17.0826
19.8270
16.2981
16.9654
17.9933
19.2325
17.9234
20.9012
18.9561
18.0156
17.4283
18.8976
18.1583
18.5540
18.1280
19.6230
19.3570
17.1450
20.1660
17.7782
18.2072
17.0894
19.5778
20.1790
19.5014
18.6796
18.6697
18.1345
21.2683
19.4898
20.7788
17.2834
16.9681
20.3691
20.2219
20.4114
16.2156
18.6979
17.9009
16.6468
20.0795
20.3079
20.1742
20.1482
18.1823
18.8754
19.7076
19.9484
21.3103
21.6173
20.0514
21.7325
20.2838
20.4684
22.1609
17.3241
19.6046
18.1992
15.8521
20.3762
20.8004
19.1882
19.9024
21.0123
18.5568
19.3787
20.9206
19.6947
17.8463
18.1037
20.2785
18.7171
17.6540
18.2945
15.1201
17.6499
17.7124
19.8479
17.9753
21.4173
19.2378
19.6263
19.8042
19.2336
20.1079
20.6526
17.2816
17.6510
16.5353
20.0285
17.4615
19.7266
19.1305
17.4061
17.9838
20.2171
18.2384
18.3655
17.5208
17.5115
17.7318
17.5607
20.9253
17.5926
16.7132
19.2346
19.9426
19.0568
18.7204
18.2331
20.1422
19.3463
16.9845
18.7514
17.8343
18.0393
21.8877
19.7910
18.7804
18.4787
19.7126
22.1562
19.1890
20.7098
15.5917
21.8528
20.0040
17.8052
18.8359
18.4330
19.8951
18.1014
19.3634
20.3220
18.1370
22.2019
20.0742
20.7872
15.9462
17.4815
17.9764
20.4704
19.9377
