1.8303
4.7313
5.6968
5.2017
5.6461
6.6711
8.2050
6.8984
10.3897
9.9893
8.5190
8.9339
9.6051
9.1517
8.5188
9.8747
10.5664
8.8764
8.7112
8.4776
9.5463
8.9582
6.9469
8.4890
8.6330
9.1786
8.9439
9.1177
8.3399
8.4332
8.8103
8.5781
7.7728
8.9848
8.8468
7.9464
7.3707
8.5696
8.7362
8.0798
8.0498
8.7284
9.9281
8.0109
8.5870
6.7978
8.5289
7.2753
7.9549
7.4336
7.6267
9.1346
8.6006
8.5792
7.0141
9.0335
7.4117
7.4554
9.0250
6.7819
8.2611
8.5283
7.2922
7.7568
8.6535
8.2932
7.0500
9.0739
9.3069
7.9794
8.3859
7.2678
7.0687
8.7883
8.3022
7.6045
7.9203
8.4259
8.7849
9.0513
9.1877
8.5622
7.7335
8.5125
8.1584
8.0678
7.9538
7.5990
8.6509
7.0299
8.4838
6.9876
8.4439
8.2214
8.6611
7.5742
7.9409
8.0616
7.0258
7.0615
7.1401
8.3698
7.9503
5.5944
8.2541
7.3243
10.2250
8.5526
7.6694
6.7906
7.6696
7.8148
6.5662
6.8798
7.8484
6.5301
8.3172
6.7066
7.6720
6.8573
7.4677
7.4335
7.7845
8.2747
6.2211
6.7728
7.0944
6.5104
7.5937
8.2922
7.8453
7.5255
5.9885
7.4739
7.9510
7.0647
7.5195
8.7455
6.4822
6.4969
6.8509
7.8504
7.8606
7.7072
7.4944
7.5380
7.4391
7.8391
8.0714
7.4364
6.6497
7.8076
6.4066
7.7229
7.1999
7.8948
7.4614
8.8918
8.3046
8.3258
7.7984
7.6219
7.4055
6.1472
7.0312
7.3288
7.6202
7.9908
7.9926
7.4657
8.0627
8.1885
8.5402
7.5189
7.3098
6.7703
7.2449
5.8688
6.1206
7.1137
7.5973
5.4421
5.8183
5.6458
7.3396
7.8057
6.4822
7.9974
8.8165
8.6035
6.2835
7.4630
8.4235
6.8734
8.0737
7.6028
8.8437
7.3312
7.3462
6.8099
