3.1784
5.7384
8.2196
9.9240
10.9197
9.0551
8.4198
9.0457
9.0427
7.9196
7.3949
8.5436
6.3833
6.5777
7.1295
7.6918
6.5916
6.4820
7.5175
7.2195
6.8716
6.9682
5.8957
7.0950
8.2265
6.0072
7.4082
5.9994
6.7094
5.6731
5.2802
7.1302
5.1635
5.6193
6.1608
6.8641
4.7149
4.9048
6.3637
5.8368
4.8707
5.9263
6.3878
5.4653
5.6928
4.4153
5.6349
6.9844
4.8600
4.5872
5.8355
6.0674
4.6564
6.6153
5.9631
6.0363
5.7457
5.1797
4.9772
7.1935
4.6570
5.1140
6.3296
5.8681
5.6122
5.0990
4.4704
4.9517
5.1770
4.8820
4.7811
7.6960
5.3797
5.4664
6.1044
4.7792
3.7298
5.1661
4.9096
4.9368
4.8543
5.2893
6.9133
5.0165
6.0028
4.6548
5.4570
5.5574
4.9087
6.2232
6.2174
5.5771
4.3695
4.7023
5.5780
4.9344
5.1311
4.6027
6.9777
3.9483
6.0837
6.1789
4.2845
6.3165
4.6666
4.1719
6.1032
4.7420
5.5987
6.5087
3.8730
4.8042
4.0846
4.6222
4.5062
3.9108
6.3879
5.0196
3.8023
6.6644
4.9920
5.6346
5.1150
5.5975
4.1778
4.7274
4.3552
5.8857
4.5764
6.0098
4.5616
5.6192
4.0729
3.4458
3.7662
3.2742
4.3632
5.9169
6.6698
5.2740
3.9526
4.3965
6.2721
5.1675
5.4277
3.5404
3.8133
4.9053
5.2448
4.9567
4.9346
6.2822
5.6280
5.9819
5.2066
4.1909
8.4612
6.9939
4.8196
6.5861
5.4236
5.9051
7.0027
6.8575
4.9700
4.8061
3.6166
4.7233
6.5506
5.5395
4.5173
3.9654
5.0894
4.8408
4.9388
5.1773
3.4895
4.7306
4.4166
3.6550
3.7686
4.4861
6.1778
3.6209
5.7372
4.8580
4.2666
5.6614
6.9274
4.0003
5.5162
4.5352
4.5252
3.6050
5.4173
6.0985
3.1650
4.4766
4.5365
3.6283
