10.7264
8.3579
5.8371
7.0634
5.8359
6.6405
5.9269
5.7071
7.7079
6.4423
5.6853
6.0932
7.1848
5.3730
6.8093
7.8977
5.6160
5.9355
6.2927
7.5659
6.6446
6.1064
6.9376
6.2372
5.8869
7.3893
5.1951
5.9663
7.3724
5.7881
6.7832
6.5542
6.1537
6.0812
5.4765
5.6185
5.3765
5.9749
5.6385
6.8536
6.0289
5.4075
5.0914
5.9081
6.1427
6.6308
5.9131
6.1711
7.2893
5.8568
6.8514
6.1520
6.6799
5.5567
6.5068
6.3999
6.3686
6.3945
5.6658
5.9504
6.1379
6.2121
6.6738
6.3899
5.8630
6.2397
6.5777
5.3229
5.7418
5.0444
6.1977
6.1821
6.0000
5.0982
7.7160
6.8847
5.4523
5.6231
6.4981
6.7186
6.3942
7.6971
7.1730
5.5622
5.6306
5.5372
5.5858
6.8616
7.2529
6.2556
5.1708
5.6536
5.3046
7.2967
5.5726
6.3168
6.4406
6.6369
5.6385
6.0427
7.1499
6.0439
5.9422
6.0022
6.7503
7.5602
6.6608
6.8952
6.9435
6.7150
6.0041
5.6217
6.4917
5.9777
6.8219
6.6365
5.9574
6.8154
5.2034
5.9360
6.1836
6.4410
5.2265
6.0194
6.3590
4.8739
5.9485
6.4690
5.7263
5.8064
6.5242
5.2829
7.0472
5.7955
6.1417
6.4047
5.9305
5.5431
6.0797
6.6432
5.7106
6.7223
6.1134
5.8549
6.4097
6.5980
5.3432
5.5655
6.1236
5.7222
5.7762
5.0522
6.4982
5.8741
5.4351
7.3806
5.7751
5.4241
6.8608
5.9304
6.0366
6.2636
5.6846
4.7839
6.3970
6.3830
6.1057
5.6000
6.2079
5.6335
5.8829
6.0917
5.8957
5.8358
6.7102
6.1023
5.6621
5.8828
6.3708
6.1804
5.2751
6.5937
6.6741
5.7031
6.3342
6.0286
6.1302
6.2356
5.3459
5.6449
6.8825
5.1283
5.5532
6.4380
5.9132
6.2027
5.7003
6.3092
6.6559
5.6631
