2.3339
3.1482
5.4985
8.3776
9.2490
9.7748
9.2042
10.9393
10.2340
11.4876
11.9169
10.5217
10.2805
12.5621
10.2580
11.5642
10.3980
10.5127
7.0384
11.7515
9.2989
8.2054
11.8692
9.6027
8.1813
8.9969
9.7300
9.1798
9.7481
10.0982
8.8716
10.6151
7.6447
9.3883
8.7114
12.2314
9.6039
9.3601
7.6070
9.2918
8.3425
9.3535
10.0972
9.4145
8.3971
7.8635
9.9709
9.0898
8.3707
9.7016
8.2819
7.6761
7.8240
8.0141
8.2026
7.3375
8.9322
6.2247
7.3559
9.4550
11.9745
7.3612
10.7925
10.0986
8.9889
6.1423
9.0885
8.4308
6.4947
8.6833
9.5214
9.3776
7.2678
9.3461
9.3889
7.1594
10.2153
6.9355
8.6219
7.5344
7.5667
7.7920
7.5979
8.6683
9.4825
9.7115
7.8856
7.4032
10.2385
6.2718
4.7617
6.2677
4.3712
3.1560
5.4889
4.9581
6.4885
3.3044
4.3077
4.5308
5.5251
4.8377
6.2868
5.7638
3.2773
4.8993
4.1958
5.1732
4.6765
3.7142
4.3849
3.2769
5.8915
3.5649
3.5471
5.0530
3.6191
3.7021
3.7932
4.0010
4.2718
4.9930
3.3217
3.0578
4.0360
3.4448
3.4922
4.1659
5.0204
3.5393
5.1774
2.7582
4.7441
3.6348
3.7888
5.4048
4.2621
4.6427
4.5624
4.0283
6.0317
3.5007
4.3834
3.9694
4.0845
3.9206
3.8590
4.4420
3.6140
2.8190
4.5125
5.2885
3.5810
4.7143
5.0440
4.2860
4.5389
3.6076
4.1117
3.2454
4.1704
2.7126
4.2793
3.5571
5.0097
3.7780
3.3698
3.6888
3.3308
3.6714
3.3793
3.5797
5.1055
4.6473
2.7410
3.6778
2.7693
3.2114
4.5043
4.0771
3.5287
4.6856
3.3557
4.6119
3.5991
4.0030
3.9060
3.3169
3.9675
4.0442
3.1782
4.1763
3.2611
4.3209
4.4907
4.1279
4.3055
4.6170
3.4497
3.9807
