1.3484
7.3780
5.6520
5.2721
5.2292
4.8970
4.7600
4.1961
4.0454
4.0182
3.9709
3.6214
3.7889
3.7529
3.8966
3.5721
3.2963
3.2867
3.6017
3.3420
3.2146
3.2966
3.4521
3.5685
3.4855
3.1767
2.9857
3.0359
3.2133
3.2001
3.7576
3.1902
3.2548
3.1221
3.3655
3.1456
3.3981
3.1935
2.8303
3.0385
3.2653
2.7683
2.9060
3.0335
3.0795
3.0649
2.8115
3.0860
3.0864
2.9361
2.9132
3.0324
3.0598
3.0305
2.9213
2.9521
3.1327
2.8753
3.0057
2.9129
3.0642
2.8010
2.9640
2.9311
2.7660
2.8149
2.9754
2.6910
3.0384
2.9692
2.8457
2.6746
2.8668
2.9331
2.8601
2.8140
3.1075
2.9199
2.6622
2.5454
3.1730
2.8300
2.9094
2.8668
2.7118
2.5916
2.7431
2.6172
2.7540
3.0102
2.9125
2.4984
2.7005
2.7543
3.0344
2.7605
2.6103
2.8895
2.4961
2.7308
2.7618
2.4746
2.6499
2.9190
2.6917
2.8638
2.7521
2.6235
2.7817
2.5125
2.4254
2.6806
2.8371
2.7544
3.0964
2.8320
2.6570
2.6382
2.6083
2.6699
2.6346
2.6758
3.0223
2.5643
2.7330
2.6569
2.5381
2.9878
2.6589
2.5775
2.8893
2.7024
2.8438
2.5188
2.6970
2.6885
2.5491
2.5129
2.5828
2.8659
2.5699
2.5377
2.7098
2.5929
2.6941
2.6174
2.6397
2.6119
2.6173
2.6022
2.5149
2.6463
2.6960
2.7386
2.5822
2.7324
2.8712
2.6280
2.6523
2.4966
2.7692
2.5406
2.4599
2.6852
2.4518
2.6328
2.8222
2.7626
2.7693
2.6005
2.7480
2.5547
2.4994
2.6756
2.5616
2.6164
2.5615
2.5923
2.5827
2.5267
2.3903
2.7710
2.7151
2.7256
2.7846
2.7177
2.7013
2.7126
2.7638
2.8880
2.3966
2.3022
2.3549
2.5947
2.4250
2.5950
2.4876
2.8547
2.6562
2.6061
