3.8005
6.0474
9.3036
13.8963
17.0208
18.4449
19.9319
19.2251
21.7580
23.0714
22.8526
18.3909
19.1099
21.7826
24.0833
24.2657
22.5875
21.9158
21.9994
22.9906
25.2349
21.2248
25.5415
24.5673
22.9342
25.8725
19.6735
27.9643
21.6706
24.2539
28.5284
24.8886
27.4349
29.4472
28.1123
23.7844
26.1234
30.1790
25.1502
29.4759
26.9179
31.8506
26.7436
22.7868
23.8455
31.5371
23.7539
24.7806
31.1500
28.3084
28.7973
28.9029
32.9629
32.7664
32.8599
31.1421
31.4642
33.1670
38.2336
29.9921
30.1172
34.6072
33.3722
34.3170
30.0335
34.9291
32.1613
33.7292
31.8697
37.1813
38.7300
34.3305
30.7684
29.7222
31.6848
33.4259
37.0912
40.9894
44.2527
36.4954
38.9741
40.1533
46.6159
39.5623
34.3220
38.3763
42.6763
36.9187
35.2467
32.4307
30.0703
40.2917
46.3515
38.1494
37.2049
29.3637
42.7065
44.6173
46.3845
39.3892
43.1570
44.7414
43.3491
47.3809
51.1611
43.7466
50.6677
46.6012
41.4865
42.6740
42.8056
44.6866
43.7665
47.4719
48.3228
36.9626
44.2097
47.3154
43.1657
40.6918
52.0304
50.6222
49.3202
41.3376
55.2521
46.4649
49.2647
44.0093
53.8317
38.5936
44.1900
46.1348
49.9106
57.0951
47.9599
48.8907
57.7550
63.3340
48.1105
57.6395
54.3517
53.3100
60.7701
61.3739
57.5453
52.7553
65.0186
39.9888
48.7514
55.1673
56.6269
58.7043
63.6365
41.0987
50.9019
58.9443
47.7077
45.8291
63.7356
56.2020
73.7844
43.3638
46.1853
61.7348
62.6905
59.6515
48.9333
42.1067
55.5042
67.3687
61.7068
56.6714
62.5500
61.8316
75.6722
56.3178
50.7072
24.0111
23.1282
16.1828
16.4306
19.4401
18.1741
26.6880
32.7289
44.9019
36.2815
51.3227
38.8304
36.5332
40.3809
42.3383
49.5831
45.4854
50.9926
50.0246
50.3945
62.4935
41.9747
44.6579
