1.1892
5.6217
4.9640
4.6122
4.4732
4.2526
4.3484
3.7829
3.7840
4.0545
3.5558
3.9425
4.0241
3.9043
3.5185
3.6109
3.6660
3.7257
3.4681
3.7847
3.4079
3.4083
3.5343
3.3893
3.8505
3.4314
3.3767
3.6013
3.5338
3.7461
3.4610
3.1222
3.2440
3.5353
3.3929
3.5045
3.9328
3.8072
3.6676
3.7018
3.3014
3.5638
3.3473
3.2643
3.5907
3.8100
3.1804
3.5779
3.4307
3.8043
3.6259
3.3643
3.5911
3.1761
3.6357
3.5463
3.6849
3.6956
3.7538
3.6915
3.5249
3.6246
3.3288
3.6588
3.5894
3.7067
3.4763
3.6068
3.5684
3.5772
3.2130
3.4189
3.3678
3.4895
3.4234
3.1532
3.4301
3.7177
3.4511
3.5674
3.3388
3.4168
3.4642
3.3074
3.3647
3.4859
3.1065
3.5600
3.4245
3.6663
3.3050
3.2314
3.7675
3.1508
3.4280
3.6712
3.7171
3.2675
3.2996
3.7108
3.5445
3.4188
3.3153
3.9620
3.4055
3.8103
3.4229
3.3897
3.6970
3.3010
3.7679
3.5721
3.3153
3.7266
3.5428
3.2078
3.8587
3.2661
3.5236
3.2503
3.4984
3.5259
3.2652
3.6846
3.5816
3.4278
3.1358
3.3004
3.4833
3.3129
3.1161
3.5564
3.7373
3.4608
3.6735
3.3605
3.6454
3.4331
3.2758
3.1916
3.1832
3.6790
4.0608
3.4697
3.3712
3.0863
3.2532
3.3635
3.2867
3.5381
3.0721
3.0491
3.2902
3.3787
3.3360
3.2483
3.5928
3.4027
3.4502
3.4385
3.4351
3.3380
3.0452
3.2663
3.8479
3.5894
3.7183
3.3548
3.3494
3.2398
3.2282
3.2655
3.4997
3.6839
3.5831
3.4529
3.3014
3.4212
3.1909
3.3933
3.3031
3.5451
3.2415
3.2734
3.4181
3.1494
3.1830
3.3039
3.2988
3.6195
3.5012
3.4063
3.6197
3.3319
3.5432
3.4316
3.9256
3.1125
3.1946
3.3165
