3.1824
6.1822
10.3529
13.6098
14.1591
15.6568
18.8094
20.0306
19.5487
21.5441
18.3220
18.9433
19.3388
20.4086
20.1755
19.5377
19.3070
19.8558
20.7802
17.2952
19.5806
22.6608
21.0444
19.4238
20.3200
19.4973
18.1004
19.2203
18.4785
21.1417
16.0583
17.0886
18.1194
18.7671
19.4658
18.6379
18.8661
20.4948
19.2103
18.1373
17.6863
17.9521
20.9301
19.0413
22.5343
19.8548
16.3956
17.8273
18.5278
19.0483
18.5058
17.4778
16.2287
18.7643
16.7565
15.3227
18.3125
17.0976
18.8332
16.5455
14.0343
17.2367
19.6870
20.1954
18.1073
18.2035
18.9368
18.1986
18.2712
17.0374
15.6106
17.8703
15.6467
16.6154
15.5258
15.9015
17.9246
15.9529
15.5158
16.2428
16.0650
16.2322
16.6046
17.5561
18.9209
16.3482
16.8675
18.4591
16.7393
17.0650
15.6488
16.4694
16.8113
15.4659
17.8333
16.3342
15.8539
15.6882
17.1804
18.3153
18.8191
14.3432
16.9811
17.7903
15.2515
19.4520
18.1949
17.8592
17.5240
13.6477
16.9940
17.7515
17.4038
16.7867
16.6389
18.1232
16.2803
17.0901
15.9687
16.9328
17.2221
12.7539
14.7991
14.6211
16.3314
15.7818
14.2454
15.0181
17.6567
16.0319
15.2060
16.7582
15.0477
16.4383
16.6534
19.5062
19.6918
14.7799
14.5915
13.7502
15.2737
17.2146
15.0637
15.6142
16.3498
15.9563
16.6229
17.7115
17.5570
16.7869
15.8416
18.2897
18.3855
16.1527
18.5397
15.6007
15.6304
12.7563
17.3532
16.6810
13.7776
17.9578
18.3046
15.9342
13.0224
15.8967
14.8166
16.5523
13.7293
12.9161
16.6796
15.9700
13.6179
15.8233
15.3983
17.7356
15.5492
16.4720
16.0081
17.3485
14.7846
17.7064
15.6663
12.6034
14.9918
17.6489
16.3651
14.7707
17.5816
18.8622
16.5161
16.9254
15.5639
13.7794
15.8188
15.4630
15.8521
16.0770
13.5332
15.4876
