1.5678
2.7551
5.1496
6.3514
11.4968
13.9722
13.3914
15.8128
15.7380
15.7505
14.6085
17.1889
12.0792
13.2551
13.6561
13.9990
13.8211
16.7582
16.4625
18.1924
13.0548
17.2223
15.8870
12.4588
15.3902
12.7341
15.2215
14.1744
13.1537
14.7461
14.9365
11.1517
15.4859
12.9743
12.2138
12.8903
16.9122
16.9700
14.4516
14.0823
13.9131
11.4599
15.0103
13.8548
10.6611
13.8049
13.0148
12.4556
14.3281
11.9030
13.4245
16.7424
13.4179
12.4268
13.2904
13.8005
15.1661
12.7182
12.6865
15.7687
11.9384
13.0633
13.8583
13.6851
13.9847
14.8559
11.3122
10.9242
13.5819
11.6295
11.2742
11.4402
14.9313
15.3357
12.9459
13.6049
11.4443
13.3360
13.2137
11.8626
12.3874
13.6401
15.5732
11.2907
12.4177
12.1570
14.7893
14.8342
13.7689
13.1702
12.0427
12.6877
13.0519
14.2725
13.5529
11.1660
13.0247
11.8687
13.1905
12.6620
12.0548
14.2628
12.2705
14.0108
11.3906
11.6738
16.2184
11.7484
12.0020
12.2762
12.2576
13.3991
13.5079
12.4849
12.4338
12.7635
12.3757
13.9698
11.2853
12.7771
12.0796
11.0197
15.6445
15.6768
10.8202
16.8928
12.5471
10.0473
13.4647
11.7036
14.0695
12.9804
11.9134
13.3285
14.1807
12.8481
13.5940
12.6752
14.4269
12.4960
12.9883
13.4284
12.5849
13.5146
12.8120
14.2531
16.0970
13.2133
12.5855
11.6948
13.4233
10.0127
13.2160
12.5488
12.6742
14.1211
13.7927
11.9178
13.7507
12.7160
13.6581
16.1348
11.4800
14.1847
12.6598
13.6145
12.5102
11.7578
14.1886
15.5443
14.4048
12.8172
12.0927
10.6842
13.2727
12.9463
11.6472
14.2513
11.2282
13.2570
13.0811
14.3354
13.5967
15.5847
11.7873
13.3351
11.0676
13.5178
11.0400
13.9099
12.9734
14.3898
12.4365
10.3415
11.6984
13.1493
12.9961
13.5275
14.5287
14.6944
