3.1824
4.3240
6.5470
8.3993
9.7258
10.7529
11.3551
12.3485
9.9818
11.9824
9.8029
10.7400
10.5749
10.8317
10.3615
9.8041
10.1051
10.2739
9.3967
9.1180
9.7904
11.1327
7.7778
10.3162
8.3820
10.8486
9.6561
8.7203
8.0016
9.8853
7.3916
7.0566
9.5939
7.4000
6.8616
7.8742
6.5886
7.0301
7.6053
8.2984
7.9558
8.6029
8.5037
8.1801
8.7618
8.7484
8.5382
7.1055
7.2954
5.8117
9.0309
6.6614
10.3319
6.3446
7.2938
7.0003
8.1777
6.8518
5.6352
5.1318
6.9082
8.7485
6.9822
6.1083
6.9668
6.2110
5.6954
6.0785
4.7622
8.0903
6.0257
7.7364
5.8349
8.5844
8.8509
6.1650
5.9138
6.6825
9.5700
6.1995
6.4625
5.6045
6.3237
6.9577
6.4581
7.0037
7.5606
4.8203
4.9647
7.4943
6.7889
6.1437
5.9143
6.0326
8.8261
8.1374
8.8201
6.7453
5.8097
6.9701
6.7762
6.3889
9.3842
5.3995
6.6999
5.8743
5.9889
7.4828
4.6946
7.9251
7.3646
7.8754
8.4041
5.6070
7.5121
6.9738
6.6378
7.0749
6.9280
5.9058
5.0412
7.2353
8.1136
8.3275
5.8610
7.6912
6.4862
5.3269
5.5772
5.2987
7.9702
4.1925
5.9036
4.8642
9.3408
6.5037
4.9557
5.9353
6.3658
7.5501
5.8124
7.0889
5.8527
7.3362
7.0318
5.9779
9.2742
8.0448
6.8710
6.4451
5.4469
5.1645
5.8410
7.1270
5.3389
8.4530
5.0854
4.6279
6.6456
8.6602
5.3869
6.3008
7.0245
5.2576
6.8266
7.9418
7.6973
6.2836
4.6855
5.4320
5.3916
6.6333
7.7396
7.1234
5.7686
6.2356
5.4382
3.9204
7.4616
5.8411
6.7652
4.4842
8.5096
6.1856
4.0213
4.7084
8.0237
5.3074
6.1082
5.4161
7.1894
6.5170
4.9745
7.9774
3.6719
5.7063
6.3441
4.6690
5.7314
5.9462
