1.1603
5.1697
4.7234
4.3893
4.4641
4.5701
4.4679
4.3691
4.2730
4.0019
4.1585
4.1939
4.3630
4.1470
4.1087
4.5915
4.2281
4.4077
4.2737
4.2121
4.1681
4.1395
3.9269
4.2856
4.0089
4.2596
4.2707
4.2308
4.3569
4.1365
4.2673
3.9845
4.2282
4.2343
4.1492
4.0317
3.8997
4.0045
3.8389
4.0221
3.9107
4.2765
4.0727
3.9298
4.3832
4.2731
4.2217
3.9595
4.3118
4.2932
4.3108
4.1621
4.1857
4.1555
3.9457
4.2000
3.7685
4.3151
4.1958
3.9748
4.0015
4.3354
4.1702
4.2840
3.8849
4.1302
4.0675
4.0933
4.1135
4.2651
3.9021
4.2637
3.8992
4.1911
4.1439
4.1809
3.9912
4.2101
3.9917
4.3106
3.9027
4.2040
4.0219
3.7308
4.1825
4.1655
4.1277
4.1263
4.0852
4.1604
3.9223
3.9426
4.3017
4.0438
4.0525
4.2832
4.1015
4.2848
3.9280
3.6634
3.8012
3.9856
4.0655
4.2033
4.1394
3.9632
4.0713
4.3492
3.8791
4.2025
3.9048
4.0369
4.0388
4.1619
4.1571
3.8602
4.3616
4.2419
4.0449
3.9054
4.1886
4.1655
4.1039
3.9316
4.1255
3.9897
3.9618
3.9586
3.9486
3.8676
4.2709
4.3025
4.0917
4.1384
3.9595
3.9821
3.9863
4.0862
3.8666
4.3757
4.1729
3.9849
3.8509
3.7774
4.0408
4.1088
4.1355
3.8046
4.0024
3.9029
4.3034
4.2856
4.0591
4.0110
3.9629
4.0774
3.8652
4.0439
4.0271
3.7951
4.2361
3.9244
4.1696
4.0573
3.9842
4.4306
3.8371
3.9412
4.0389
4.2383
4.2974
3.9882
3.9465
4.0819
4.0545
4.0144
3.7088
4.1109
4.1838
3.9073
3.9354
4.3360
4.1272
4.0711
4.4769
3.7788
4.1516
3.8412
3.8987
3.9245
4.0161
4.2367
4.2548
4.0539
3.9888
4.3117
3.9856
4.0768
4.0411
3.7569
