16.4383
21.1124
15.8500
17.1614
18.7624
18.3523
12.2374
18.5983
17.5875
17.6836
19.4655
18.6381
16.9943
17.4592
18.0537
21.0867
18.3722
16.9485
22.6177
19.1211
16.3442
19.9289
20.2787
17.3969
15.6995
19.0035
18.9552
19.7703
21.0122
19.3455
19.0681
18.0507
17.4846
20.7045
19.6092
15.6107
19.7411
20.1467
17.8314
16.8243
19.1118
19.2853
22.0015
21.2637
18.6273
17.7789
21.5506
22.4714
20.8312
18.5188
17.3118
17.3917
21.5702
19.0846
19.0021
16.8569
19.5506
20.7796
20.9576
19.7871
22.4594
19.0582
19.9933
23.4223
21.0640
20.6717
21.7985
21.7759
19.7979
20.5105
21.5680
20.0546
21.4048
20.2843
19.2365
19.3889
15.3764
22.0753
21.4862
19.0658
19.0341
18.7273
19.2814
16.9665
20.2296
17.3172
18.4944
18.4301
17.2308
20.1032
19.0954
23.1263
16.7702
20.6203
17.3699
19.0466
23.2866
18.6660
19.1425
21.4181
20.9038
18.2890
20.9263
21.9725
19.9054
18.2845
22.5864
18.4083
18.6100
20.1603
20.9311
19.9695
15.5876
19.9524
16.3534
22.4091
20.4841
18.8746
19.1052
17.7298
15.8707
22.9504
21.3208
21.1480
16.9256
20.4434
17.3244
17.8979
17.2719
22.9208
19.3851
22.2720
20.0231
21.8401
22.7717
19.0585
19.9123
24.0446
17.2495
20.6798
17.7210
21.1034
21.2464
19.6985
17.8654
19.7839
18.7628
21.6554
21.0105
18.3626
17.9472
19.3345
19.9250
20.9719
20.0106
18.0195
21.9432
20.5262
17.1610
22.4522
19.2462
19.9539
17.6891
19.0360
22.9838
21.6489
20.2898
22.6639
20.4271
17.5240
24.8075
21.7516
19.5237
16.7450
18.6633
22.9460
18.8700
23.1923
16.5021
22.2616
20.0234
19.7403
19.2294
16.8310
19.6300
17.2303
17.1704
19.8483
20.5184
17.7012
20.9041
15.9684
21.4309
21.9680
20.4598
20.4737
19.6381
20.5493
19.5792
19.7356
