12.9926
14.8812
13.6106
13.8970
13.0633
14.3207
11.7957
14.9115
13.3663
13.0606
14.9086
13.3392
11.5904
13.6222
13.2564
13.8571
13.3133
15.8313
16.1343
16.1681
17.8957
17.9745
16.3089
16.9804
17.5787
17.3173
14.6294
16.6283
16.4472
16.8513
18.6800
16.9126
16.7206
16.4906
17.4925
17.8771
15.7481
16.2204
17.4827
16.0304
16.3034
18.2798
16.7547
16.9001
16.7554
17.7069
17.5316
16.3116
16.6539
17.4709
16.3018
17.7637
16.1331
17.0791
17.7949
15.2439
17.0574
17.8447
16.8745
16.4530
16.6157
16.2694
15.1267
18.3889
16.9404
18.0714
16.6837
16.9472
17.3770
17.5820
17.7443
18.0101
16.3089
15.6239
16.2352
16.3577
17.7894
16.1678
15.9152
16.5245
15.7588
16.7558
16.1673
17.4773
19.0433
17.5736
17.3637
17.1715
16.3054
16.3033
16.9358
17.0255
17.3996
16.1253
17.7490
15.4425
16.0547
17.5729
17.8723
17.5569
18.0139
16.1512
16.8692
16.4836
17.5025
17.2175
16.2828
17.4496
15.6806
18.1204
17.9342
15.8086
17.8444
16.5087
17.1530
16.7036
17.0130
15.4797
16.2391
17.1633
15.8385
17.9417
17.5486
15.8195
16.4805
16.1412
16.2394
17.6707
17.7083
18.8251
17.6563
17.1911
16.9371
16.9006
17.3026
15.4574
17.0744
16.0866
17.2170
16.8539
17.9181
16.4940
16.2178
15.1118
17.7861
16.2511
16.9909
15.6164
15.8943
16.3770
17.3205
16.3235
16.3516
18.6716
16.1003
18.8352
16.2164
19.2073
16.2765
18.2352
16.4609
16.2996
16.8720
18.9604
18.0165
16.1682
16.8251
15.9200
17.2452
15.8388
17.1881
17.7671
15.8602
16.1902
17.4114
17.2953
17.4546
18.8384
17.8885
17.6473
16.9068
15.1173
17.6211
15.9378
15.8960
17.6418
17.6890
17.2481
15.6652
16.7580
19.0479
17.1980
18.4840
16.0992
17.8363
14.5119
16.6245
15.8808
19.6323
17.2968
