2.0638
2.1054
2.9974
4.7459
4.5542
4.3976
4.9032
4.3989
4.3636
3.7180
4.4891
4.5774
3.6112
3.5423
3.1793
4.2309
3.8084
3.7366
2.6455
4.1870
3.5943
3.3228
3.6762
2.5817
2.9505
3.1367
3.5479
3.1595
2.7162
2.5899
3.0144
2.3803
2.6240
3.3726
3.0323
2.7689
3.3352
2.6772
3.2174
3.2717
3.0391
3.0295
2.1528
2.4998
2.4511
3.0111
2.6279
3.1745
2.5310
2.3512
2.7027
2.3142
2.5947
2.4007
2.3922
2.2128
2.5156
2.5432
2.5599
2.5264
3.6288
2.5577
3.4229
2.1010
3.8610
2.5012
3.7428
2.7342
2.5303
3.4261
2.5828
2.1754
2.6015
3.0347
3.7222
2.2150
2.4263
2.4506
2.3059
2.1793
2.7325
2.5565
3.3237
2.4300
2.6210
1.9830
3.1044
2.5991
1.7098
2.1644
3.1020
2.2769
3.6157
2.3231
1.8770
1.9624
2.6694
2.1521
3.2894
2.9402
2.7712
2.6908
2.6888
2.8185
2.3005
2.5548
1.8027
2.1869
2.0437
2.1180
2.6652
1.9080
2.3421
2.8734
2.6477
2.9319
2.7110
2.2589
1.7407
3.0419
2.3908
2.2617
2.7458
3.7375
3.4773
1.6613
2.1915
2.3023
3.7544
2.2024
2.5149
2.1197
2.3943
2.7125
2.2148
2.8606
3.0159
1.7033
2.2674
2.6479
1.9807
2.0656
2.7152
3.0589
2.8575
2.5977
2.5466
2.1266
2.2432
1.7394
2.0982
2.9458
2.8321
1.8177
2.0829
1.9949
2.8391
1.8807
2.2867
1.6213
2.5169
2.5113
2.5215
2.7043
1.8850
1.6230
2.5900
2.4887
3.5125
2.3418
2.1313
2.3960
2.3508
2.1825
2.6519
1.7361
1.5933
2.6250
2.0587
2.2971
1.8517
2.1343
2.3942
2.4074
2.5271
2.0430
3.2365
1.9422
1.9067
2.0575
1.9604
1.6474
2.1270
1.7352
1.8175
2.5689
1.5860
2.6319
1.6156
2.0128
