17.4162
8.6244
8.8807
6.9553
7.3452
6.6822
7.2358
7.4213
6.8312
7.8251
7.8555
7.6925
6.4310
6.6797
7.1573
7.3567
7.3100
6.2971
7.5436
7.4906
6.1950
6.8903
6.6088
6.5026
7.0361
7.1450
6.5834
6.3457
6.7045
5.4389
6.8624
7.4358
6.1529
6.3112
5.7728
6.2123
6.9114
6.9914
7.5057
6.7152
7.2257
7.2478
6.0954
6.0446
6.4613
6.7192
6.4923
5.9038
6.1151
6.4487
6.5186
5.8019
6.6322
7.2340
7.1313
6.5312
6.6507
7.3361
7.2004
6.8687
5.9809
6.3799
5.6796
7.3569
6.6302
6.4633
7.6357
6.7632
6.5713
6.4651
8.0274
6.5573
7.0312
7.1045
5.8496
7.1427
7.1518
6.6850
6.7956
5.8866
7.3007
6.9225
6.5430
8.0204
6.0357
5.5191
6.4752
6.8677
7.1855
7.2144
6.9125
6.8681
5.9072
6.4600
5.7219
5.3748
5.3628
6.5118
7.0646
6.5490
6.1971
5.9036
6.5278
6.3377
5.2556
6.9371
6.9917
7.4171
6.9849
6.8108
6.3877
5.3573
6.9940
5.3315
6.0482
7.3940
7.4691
5.5471
7.7142
6.8532
6.0994
6.1641
8.4138
5.7239
6.0311
5.0852
7.5585
6.7474
6.4933
6.5723
7.5126
6.4850
6.1866
6.7055
5.7842
6.5248
6.3167
6.3638
5.9167
6.2588
7.4620
7.3764
5.6263
7.0356
6.8024
5.8995
6.2014
6.1994
5.5818
6.4924
6.4892
6.3205
6.8612
7.2148
5.3253
7.2906
5.6408
6.5021
7.4774
5.8926
5.4818
6.0972
6.8926
6.6226
6.1771
6.9672
6.7653
6.7866
6.4704
6.5141
7.0206
7.5217
6.7907
5.7843
8.0866
8.0459
6.5985
6.6762
8.3939
6.1830
6.7019
7.2170
6.2181
6.2251
7.4802
6.7406
5.1250
5.7002
6.9119
7.0088
6.9367
6.9505
7.0426
8.0856
6.3363
6.6565
6.8282
5.8386
7.2984
7.0015
