2.1433
2.5139
4.6727
9.0296
12.8470
14.6999
18.2325
23.2391
20.9570
20.1196
19.3249
20.4448
25.0379
26.3381
25.8011
26.2078
27.3017
26.8019
27.9329
26.5177
24.6911
25.7106
29.4041
28.7948
28.3879
24.8096
30.8986
26.0942
28.7139
26.6973
31.0653
26.2932
32.0071
27.8647
25.4737
27.7922
25.3600
27.3866
27.3734
26.9821
28.8633
26.8620
27.9756
24.0017
25.7302
30.1013
31.1931
29.4320
30.4088
26.1297
26.7249
28.4752
27.6757
23.5814
29.8079
26.9695
33.8973
29.9602
29.9934
31.7233
31.4123
27.2218
28.6748
29.3563
30.5240
31.2402
30.0990
31.2327
30.8567
30.2603
27.4194
28.6663
31.7730
30.6076
29.0168
30.6570
28.1744
31.9496
29.5832
28.0898
29.0693
30.9748
27.8632
31.4832
25.3002
29.3891
28.5737
30.1676
31.4043
29.6124
28.7494
29.0600
30.5272
31.5656
32.9360
33.4748
28.6453
33.8041
29.1234
32.7239
31.4154
28.9164
27.9561
33.1951
29.5243
26.8331
28.5639
31.5255
30.0549
32.7388
28.1825
32.3924
29.6515
29.0935
27.0776
30.8602
32.8125
31.8442
31.3518
28.0289
30.4923
33.4856
34.9313
31.3557
31.3656
32.6669
30.8153
31.9406
29.2449
31.9709
30.9567
33.2639
31.9395
30.3285
31.6491
31.7759
31.7439
30.9369
28.4604
33.8054
31.6259
29.8549
30.1123
27.9259
32.8821
32.5798
33.0454
30.7606
29.3062
31.6048
29.3533
30.9739
32.5008
32.1127
27.9727
32.7319
33.0943
33.0772
31.9805
33.0706
33.9877
35.3562
29.0112
33.5911
35.6846
30.4687
32.3416
23.9311
33.4209
34.5599
34.8662
31.7169
32.2867
33.0736
32.0615
31.7968
28.6691
31.4500
28.5896
30.5394
38.3162
33.0479
33.5615
30.5957
30.9094
37.5945
29.5607
30.0019
32.7152
27.0515
32.2168
32.0981
33.7197
30.0787
31.0758
29.6822
31.1709
33.6546
30.0600
37.1162
