1.8303
2.6626
4.7925
6.0847
7.5104
6.7316
7.8563
5.8152
9.1769
9.8017
8.3781
9.9595
9.1950
8.6076
8.4328
9.3837
12.9615
8.2670
7.2820
7.1966
6.6978
7.3627
5.5199
6.1471
6.5250
6.2293
6.8727
7.0731
4.9800
7.6049
6.2792
7.5883
5.2749
5.7366
4.9725
4.2741
4.8703
5.4255
6.9353
5.7605
5.9724
5.0657
8.1067
6.3669
6.4975
5.1005
6.0780
4.8768
4.7332
5.5215
4.5857
6.5751
5.7724
7.0805
4.5079
5.7300
4.2679
5.1691
6.5219
4.3927
6.0062
4.0981
3.6751
4.8802
6.1347
6.4532
4.9763
7.5765
6.8201
5.0192
6.2324
5.2945
3.5414
6.5377
5.1293
4.3248
5.1559
6.2795
7.1116
7.6304
7.6993
5.6609
5.5716
5.7161
3.0545
5.1626
6.0315
5.7977
7.0631
5.4234
6.0805
4.8186
6.4303
5.0087
6.5300
4.9536
4.9899
4.9004
5.2027
5.6716
3.9753
4.8466
4.0544
4.4446
5.5722
5.2915
9.2979
4.3821
4.4824
4.1431
3.8441
4.7751
4.7230
3.8872
5.9036
5.3652
7.0647
4.4780
5.7393
3.1390
4.9977
5.0313
5.3120
5.7829
3.6709
3.6805
5.6296
5.4611
4.9733
5.4630
6.1201
5.5273
4.0039
6.2304
6.0757
4.0321
6.0444
7.9602
3.3119
4.5182
4.7974
6.3682
5.1888
4.3397
5.8716
3.2583
4.9445
4.6795
4.4606
5.3509
5.0338
4.6843
4.5059
5.5523
4.8570
6.8710
6.6799
7.8324
6.7017
6.4604
4.3457
4.8924
5.2613
4.2207
3.9525
4.1883
5.0773
5.5809
7.4690
5.4456
6.5510
6.6286
6.3146
4.5685
4.2077
4.4621
4.2311
4.5574
4.8091
4.6243
5.4542
3.0518
5.2220
3.1253
5.4649
5.5953
5.5561
5.7596
8.2524
6.2332
3.8011
5.1804
6.6184
4.1079
6.0654
5.7538
7.3950
4.7982
4.6805
4.9317
