2.2790
1.4995
2.1562
2.3060
2.9054
2.7744
3.1672
3.1947
2.4486
2.3979
2.6570
2.7336
2.8920
2.9766
3.1793
2.8100
2.3015
2.4659
2.9085
2.6809
2.8859
3.1882
2.0655
2.6144
2.4884
2.9638
2.7334
2.7488
2.7564
2.5772
2.6663
2.5657
2.4001
3.4316
2.6293
2.6441
2.3556
2.9281
2.6094
2.5459
1.6100
2.1607
2.0384
2.2619
2.2107
2.7596
2.4255
2.7080
2.3608
2.6783
2.9158
2.5896
2.7758
3.0250
3.3942
2.6809
2.7979
3.2797
2.3996
2.6171
2.3964
2.0929
2.9025
2.3984
2.5111
3.0352
2.1044
1.8752
2.7908
2.2397
1.6136
2.4599
2.3266
2.1874
2.5919
2.3596
1.8206
1.7134
2.1095
2.9817
2.4378
2.6459
1.9504
1.7118
2.1642
2.1686
3.5278
1.9428
2.0401
2.2687
2.1535
2.1401
2.9569
2.0375
2.4285
2.1574
3.1199
2.1060
2.4568
2.0561
1.8671
2.2728
1.9677
3.1980
2.9546
1.8882
2.2964
1.9907
2.1279
1.9201
1.9464
2.2590
1.6602
1.8863
1.7476
1.9990
2.0736
1.9897
2.2184
2.0489
2.4513
2.0252
2.4315
2.2086
2.3628
2.5451
1.9494
1.7623
2.6373
2.3157
2.5776
1.8509
1.9808
2.3258
2.4293
2.1872
1.9026
2.4958
1.8055
2.0684
1.9297
2.6343
1.8924
1.9045
2.6742
2.1086
2.0176
2.3987
1.7343
2.3684
1.9968
2.0229
1.6722
2.2520
2.2546
2.8516
2.4329
1.8132
2.5776
2.2993
2.2883
1.8227
2.4640
1.9502
1.8729
2.2286
2.0207
1.8378
1.8480
3.0400
1.8678
1.6604
1.7635
2.5742
2.5068
1.8505
2.0430
1.9012
1.9895
1.9316
2.6291
2.4098
2.4156
1.9403
1.3108
1.8582
1.7146
1.7935
2.0202
1.8911
2.7428
2.1627
2.4709
2.3859
1.7710
1.9568
1.6088
2.2364
2.0578
2.3693
