2.8855
4.9390
6.7618
10.3305
10.1516
12.0617
10.5254
10.7218
13.3466
11.4909
11.1770
9.1732
10.4616
12.7010
11.9768
12.2575
10.2037
10.5384
10.7760
11.3429
10.3942
8.1208
11.9036
11.6868
8.7928
9.6969
7.9236
9.3539
9.5317
8.0150
6.9771
7.9142
7.6374
7.9267
8.9462
9.3865
6.9716
10.6649
10.8902
7.3982
8.1329
9.0447
5.2635
6.2986
8.3461
6.6749
7.8676
6.7362
7.3276
5.6442
7.0805
6.6174
6.1209
6.3209
6.9218
6.0944
8.3239
6.6337
6.1423
6.6119
7.7175
8.1653
6.0358
6.0776
5.4671
6.2156
5.7886
5.7764
7.0900
6.2868
7.1941
5.6644
6.2726
5.6706
6.1110
4.5932
5.2183
6.6215
7.1599
6.1329
5.9015
6.2867
5.6829
6.9795
5.8652
4.8776
6.4636
7.6805
4.5425
7.2147
5.0503
5.8902
6.1099
5.8976
5.9201
7.8288
5.1497
4.8989
4.4956
6.5547
5.6916
6.3769
4.5125
6.8531
5.9544
5.8596
7.5374
5.4174
5.4482
5.1546
4.9473
5.3593
5.0608
7.0460
5.0446
6.2647
5.6775
5.7110
5.4385
5.1381
5.2241
4.7658
5.0119
5.8807
5.9298
6.6164
5.9005
5.7917
4.9760
6.1559
5.8418
5.4163
5.5438
5.4978
5.5006
5.6346
4.6482
6.5561
5.0021
7.4573
6.1586
6.4171
5.6873
5.5725
5.6823
7.6100
6.0527
6.8364
6.1893
5.6260
6.1858
5.3246
6.5596
5.3080
7.4868
5.6797
5.8215
5.7984
5.8580
4.7816
6.0893
5.1898
4.2710
6.4955
6.1627
6.8823
6.4801
5.8297
4.4534
5.4617
6.7707
6.6983
6.9257
4.1010
5.3839
5.9275
5.1800
6.2135
4.7166
5.6313
5.5394
6.9221
5.7531
6.5462
5.1380
6.0181
6.7818
6.5510
5.7731
6.0358
5.1400
5.8669
5.1534
5.4595
5.1778
5.4334
5.1797
5.7286
5.3685
6.9353
