2.8915
3.8280
5.2796
6.2057
7.8650
7.4377
4.4865
6.1469
5.9048
5.8995
5.1034
4.9027
5.2169
5.7090
6.6087
7.0902
6.5239
5.7508
5.7973
6.6132
5.3122
5.4918
6.0680
6.4461
7.4775
6.2831
6.6656
6.4306
5.7663
6.2063
6.1019
6.7804
6.1844
7.3967
7.3568
6.8302
8.2487
7.0295
7.1579
6.9213
6.2959
5.9331
5.8755
6.5102
6.1590
6.6973
6.2973
7.0304
6.9726
6.3561
5.9729
6.3321
6.4606
6.7899
7.0229
7.1664
6.8241
6.3344
7.8847
5.9584
6.9189
6.5018
7.7050
7.0401
7.4155
6.5458
6.7139
6.5054
6.9499
7.2522
7.0691
7.3888
8.8554
8.2646
7.0420
8.3103
6.8645
8.1139
7.3895
9.1227
8.5324
6.7862
7.2456
5.8307
6.9906
6.2862
6.7261
5.5384
8.2891
6.3224
6.9968
6.8545
7.8147
7.4017
6.7371
7.1737
7.7317
7.2265
8.3935
7.7822
7.6444
6.9420
7.8549
8.1757
8.5556
8.5112
9.3023
6.9387
7.4856
6.8127
8.1373
9.0929
7.6847
8.4546
8.5830
7.2769
8.3939
7.0625
7.9288
6.8218
6.9968
7.8440
7.4090
7.0478
7.4983
7.7888
7.0778
9.2533
7.9091
7.8469
7.8921
8.0916
8.3104
8.3289
8.6394
7.9576
6.7140
7.0193
8.1545
9.4925
8.9544
6.8853
8.8446
8.2641
9.3471
7.9335
9.2007
9.2469
9.8612
8.1032
8.3315
9.4112
8.3637
8.9054
7.8259
8.9748
9.3486
8.4714
8.1444
9.4131
8.4663
8.9289
10.1824
9.1399
9.6635
7.9049
9.0354
11.3550
8.6377
9.2176
9.4865
10.0683
7.6888
9.4984
8.1564
9.7855
7.6466
7.9885
7.1821
8.5312
8.1346
9.4099
7.0828
9.1626
8.2905
9.2037
7.4880
8.4591
11.3798
8.4311
9.5539
8.3078
9.1875
8.0850
10.4068
8.7448
7.4209
8.5499
8.1180
9.6774
