9.7725
7.1075
6.1394
5.7019
6.2103
6.7978
6.7466
6.4824
7.6260
6.1715
6.7220
6.2858
6.1541
7.6849
7.7439
5.9688
6.8704
7.4384
6.4959
6.7837
6.8322
6.2398
6.6341
7.5084
6.2238
6.7969
7.0175
5.6866
6.4467
6.5184
6.0322
6.2020
6.7955
6.1557
5.8680
5.8376
6.1255
6.9331
5.7825
6.0219
6.2718
6.9385
6.8716
6.7203
5.9425
6.0815
5.8766
6.3810
6.5664
6.5002
5.4750
6.4839
5.2340
6.8083
6.9395
5.3391
6.7377
6.4465
5.3495
6.1067
7.8838
6.6157
6.1054
5.7139
6.8599
6.2236
6.9046
5.5321
6.8808
6.8578
5.5916
7.3888
6.5062
5.9889
5.7496
6.8757
6.0336
6.5069
5.5008
5.2753
5.5046
7.3556
7.0800
7.0133
6.0065
6.3874
5.2473
6.0783
7.3388
6.3294
5.7184
7.2858
6.5082
5.6692
6.8724
6.8175
6.1005
6.5466
6.1046
5.1670
6.9699
6.1283
7.2902
6.8888
7.1241
6.0369
7.0909
5.6259
5.5374
7.6055
7.7728
5.0866
5.7280
5.6665
6.7222
5.7062
6.9166
6.8466
6.9933
6.5314
6.5512
5.6462
7.0840
6.6432
7.0424
7.7991
7.5582
5.5305
6.6431
6.7578
6.2907
7.2733
6.3694
7.4779
5.8321
5.7148
8.3639
6.1675
6.9929
6.8052
6.6149
6.8170
6.0902
6.4635
5.6424
5.7759
6.8580
7.4312
6.0414
6.9810
6.3352
6.2717
5.5380
6.1851
6.8153
6.1833
6.3609
6.3886
6.5706
6.4240
6.9862
6.5476
4.9029
5.7766
5.7959
7.9503
7.2491
7.4173
6.5179
5.7106
6.0997
6.3620
5.0832
6.3470
6.3754
6.4419
5.3654
6.4375
5.1042
5.9207
5.9622
6.1701
6.9610
7.3372
5.8383
6.2597
7.6678
6.3424
4.8647
5.9280
5.4478
6.1618
5.8913
6.0933
5.9199
6.7391
6.5233
6.2579
6.7838
5.6804
