1.9252
2.1736
4.0140
5.8443
7.6805
7.8997
6.4162
8.2112
8.0989
7.3802
8.1490
7.1407
7.8692
6.9016
9.4314
8.3457
9.7773
8.5417
8.3335
8.4328
7.8732
8.6374
8.4001
7.6552
8.2660
7.8825
7.6654
10.0615
7.4590
8.1896
8.8725
8.5355
7.3905
8.9133
8.5958
7.0217
7.7731
8.3396
8.7671
7.9802
8.7374
7.7445
7.8123
7.5395
8.3029
7.1672
9.1296
6.8094
8.3047
8.9375
9.2628
8.2670
7.8857
7.6461
10.3438
7.3475
7.6339
7.9944
7.7616
8.6916
7.7289
8.2663
8.7349
7.3823
7.9833
7.6649
7.4253
7.4983
7.5645
6.2572
8.7839
5.7967
6.7202
7.4600
7.7265
8.4067
8.5994
6.9331
8.9263
7.5900
9.3710
8.4906
7.8214
8.1582
7.0862
7.5601
8.8691
6.8820
8.7687
9.2610
11.4300
15.0029
15.6891
13.9456
14.0440
15.8254
12.5236
14.5299
16.1973
13.3687
16.0205
12.5680
16.9087
11.4639
14.5717
13.7583
13.9217
15.7616
18.5155
18.6584
13.8864
16.1156
18.2219
17.9310
16.4331
14.7371
18.3666
17.3176
16.4381
15.5022
16.9412
16.4947
20.4617
16.9247
19.8080
16.8879
17.3214
14.3095
17.6790
15.2886
16.2290
17.3696
14.1489
15.3721
17.1728
16.5003
17.1642
15.5769
15.6974
14.8086
17.4831
16.4946
18.3835
16.5296
15.1323
15.5691
17.3296
17.4274
18.0876
18.0231
14.0960
21.7938
14.4074
13.5390
16.5461
18.3377
19.5478
17.5849
16.7600
16.9345
16.5538
16.4952
19.9279
19.6394
17.7699
17.4529
14.7476
19.8092
16.7578
20.5497
20.1129
16.6172
17.2735
17.8610
16.7728
18.3874
19.6671
16.4062
22.0505
18.8250
14.7978
18.2791
17.6739
15.8488
17.2046
13.8209
16.2682
16.7087
16.9912
18.2348
20.2419
16.7608
21.1681
16.4448
16.0006
19.0359
15.3293
16.8716
19.7494
17.3866
