1.3126
7.2269
5.3222
4.4776
4.2564
3.8890
3.9706
3.6703
3.4497
3.3596
3.4239
3.6440
3.4929
3.3703
3.1790
3.0713
3.3534
3.4593
3.2247
3.1314
3.0661
2.9580
3.1809
2.9369
3.1120
3.0155
2.8950
2.6700
2.8481
3.0364
3.0347
2.8575
3.0498
2.7828
2.8426
2.9636
2.8120
2.8132
2.7980
2.6530
2.8042
2.8351
2.5963
3.0356
2.6851
2.6246
2.7098
2.7010
2.7154
2.5627
2.7411
2.6608
2.5975
2.6317
2.6111
2.7144
2.7421
2.4740
2.6239
2.7393
2.6396
2.6334
2.7503
2.6617
2.6061
2.8784
2.8848
2.6476
2.4362
2.6553
2.4475
2.5446
2.6430
2.4205
2.6382
2.4492
2.5819
2.4851
2.6848
2.5854
2.5219
2.9810
2.7120
2.4339
2.4063
2.7819
2.5452
2.6452
2.5073
2.8230
2.5525
2.8312
2.4710
2.6211
2.4245
2.4216
2.4078
2.7409
2.5616
2.3935
2.3683
2.6032
2.6274
2.5558
2.2588
2.5206
2.5470
2.5292
2.6906
2.5196
2.6438
2.4674
2.4365
2.4728
2.5757
2.4419
2.8318
2.6268
2.4754
2.6175
2.4875
2.3132
2.3552
2.3841
2.4133
2.5662
2.3628
2.7018
2.5658
2.3465
2.4675
2.5492
2.3496
2.5388
2.3350
2.4284
2.4925
2.3743
2.4727
2.3942
2.6454
2.4306
2.4865
2.4890
2.4417
2.5185
2.5010
2.5130
2.4687
2.5128
2.4739
2.4859
2.4136
2.2353
2.3165
2.2526
2.2890
2.3483
2.4968
2.3741
2.4328
2.4477
2.3511
2.3470
2.3783
2.4491
2.5396
2.4131
2.3899
2.3106
2.3895
2.5220
2.3411
2.5180
2.4295
2.4462
2.3804
2.6144
2.3760
2.3763
2.4541
2.4820
2.2360
2.5521
2.6326
2.3328
2.4058
2.4700
2.6598
2.3094
2.5046
2.3173
2.5524
2.5295
2.4804
2.4469
2.2575
2.3424
2.2369
2.4432
