2.5879
3.9500
6.5193
10.7315
11.7838
12.8277
11.4935
12.9107
14.7582
12.6656
12.1514
13.1482
11.9686
11.1177
10.7040
10.9758
12.1025
10.6939
10.7046
12.1847
11.1704
10.8139
9.2398
11.4625
9.9150
13.1740
12.5175
12.7451
10.5705
8.8018
10.2712
9.8672
10.8822
10.1738
8.7697
11.5980
9.0618
7.9885
9.7943
8.8027
10.4110
9.3615
10.2553
7.9347
9.1656
8.8433
8.8139
8.4158
10.4679
11.4209
9.8350
9.9384
10.3368
8.7087
7.8235
8.0538
11.0140
10.4882
8.6371
9.9012
9.2919
8.5070
10.5784
10.2716
9.0380
9.6390
8.4150
8.5375
10.1431
7.1273
9.6789
7.2233
9.7292
6.9975
8.6205
8.4307
8.3573
10.9975
9.4170
10.7356
8.9524
8.8439
9.8284
10.2446
11.2098
11.5114
8.3278
9.6491
9.9895
8.0895
10.1347
8.0672
10.2652
9.2193
8.3914
9.7529
9.2563
7.6156
7.7112
8.2129
7.6902
7.0650
6.8194
8.8296
7.9773
6.4396
7.3504
7.1190
7.2891
9.8210
9.0394
9.1775
8.8170
9.3538
8.1527
7.6292
9.4632
7.9106
9.3063
9.2034
8.5657
10.6430
7.9522
8.7209
10.5068
8.2588
7.6166
11.3231
8.0290
8.4072
7.7377
7.8812
7.6426
7.7885
9.1475
10.4730
8.2499
7.0272
11.3853
10.3564
7.9210
7.0272
8.6267
8.2168
8.9855
7.3964
8.0086
7.8897
8.4009
6.8673
6.7152
9.9811
6.6680
7.5919
8.3827
9.0737
8.2280
6.6506
9.4477
8.0716
7.1254
10.6474
6.7695
7.8804
8.1100
7.9498
7.8423
8.6009
7.6779
7.9525
8.8474
7.6466
8.3522
8.5318
9.4513
8.0627
9.8892
7.3337
8.5217
7.7145
8.4046
9.0094
6.5800
9.1181
9.1231
8.8091
8.1952
8.7213
6.3605
8.1513
9.7062
7.3188
8.0088
9.7681
8.5549
8.0408
9.6122
8.3081
7.8443
7.6402
