2.7687
3.2571
5.5459
7.8870
7.2791
8.6614
8.3135
10.0389
6.8758
7.7828
9.2777
7.5461
5.7283
6.1978
5.6206
8.2159
6.3484
5.8030
5.9442
5.5900
5.1547
6.1745
5.6843
5.3646
4.7584
6.1317
5.5786
5.4929
5.5431
7.3035
5.7981
4.8044
5.7478
4.9210
4.2870
5.2402
4.5685
4.5508
5.6166
5.5124
5.1480
6.7634
5.3325
5.3834
5.7048
5.9818
3.9952
4.4954
4.3289
5.4975
4.8346
4.4222
6.4059
4.7765
5.1831
5.3679
5.4946
4.8914
4.2402
5.0771
5.3653
4.9524
3.3242
5.7330
5.0651
3.9481
4.0800
4.8202
4.3511
5.3410
4.3577
4.6829
5.4227
3.6419
5.7957
4.3822
3.8729
5.7901
4.1550
3.8613
5.4868
4.8438
4.5335
4.9217
5.2480
5.0094
5.7963
4.9874
4.1300
6.4823
8.0906
5.4535
6.2912
6.3382
5.3225
8.0190
7.1037
7.0800
6.4009
6.3583
6.9106
6.5332
8.8031
7.1996
8.8235
9.3696
6.9789
6.2742
7.7258
7.3358
5.7778
7.3847
5.6370
5.6535
7.5443
7.3712
8.5917
5.5850
7.7691
8.7181
8.0414
7.0893
7.0043
6.9108
7.6676
6.3107
6.0632
5.7406
6.8076
6.3348
7.3651
4.9951
6.9026
6.0906
7.5267
6.3045
5.1823
7.6406
8.1133
6.2807
8.2625
6.8749
6.7233
6.0927
6.3893
6.6450
6.8230
6.0467
6.8673
5.9234
7.7347
7.4738
6.6107
7.0632
7.5049
5.4476
7.9806
5.4309
8.3830
6.9829
6.7571
7.3466
7.7906
7.6592
4.6598
7.7216
7.5052
6.1559
6.7695
6.8725
6.0362
6.4876
5.8291
6.3386
6.1292
6.8113
8.0092
6.7648
8.0173
7.4822
7.6567
6.0881
6.4812
6.8412
6.5911
5.8752
7.2297
6.7363
6.1087
5.6803
7.6188
6.6445
7.0844
8.2862
6.2846
6.9362
5.9239
6.6699
5.9148
5.9512
