2.6663
3.4128
6.4839
8.5746
9.1768
9.2261
8.8140
9.5665
9.3535
8.9378
9.3144
9.5907
10.6540
8.6795
11.7457
10.9845
10.8487
10.9504
11.4281
11.3896
11.7062
11.0990
13.9580
13.1256
10.6471
12.8144
11.2240
13.1094
11.7063
12.4387
11.8709
11.5709
11.6767
11.4365
12.7065
12.1940
12.9355
11.7538
12.0781
11.5373
12.1988
10.6648
11.1930
13.9875
13.0520
12.4129
12.1592
12.5181
13.0957
12.2553
11.6443
13.0212
13.0669
11.6104
11.3993
11.2948
12.3760
13.0347
11.7141
14.4055
13.9591
13.1750
12.0046
13.9487
12.4177
11.7773
11.8590
12.7232
13.0489
14.4977
12.7150
16.0535
13.0565
15.7734
13.0820
15.0983
13.1924
13.6884
12.4417
11.9485
14.2944
15.5720
13.2407
12.9821
15.5628
14.8711
16.6755
16.2415
14.7627
15.3122
16.3870
14.1196
15.1936
16.7609
15.2806
16.2747
16.5122
18.5954
15.0813
15.8871
24.5340
17.4484
20.7162
19.9295
17.8208
19.6112
19.2683
20.2092
18.7613
23.8812
21.1165
18.3588
21.1114
21.9894
18.8494
25.4093
20.5913
24.7103
19.4298
20.1610
21.0537
19.4877
18.3405
21.7216
23.6065
20.8456
18.5243
21.4885
21.6687
21.3817
25.2968
21.5815
24.6071
20.4567
25.8342
25.3126
20.3550
23.7708
22.9682
25.6018
26.4433
24.0666
22.5489
24.0044
29.2051
23.9241
21.4187
26.0620
29.1102
25.2337
20.9328
28.2829
26.1243
27.6991
26.3565
29.6405
27.8064
24.2842
26.8916
23.5356
30.3862
25.2117
25.7131
26.4348
25.2619
29.0328
29.0998
32.0698
31.5905
28.1879
29.4514
24.1018
32.6212
29.6873
30.1306
29.8844
28.8850
23.0750
28.4674
28.0815
30.8501
34.6794
26.0970
30.7003
34.6159
31.7953
30.0790
31.9551
32.2227
35.3476
37.7836
33.9411
32.2842
30.0832
32.6050
32.8434
40.2401
30.6432
35.8946
40.3706
