19.0641
13.6704
14.7973
12.9196
15.8846
12.4418
12.1591
12.0809
11.8819
13.0022
11.6030
8.4825
10.9432
9.9555
10.0207
10.0805
7.9970
9.5814
10.3964
10.9733
8.8575
7.9047
8.8448
9.7062
10.6555
7.5600
9.0137
9.4778
9.1173
10.5519
7.2600
8.0208
10.1686
6.6039
8.8949
9.1697
7.2866
11.8731
8.1206
11.6171
10.2256
7.9405
7.8448
9.1421
8.3628
9.7159
9.4688
10.2319
10.2908
6.5454
7.5772
10.6935
9.5646
11.0596
10.0877
9.6116
7.2453
9.2464
8.5136
8.1161
9.4563
8.4893
12.0591
8.7906
9.7988
7.8337
8.6215
7.1601
5.5000
12.1492
8.9675
8.5718
5.7926
7.8887
9.9915
11.0468
8.9880
8.3336
7.5201
8.1143
9.8517
9.8649
9.4730
7.7043
11.2275
10.0491
7.5270
8.9413
10.1907
8.5712
8.8233
6.7807
6.0573
8.5161
11.4967
6.9827
9.5921
9.4669
6.7291
9.0277
8.9022
7.8238
6.7849
8.6899
5.7643
9.0433
7.6242
9.4883
7.1038
8.3964
8.4464
8.3747
6.3626
10.3437
9.3671
8.1019
9.8861
8.7049
7.8440
9.8154
5.7202
8.8065
8.0248
8.7821
8.3244
7.7185
8.9828
7.0049
8.4079
9.0199
8.7032
8.7291
6.9576
7.7965
7.2252
9.4570
9.4511
8.6141
8.1706
8.7279
7.2506
10.6866
6.3449
7.7962
9.8032
7.5363
7.9353
7.6146
8.1871
7.3080
8.8383
7.5060
8.7759
9.5937
7.5256
6.7222
7.6103
6.4215
7.1619
7.7310
10.8148
7.2568
7.4177
5.8891
6.8134
8.4276
7.5723
9.4903
8.6401
6.2144
9.9333
7.8702
9.0005
6.1533
9.2169
10.2144
6.9407
7.4828
6.0071
6.4772
10.3964
8.1703
7.9472
9.5882
9.7761
5.8643
6.4641
11.9331
9.5759
8.4363
7.6616
6.6508
8.1966
8.8976
7.6589
8.8040
8.9632
10.8724
9.5944
8.4948
