15.7745
8.1091
6.7203
8.3227
6.6311
7.1956
6.6190
6.4240
6.6333
6.5811
7.8162
5.3230
6.2691
6.9368
6.1728
5.9093
7.2057
7.7971
7.0747
5.9534
6.2188
7.4995
6.1466
5.6168
6.6082
6.1735
6.6075
5.5223
4.7165
7.5358
5.4649
6.2663
6.5791
6.3902
5.6897
5.3086
5.2416
7.3159
7.1580
7.7947
6.1664
6.9438
6.0709
7.0206
6.3978
5.0477
6.8163
5.8313
7.2918
5.5394
4.8737
5.6208
5.7692
7.2398
6.9497
6.5848
5.8741
6.8005
6.6134
7.1243
6.4880
6.1877
6.0631
5.9713
5.8695
6.3913
5.6434
5.6634
6.3483
6.3023
5.6049
6.8804
7.1588
5.6742
6.6719
6.2090
6.4287
4.8752
7.4054
8.2777
6.7850
5.8828
6.2715
6.8087
4.5981
7.0790
7.2590
6.4181
6.9219
7.9568
6.6899
7.7088
7.1221
5.3252
6.6567
6.3374
6.4008
6.6992
6.4047
5.9572
5.6557
6.2483
6.2169
7.8417
5.8614
8.2165
5.8038
5.5954
6.8425
6.7484
6.1401
6.1968
5.5795
6.1247
6.3235
6.1448
5.1048
6.8574
5.8186
5.4591
4.9672
5.8483
5.6011
5.7554
6.5833
7.4149
6.2985
6.0236
6.3103
7.2503
5.7922
5.1700
7.4366
6.6466
4.9778
6.5149
5.9373
6.1815
5.8385
7.5255
6.0586
5.8308
6.3989
5.8197
5.7954
5.7804
6.4748
5.2652
4.9075
6.7511
5.9316
5.6685
5.9313
5.9665
6.0424
5.4801
5.8745
5.1793
6.3403
6.4956
6.2081
5.2533
6.6693
5.4358
5.6054
6.1560
6.4741
6.7457
6.3971
6.4815
5.8606
6.5633
4.5966
6.3030
6.2254
6.6041
5.8589
7.2132
7.2015
7.0801
5.3038
5.8841
5.4983
5.1989
5.8108
5.9349
6.2095
5.5223
6.5825
5.4591
6.8951
6.2298
6.0882
6.5831
6.3419
6.7154
4.5653
6.5284
6.8480
5.9880
