2.6033
4.9303
7.0122
9.9673
12.0578
16.9264
15.8440
21.4334
21.6981
23.8862
21.8576
26.9708
23.9962
27.3008
26.3834
25.5455
22.0904
27.9250
25.7558
26.6911
23.0161
28.4636
28.7901
24.8771
31.3337
27.3375
30.7234
31.5525
25.4339
29.6414
24.2415
24.9417
28.5955
26.5240
26.1961
27.2478
27.0118
27.5245
24.8196
29.7493
32.3352
25.0766
24.4117
28.4436
26.2783
29.9438
27.5304
26.6963
24.5288
28.9467
29.8736
30.5099
31.5463
23.0699
30.4065
22.8229
28.7974
25.2633
19.3376
29.1920
27.8340
25.3818
26.3371
26.1089
28.1781
29.3229
29.8739
25.8024
25.8447
27.3642
26.7637
25.5188
28.8230
28.3578
31.6208
30.2241
27.9853
28.4426
24.3243
27.6517
25.8865
25.6004
22.6470
25.2149
26.9823
26.3298
29.5105
26.8662
29.5276
27.4935
28.4476
24.0239
24.5028
22.7988
24.7741
29.2452
32.4411
26.5177
29.2216
28.5471
27.7802
27.9723
23.6864
26.1139
28.2491
26.9267
25.7323
18.7411
26.2876
26.8760
29.4316
25.6031
23.2884
26.2088
25.6892
31.4577
23.8760
26.0216
30.2037
32.3168
22.4688
24.3186
26.4529
24.2475
32.2786
30.1106
27.2252
27.7977
25.7079
29.6265
21.4581
23.6707
21.0503
21.3321
27.6750
23.8110
26.2069
29.5121
24.3844
24.6867
25.3555
32.1549
25.6336
28.1765
28.0646
27.1032
21.8757
24.6365
28.7958
28.9956
24.9718
24.5663
27.8381
25.1362
27.2152
23.2066
29.4387
22.6625
28.2552
23.5910
29.0127
27.2513
27.4363
27.4438
27.3023
25.7406
27.3518
27.6249
22.9999
25.7458
24.3469
29.9288
25.5696
26.1306
30.0760
29.9332
22.4422
30.4015
23.8364
26.1774
25.0196
29.1050
26.2846
29.8745
23.7491
25.7118
28.0424
27.3626
25.4082
26.1129
24.5321
20.7957
27.2727
28.6525
26.6137
22.3121
27.6953
23.5065
24.6975
26.9672
