2.7252
3.0486
4.8831
4.9876
5.8358
5.4686
5.4500
4.5996
6.0925
4.0293
4.1529
3.3648
3.8671
3.6821
4.1571
4.3281
3.5161
3.7073
3.5770
3.6218
3.5464
4.1737
3.6694
3.7614
4.3729
4.0950
2.6349
2.6954
3.1376
3.5849
3.5361
3.8764
3.4096
2.8663
3.3326
3.2074
3.5848
3.4269
3.5442
2.8811
2.4176
3.1130
3.4038
3.6698
3.4164
2.6796
3.1557
3.8469
2.5914
4.2022
3.4356
3.7163
3.5640
3.1147
3.0991
3.6464
2.8993
3.2660
2.6493
2.8803
2.7367
3.1663
3.0561
4.5288
4.1123
2.9246
2.6607
3.3161
4.3069
5.0961
3.6535
2.3633
3.2605
2.7020
3.1258
3.4038
3.6661
2.5866
3.0723
3.3339
4.4982
2.9431
3.1996
2.9735
3.8245
3.5153
2.7824
3.3469
2.7933
3.5571
2.6789
3.5079
2.8403
3.0878
2.8031
2.9313
2.2740
2.5902
2.5794
3.0500
3.3187
2.5424
3.4232
3.7018
3.3257
2.2977
3.4901
3.0073
2.9732
2.5970
2.8729
3.6961
3.1857
3.3109
2.8974
2.3514
2.3593
3.2257
2.4850
3.2963
2.6018
2.8431
2.7806
3.5638
3.1672
4.5525
2.1919
2.7457
2.5118
2.5376
2.7006
4.5537
4.0439
2.4528
2.4729
2.2818
2.7375
3.0190
2.9512
3.1833
2.7498
3.4426
2.8093
2.2915
3.4233
2.5328
3.0733
2.9433
3.1372
3.5774
2.8059
2.7504
3.1419
3.0084
3.0937
3.5948
2.6835
2.3402
2.9937
3.2492
2.5832
3.2560
2.5066
2.7429
2.9030
3.1052
3.1223
2.6969
2.7977
3.5306
2.6592
2.7785
3.3260
2.4477
2.3579
1.7281
2.9085
2.2144
2.3476
2.8766
3.3482
3.0298
2.9976
2.6609
3.4039
3.4614
4.0755
2.6715
2.9132
2.9482
2.4133
2.6164
2.5731
3.6677
2.2504
2.6169
2.5090
2.4712
2.2100
2.6744
