1.6158
15.7193
14.6273
13.5345
12.6132
11.5353
10.9844
10.2423
10.1420
9.2435
8.6834
7.9439
8.5050
7.8947
8.7880
9.5575
9.1028
8.0822
8.4088
7.5042
7.8292
7.8079
8.8078
7.5280
8.5986
6.8292
7.8605
7.0569
6.3775
7.9994
7.3459
7.5607
6.9091
7.0691
6.7782
6.5313
6.7468
7.0819
6.8723
6.2671
6.7205
6.8203
6.8910
6.1261
7.3414
7.0165
6.5176
6.8130
6.0980
5.2359
6.1888
6.7586
6.5150
7.0301
6.3738
6.1324
7.2882
5.1262
6.4466
6.5718
6.4237
6.9393
6.5970
5.9845
6.8045
6.0862
6.2468
6.2662
5.8736
5.5162
6.4639
7.1480
6.1346
6.2128
6.0290
7.3159
5.0291
5.8548
6.1808
4.8614
6.5043
4.8021
5.9409
5.6461
6.1370
5.8855
5.2818
5.4616
6.0529
5.7108
5.0890
5.8145
5.2610
5.9444
5.6927
6.2099
5.8023
5.7721
5.8093
6.4900
5.6822
5.6280
5.9383
5.3366
5.8181
6.4436
6.3575
4.8016
5.2920
6.0233
6.2203
6.2471
5.3990
5.7047
5.6564
5.8547
5.9501
5.7122
5.4263
5.9648
6.2971
5.6675
5.3305
6.0024
5.5917
4.8139
5.8349
5.7738
4.6623
5.3825
4.9834
5.8393
5.2138
4.6168
5.8932
5.6162
5.6434
5.2801
6.0559
5.4709
5.3734
5.4725
4.5316
4.7928
5.2888
5.4757
6.0583
5.9739
5.3213
5.7198
6.2890
5.2704
5.7892
5.2243
4.6237
5.4666
4.9613
5.7527
5.5119
4.8259
5.4010
5.3535
4.5983
5.9123
4.1909
4.3346
6.3827
5.3507
5.3275
6.2927
5.4854
5.6529
4.6156
5.4965
4.6405
5.6263
5.7947
4.7839
5.4517
5.3461
5.2343
5.7083
5.5409
5.2913
5.1850
5.0528
5.1693
4.9146
5.2981
5.4880
5.1554
4.5369
4.8836
5.4429
5.0227
4.8433
4.8966
4.8830
4.8666
6.1854
