14.4523
14.5368
17.1361
16.9593
16.3806
16.3708
19.1971
18.3057
15.8121
17.4133
17.4213
18.7594
17.9555
17.3693
16.8532
18.6973
19.1178
18.5782
21.2356
17.4012
17.6724
17.3850
17.0858
16.1300
18.9293
18.5639
17.0500
16.7044
18.6267
19.3734
16.9205
17.7533
16.7114
18.5182
17.8694
22.0035
20.3048
18.8230
16.8545
18.7728
17.2996
17.9060
18.3287
20.0165
19.8637
20.2330
18.9514
17.0697
18.9650
16.9777
19.4241
18.7957
19.6130
16.8092
16.5465
15.6026
17.3449
18.9879
20.0747
21.2201
20.5564
19.0858
17.5445
18.1545
21.2004
19.9836
17.7728
18.2489
20.6308
19.0554
19.4824
17.0885
16.3124
18.4522
17.3745
16.8916
19.0949
16.4810
16.6441
18.4065
19.2894
17.1422
18.0954
18.1822
19.3146
20.8349
18.2588
18.4300
17.7703
19.7012
18.1492
21.0999
17.0142
18.7921
17.5757
18.1794
18.7625
18.9160
18.0852
18.6111
16.9175
19.1541
18.1043
19.6499
19.4403
18.4996
18.4611
19.7428
18.3356
17.9221
19.1393
19.8619
18.0444
19.3941
18.0260
18.6350
17.0694
18.4288
18.1379
20.5366
18.3656
19.8261
16.9876
18.1500
17.9000
17.7341
18.8766
18.9351
18.7760
16.7372
18.0622
19.3896
18.9963
18.7187
18.8972
18.5364
21.5849
19.6643
18.3874
19.4521
18.5278
16.5655
18.4242
17.4723
17.0074
20.6800
20.0467
19.0135
19.3445
19.0430
20.3059
18.3843
18.1035
18.2577
19.5346
18.8844
17.3333
19.3925
20.7910
18.7446
18.3246
20.3539
18.3732
19.1912
19.6077
20.3111
19.4850
17.0879
18.4728
17.5051
18.0437
20.2399
17.0720
19.5954
18.3003
17.7060
20.7900
19.2547
21.2437
16.6784
18.3892
20.2004
19.2285
18.8051
19.4982
18.5919
18.0674
20.1468
15.8729
19.4788
18.2600
19.6244
18.6316
17.2591
18.7792
19.1606
19.0309
16.8816
18.0235
18.9271
