2.7661
4.9775
7.4447
8.5477
11.3229
10.5840
12.7018
10.6472
11.1322
11.0411
11.0387
10.1528
12.1548
10.5000
12.1569
9.3953
8.8401
8.9309
8.8844
10.2386
8.3355
10.0352
8.1565
9.4530
9.6791
9.3679
9.4854
8.9840
7.6436
8.6938
9.2058
6.4530
7.8171
8.9568
7.6661
9.5606
9.0847
8.8275
7.6851
9.0864
7.1407
9.1198
8.0688
7.0373
6.9602
5.1007
6.4980
7.1647
5.7285
7.9280
7.6346
6.8759
7.8318
6.3118
8.3319
8.3272
7.9893
5.5976
6.7367
6.8948
7.6735
10.1280
6.6350
7.3206
7.3883
7.6180
9.9853
7.2816
8.3770
8.2627
5.4331
7.3776
8.6106
4.8593
6.6229
8.9173
6.5555
6.7665
6.4464
5.8481
9.2973
5.8145
7.1013
5.9650
6.1338
5.5122
7.0818
8.1902
5.8014
8.6234
6.8332
5.7316
5.6186
6.6571
7.2970
7.7848
7.5979
7.3797
6.9391
7.1859
8.0210
4.9359
6.5611
5.2019
4.8825
3.6140
4.9968
3.7885
4.1383
4.3867
5.0076
3.3792
4.0231
4.6813
4.5686
3.4605
5.0333
4.2834
3.4220
3.8690
3.5381
3.9160
5.4648
2.8648
4.1012
3.6488
4.5080
2.9678
4.1768
3.5009
5.3793
3.8085
5.0090
3.9534
5.2837
4.4656
3.9416
3.7415
4.1832
4.7154
3.6172
3.3058
4.3575
3.2565
3.5667
3.6785
3.1768
3.2060
2.8806
3.9889
3.5974
5.1606
4.8225
4.3294
3.2135
3.6784
3.1610
4.0576
4.5256
4.0615
4.7734
3.2723
3.6548
4.7841
3.7668
4.8249
3.5752
4.0045
4.4889
2.7782
3.7446
3.1724
3.2668
3.5498
3.0642
5.2791
4.8276
2.7086
3.7448
3.7789
3.6757
3.3005
4.7595
4.8270
3.4641
3.5604
3.8997
4.3677
3.4965
5.1680
2.8611
3.3604
3.8391
2.8850
2.5844
3.3326
3.2065
4.1429
3.5427
3.3134
