2.3353
2.7382
4.7376
4.4948
5.6201
4.9315
5.6843
4.8130
4.0907
6.3944
5.1375
7.2378
8.2941
7.5134
7.8987
5.0789
8.1291
5.0104
7.5495
6.2806
5.9575
7.1076
6.3335
5.1098
7.1686
6.6904
4.8147
5.9525
6.1505
6.6061
7.5873
4.4560
5.9250
6.3190
5.0486
3.6595
5.4208
5.7146
7.1388
6.0565
3.7132
4.9641
7.2425
5.2644
6.0142
5.1762
6.7052
5.0370
3.5742
7.6242
4.7116
5.7968
4.7641
3.7212
5.3655
4.6580
4.7740
5.5661
5.7256
7.4814
5.2652
8.3988
5.4811
4.4295
2.2393
5.5760
6.4226
6.1732
4.6946
5.3715
7.2146
5.8405
5.6426
4.2048
5.1385
4.1224
3.5500
3.6564
4.1717
3.2711
4.6303
4.3023
4.9552
4.9384
3.9231
4.0908
4.6458
4.5151
3.3709
5.9102
5.4744
6.0950
4.7478
5.3587
4.1438
4.0767
4.0937
3.8365
4.7184
4.0043
5.2819
6.1842
5.9213
5.0092
4.6174
4.7965
3.1875
4.9247
6.1991
5.4150
5.0880
3.1223
3.2256
3.7720
6.0867
4.8367
4.4535
6.0017
4.6364
4.3015
3.8658
3.2525
4.5589
5.4000
4.7407
3.9123
6.3176
3.1914
6.4630
5.3636
5.0558
5.8684
6.3064
4.4938
6.0260
5.4517
3.7647
3.8023
2.3424
5.1003
4.1906
4.5830
5.1351
5.5438
4.0474
3.5620
5.7440
3.4278
4.2799
4.9613
6.6433
5.3744
5.8017
4.6163
3.3579
4.1130
5.7925
5.1638
3.0713
4.9834
6.4739
4.6707
4.3010
5.2889
4.5227
4.6847
5.0977
4.7834
4.4711
3.9890
4.7414
4.4881
4.9233
5.9887
5.5201
3.5748
4.6400
2.9450
5.6503
5.3442
4.9958
4.5236
3.0897
4.7994
6.2351
4.4681
6.2727
4.1179
5.8223
4.1814
3.7537
4.1475
6.5577
3.9620
4.1809
6.2516
3.7525
3.6709
5.3615
4.2845
