1.9740
16.3705
18.0988
18.6541
19.0627
18.6614
18.7340
18.8533
18.8577
19.3518
18.9964
18.4942
18.3594
19.0088
19.0839
18.5065
18.3354
18.3974
18.6792
18.6838
18.4285
18.7344
18.5110
18.9538
18.9357
18.6945
18.8764
18.3948
18.8956
19.0422
18.7020
19.0128
18.7985
18.9999
18.8231
18.7396
18.8802
18.5539
18.8847
19.1338
18.8057
19.1959
18.9270
18.6967
19.1456
18.6958
18.9704
18.6918
18.8342
19.1259
19.0591
19.0052
18.6998
18.6789
19.0915
18.6515
19.3681
18.7019
18.8801
18.8060
18.8590
18.5754
18.9004
18.8267
18.6071
18.8153
18.8319
18.4994
18.9792
18.8465
19.0348
18.7738
18.8795
19.0811
19.0057
18.6246
19.0706
18.9133
18.8642
18.9248
18.7711
19.1030
18.6197
19.0445
18.5283
18.7340
18.5346
18.7366
18.7591
19.0709
18.8131
18.7709
19.1670
18.9140
18.8937
18.5197
18.9266
19.0429
18.9584
19.1777
18.9346
18.9312
19.0548
18.8412
18.9267
18.4648
18.9596
18.5597
18.8745
19.0724
18.7486
18.8379
18.6672
19.0215
19.0073
18.7618
19.2319
18.8824
19.0201
18.7399
19.1976
18.8077
18.8592
18.9112
18.9208
19.1791
18.6207
18.9416
19.1388
18.8995
19.4862
18.9507
18.7473
18.9309
18.7808
18.7311
19.2730
18.9546
18.6953
19.1356
18.8897
18.5978
18.7490
18.9643
18.5524
18.8786
18.7835
18.7543
19.2206
18.8993
19.1471
19.0875
18.5123
18.9472
18.9616
18.9370
19.2740
18.8183
18.6334
18.9762
18.8184
19.1860
18.7099
18.8645
18.7950
18.8264
18.8877
18.9745
18.8756
19.4602
18.8750
18.8220
18.8546
18.9620
18.8502
18.9946
19.0858
19.0610
18.6795
18.8475
18.9040
18.7715
18.7098
18.7373
18.7195
18.6129
18.8639
18.7701
18.8661
19.3204
18.2858
18.7093
18.6713
18.7154
19.0037
19.0435
18.8684
18.9050
19.0124
18.5341
