14.4909
8.5242
8.1596
8.5048
8.6753
7.3535
8.2320
7.8176
7.4766
8.2804
7.2214
9.3542
7.8038
7.2811
8.0975
8.1424
7.2603
7.5669
9.5538
6.4546
7.0381
7.8852
8.0615
7.2067
7.5680
9.2789
6.1246
7.2276
6.8965
7.7878
7.6373
6.7340
6.6491
7.8365
7.5279
7.1904
8.6676
7.7352
8.0175
7.0758
7.8611
7.1539
7.4632
7.5892
8.8206
9.0539
7.1433
8.0998
6.6025
6.5590
8.3562
7.8638
8.2556
9.1930
7.1985
6.5065
7.4461
9.2666
9.8332
7.4537
7.1609
7.7388
7.3301
8.3493
8.4029
7.8030
7.2608
6.7345
7.7939
7.0794
7.8863
6.6796
6.5433
8.1452
9.6126
7.0954
9.4018
7.6109
6.6106
6.8420
7.6437
6.6080
6.9146
7.0070
7.4148
7.1965
8.7489
6.9772
6.1170
8.3737
6.7487
7.4874
6.7998
7.6943
7.2538
8.7294
6.7091
8.0889
6.9368
7.4410
6.8337
7.1787
10.2335
6.7651
7.7717
8.2195
8.2058
7.1394
7.6833
8.1950
7.6101
6.6943
7.6554
6.7853
9.0075
7.5823
7.2637
8.7254
8.3791
9.1162
8.6017
6.9700
8.6138
7.2541
7.5241
7.4236
7.3917
6.9359
6.9385
7.4370
8.2931
7.0794
7.0393
6.7485
6.5191
6.7679
6.5261
8.0554
6.6502
6.8574
8.8882
6.6544
9.0146
8.1371
7.6044
8.2721
7.7078
7.9954
7.0140
8.5832
7.8943
7.7376
8.9279
7.7228
8.3798
8.2388
7.6516
6.6821
7.6330
6.7572
8.0803
7.1186
7.6446
7.7659
8.3629
6.3014
6.8946
7.3085
7.0748
7.2055
6.9601
8.0321
8.2051
7.5324
7.7085
7.0953
8.0604
7.4120
6.9194
8.0634
7.3683
8.8165
6.8845
7.6037
6.9764
8.1092
8.4758
6.6654
6.4319
9.8335
7.3631
7.4991
7.1299
7.0643
6.9403
7.7904
7.9117
8.4826
6.7925
6.8895
