2.5853
5.5509
7.2957
6.9218
6.8200
7.9787
7.0376
6.3554
7.9909
9.4326
6.6180
8.2954
9.2268
6.1625
6.9602
7.1466
7.5338
6.3322
8.5533
7.5397
6.0479
18.5563
16.5678
20.0770
21.7198
23.7198
22.7318
25.5092
23.9360
25.1299
25.7854
20.1944
26.9467
26.1105
25.2789
28.6069
27.2871
25.1939
27.1242
26.7823
27.2542
28.3851
25.0779
24.8826
29.2785
25.7959
28.7119
30.9407
28.6585
27.5345
27.8616
27.2187
26.2487
26.1848
30.7793
26.9467
25.6629
28.9343
31.9089
25.2591
26.6514
25.5781
31.2894
29.0702
30.6608
24.1536
28.4048
30.1187
25.9916
28.3847
27.9541
29.9673
29.4385
31.5899
26.4725
27.2729
28.5936
31.1980
29.0508
25.1809
29.6136
30.6158
29.1243
30.2439
28.8089
30.9095
27.5809
32.4232
28.6938
28.7011
29.7961
27.6348
29.9246
32.7070
31.7040
29.2298
32.7488
30.3125
31.0757
29.8181
28.7899
29.9599
29.9419
33.0435
31.7222
31.4636
29.4944
32.0210
31.8127
31.0960
32.5744
27.1577
28.7031
31.6875
30.8738
30.1711
27.8466
31.4272
30.9915
33.0019
28.7591
30.8433
31.6689
31.1734
32.2810
28.5190
31.1804
31.3752
30.3528
31.6094
29.9859
31.6000
31.2388
33.4007
34.7218
34.1916
34.2709
30.5325
31.9059
33.1567
31.2385
28.8175
32.8778
31.8000
31.9116
32.5080
29.2623
32.4036
31.7989
29.4335
29.7690
32.0708
32.1076
31.2174
30.0839
29.5669
31.5104
34.0364
29.9839
32.1154
31.1290
30.2983
31.0758
33.6344
30.7130
30.7695
30.9564
29.1817
31.8616
32.9742
33.1124
33.6264
29.8621
29.6939
31.0919
31.5237
32.4528
32.3141
31.0470
34.3042
32.7613
34.1953
36.1469
32.2873
29.5308
31.8590
30.9904
31.7338
33.0095
34.0083
30.2574
31.3045
32.6306
28.4528
29.5241
32.8579
30.6613
31.0653
33.3550
33.6743
