2.3416
2.8446
4.2832
5.6539
8.1479
8.5311
10.6864
13.7018
12.3880
13.1078
13.0904
14.8314
10.6045
11.4400
14.4175
15.1078
15.9518
14.4519
13.4281
13.1743
14.7120
13.8443
16.5434
13.1385
12.3259
12.0779
13.3251
12.7978
16.6320
10.1068
13.8625
10.3241
11.9548
9.9776
10.5679
16.1816
10.9342
11.2741
9.5316
12.9173
11.9718
11.4600
10.9770
12.4331
9.6518
11.9168
11.4301
12.2540
11.9006
9.2683
10.2064
8.4444
9.7668
10.7347
10.1098
11.5619
10.7497
8.1978
11.1494
13.5346
7.9581
10.9859
9.8237
15.9668
11.1570
10.3275
9.2919
10.3472
12.6118
14.8604
11.2167
9.2880
10.1031
11.5031
10.9924
10.5615
14.9909
9.8000
11.8920
12.3954
7.8753
9.3315
7.4255
8.9445
9.4261
7.7298
8.7660
8.5292
6.9670
7.3309
8.5505
9.4114
8.1197
9.2513
9.7892
6.6453
6.8870
6.4512
6.7765
5.8858
7.4763
7.2763
6.2857
6.9813
6.9362
5.9678
6.2629
4.4735
4.0541
6.5799
7.8399
5.7508
8.1300
5.3525
5.9134
6.6218
5.7282
6.5858
6.8976
5.9770
6.8030
5.7234
5.7257
5.4913
6.4617
6.3347
7.0061
5.2556
6.3350
5.6629
4.0555
4.5544
5.2445
5.2791
4.9557
7.4646
5.9571
4.9068
6.1137
6.8798
6.1632
7.6537
4.5212
5.2495
4.8313
5.4295
5.7980
4.3726
7.0220
5.6204
4.6351
4.9260
5.2589
6.5111
6.7347
4.0360
7.6018
4.9572
6.8493
5.9326
6.3010
8.3200
5.8526
7.8491
5.5729
5.7367
5.8201
3.6337
5.9550
6.1960
5.7345
5.6063
5.0294
5.8386
6.5371
4.9465
5.6848
4.6232
5.2760
4.8361
7.1987
7.9857
5.2537
5.8337
4.2844
5.1611
5.4718
5.0361
7.7751
5.4821
4.1137
5.7515
5.6725
5.8825
5.7214
5.4441
4.6760
4.0085
4.8079
6.0739
