16.3362
7.5746
7.2542
6.6200
5.1995
4.9665
5.0660
6.3223
4.9848
5.3819
4.8489
3.6179
5.8124
4.1412
4.8333
4.7184
4.7541
4.8502
4.0119
4.1132
5.5541
4.4034
4.3495
3.3400
4.0589
4.3861
4.7859
3.8800
3.4565
5.1011
4.8249
4.9236
4.2608
3.7286
4.1727
4.6360
4.3707
2.9188
4.5476
3.7141
4.5178
3.5882
4.1952
4.0214
3.2456
3.4971
3.0279
3.6570
3.6730
3.2148
3.8569
4.6180
4.6577
4.9254
3.2413
4.8669
4.1654
4.6834
3.7012
3.2754
3.7124
4.0634
4.2710
5.3287
3.1682
4.5529
3.1890
3.5710
4.1574
3.9611
3.5545
3.9580
3.5348
4.3242
4.3454
3.5192
3.0117
3.3085
4.4768
4.2293
4.1240
4.0468
3.8630
3.5641
4.2838
3.6311
3.4812
3.7424
3.8402
3.8259
4.7078
3.9941
5.1771
3.5630
3.9870
3.6136
3.7185
5.1048
3.6463
3.6198
3.9256
3.0814
3.5288
3.2193
5.9028
4.1287
4.1547
4.1165
3.2835
3.0851
4.2926
3.2790
3.2288
3.5276
3.4058
3.4669
3.2261
4.2807
3.8195
3.7852
4.3716
2.9850
4.2907
4.0591
3.1310
3.7857
3.0247
4.6248
4.4927
4.2548
3.5913
3.8725
4.5400
3.9227
3.9357
3.9354
3.9663
3.9254
3.7728
2.9197
3.4953
3.7119
4.3407
3.5517
4.1205
3.9339
4.0526
3.8519
4.5157
4.5657
4.3916
3.5703
3.9609
3.8321
3.4116
3.6974
3.3334
3.5133
3.6788
3.6278
4.8384
4.6129
5.7204
4.2637
3.3637
4.3411
4.1048
3.7787
3.2563
3.5642
3.2759
4.6593
3.2925
3.5963
3.6555
5.4608
4.5043
4.2136
3.8935
3.6039
4.3603
3.9782
4.8553
3.1148
4.4553
3.4357
2.9132
3.6000
4.4768
3.4123
3.8280
3.3287
4.1100
3.8009
3.9978
3.6047
3.6175
2.9969
3.4397
2.7530
