20.3911
10.4169
9.3392
6.9777
7.3361
7.2692
6.4818
7.8966
7.0464
7.2220
6.1819
7.9772
5.6063
6.6169
6.6909
5.8054
5.3713
7.7211
5.7815
6.6544
5.7952
4.8554
4.8540
6.1647
4.3591
6.4555
6.7955
6.0618
5.6338
5.0974
5.5417
5.3996
5.8956
4.8008
6.1737
5.7147
5.2068
6.2266
5.5600
6.0402
6.3943
5.4988
5.3177
12.1190
6.7027
5.1149
4.7504
5.8502
5.0296
5.7204
5.5918
6.2205
4.7821
4.7104
5.7856
6.7734
5.4171
4.8002
5.6732
4.9694
3.9931
4.8225
5.5210
4.9777
5.7437
6.1360
5.8990
5.1760
6.8265
4.3732
5.5666
6.6902
6.4217
5.6411
6.0708
5.5891
5.3557
5.3690
6.8550
5.1717
5.7957
7.0354
6.4222
4.6120
5.0875
4.8473
7.3082
7.1643
6.0582
4.7413
4.5652
6.1839
4.9640
5.8380
5.2810
4.5857
5.0902
6.4349
5.9678
5.9823
5.1351
4.9895
5.4378
5.2684
5.7741
4.9067
5.6907
5.3405
5.4103
4.6524
10.2033
5.2449
4.8833
4.4083
6.6219
6.0051
5.3829
5.2864
5.4172
5.6324
5.1706
5.2580
5.7089
4.5926
5.9013
4.5499
5.7944
4.5368
5.4217
4.9003
5.3061
5.2659
6.3164
6.7417
4.5328
5.4638
5.2889
3.7896
5.5293
6.1391
6.1440
5.2529
5.1033
6.3581
4.9862
5.9842
5.6102
5.1789
5.0930
4.9247
4.2389
5.5765
4.2200
5.5490
5.9044
4.7816
4.9829
4.7042
5.2847
5.8850
4.6397
5.1137
5.3278
5.2024
6.2113
6.1148
4.1770
5.3150
6.0395
4.4564
6.1874
5.9493
5.3146
3.8345
4.8876
5.0031
5.6518
5.7455
5.3697
5.0067
5.7068
4.9342
5.4787
6.7816
6.6365
5.9799
4.5940
5.8762
5.9445
6.2044
4.8517
6.5541
4.9821
5.5041
6.7204
4.9610
4.8607
5.9318
5.7233
5.0685
