11.8725
10.5204
11.4870
9.1246
12.1062
11.1607
10.7825
12.7127
12.3437
11.9073
10.2661
11.4675
9.7639
10.9323
10.5738
10.4682
10.7752
12.1457
11.6536
12.9371
11.2745
13.3023
11.3450
10.1862
12.4142
10.8270
11.2807
10.5790
10.1767
11.3614
11.6093
8.6160
10.1808
10.6129
9.6341
10.1691
11.4048
11.8516
11.1317
11.4662
11.2592
9.9320
11.5011
11.1973
8.6899
11.2786
10.8270
9.6814
10.9893
10.0628
11.6488
12.6809
11.1015
10.7546
11.1137
10.3413
11.0387
10.9432
10.0961
12.6294
9.4969
9.8040
11.2064
11.9157
11.9335
11.6396
9.0104
9.3522
11.0708
9.2988
8.9110
10.0971
11.9635
11.6619
9.9531
10.2175
10.5797
10.0447
11.4789
9.4848
10.1702
10.3359
11.7513
9.2474
10.8304
10.3379
11.6501
12.5856
11.0026
10.9581
9.5628
10.3770
11.3501
11.9950
10.8172
9.1839
11.3436
10.2734
10.8653
10.6487
9.6677
11.3250
10.5425
11.5787
9.9955
10.2841
12.1308
10.0338
10.6352
10.0648
9.6893
11.1042
10.7618
9.9614
9.2299
10.2638
9.9877
11.2787
8.8766
10.6533
9.4666
10.2174
12.2094
10.1195
9.0552
14.0404
9.8941
9.0200
10.9997
8.8810
10.9008
10.1746
9.3044
10.9688
11.5302
9.8849
11.5949
11.1621
10.8736
10.8039
10.6015
10.9725
10.2437
10.6186
10.2644
10.9703
12.2915
10.6496
9.6891
8.7861
11.0754
9.4408
10.3268
11.5640
9.6388
11.0748
10.5149
9.1454
11.8802
10.4966
11.3809
12.6286
9.7330
12.0047
11.0911
10.8323
9.6588
9.7854
10.4549
11.3814
11.1461
11.0873
9.7715
8.6550
10.9715
10.4883
9.9902
11.4268
9.3360
11.4273
11.8032
11.7119
10.9778
12.3858
9.9069
10.3737
9.7328
10.3934
9.2057
12.3837
11.0966
11.7749
9.8316
9.5787
10.3364
10.9342
11.4982
10.8952
12.0017
12.4949
