0.8218
6.6938
6.5283
6.5584
6.6990
6.1596
6.7467
6.9229
6.7671
6.7399
7.0109
6.5456
6.9882
6.9019
6.9528
7.2988
7.0621
7.3192
7.0480
6.9732
7.1145
7.5285
7.1999
7.1802
7.1657
7.4083
7.2050
7.0469
7.2217
7.2185
7.2986
7.2366
7.5428
7.5139
7.3396
7.3006
7.4654
7.2250
7.3832
7.2601
7.1924
7.3303
7.3750
7.3874
7.3144
7.5920
7.3648
7.3252
7.4124
7.4469
7.4500
7.5596
7.4171
7.6412
7.4535
7.2653
7.2824
7.7720
7.5126
7.5195
7.3185
7.7768
7.8049
7.9421
7.7879
7.7349
7.6706
7.3376
7.7410
7.4018
7.5385
7.4327
7.6239
7.6105
7.3985
7.4236
7.9005
7.8281
7.7496
7.7071
7.7422
7.7839
7.8272
7.6097
7.3624
7.5239
7.7925
7.3523
7.7699
7.5424
7.7121
7.5990
7.6395
7.4238
7.6642
7.4589
7.6179
7.5708
7.5904
7.7358
7.6091
7.4437
7.6868
7.4635
7.4938
7.3931
7.5980
8.0167
7.2992
7.2852
7.4512
7.3561
7.5023
7.4450
7.5508
7.8898
7.6482
8.0379
7.7802
7.8761
7.7130
7.6990
7.5884
7.6752
7.7553
7.7383
7.6587
7.8351
7.5001
7.5536
7.5132
7.7509
7.8165
7.7140
7.8401
7.6100
7.9254
7.5704
7.3967
7.4437
7.6496
7.3830
7.7043
7.6566
7.3837
7.6015
7.4546
7.6524
7.6456
7.6873
8.0036
7.7112
7.6392
7.3897
7.6251
7.5230
7.4616
7.4218
7.5029
7.5639
7.6452
7.7648
7.4008
7.5569
7.5177
7.5353
7.5664
7.8105
7.5417
7.6272
7.5914
7.5092
7.6473
7.3855
7.4171
8.0071
7.7950
7.6127
7.5278
7.6166
7.8674
7.8617
7.9648
7.7843
8.1339
7.9528
7.7145
7.8825
8.0932
7.8335
8.0069
7.9427
8.1338
8.1278
7.9095
7.6896
7.7458
7.9573
7.5752
7.9611
