3.2793
4.2294
6.1430
6.6104
6.9486
5.5916
5.3737
6.7046
4.9869
5.3112
4.5201
4.7963
4.9167
4.2501
3.5707
4.4789
4.2394
4.7931
3.8382
3.8512
3.3583
4.4105
5.5151
4.3464
3.5024
3.6965
4.0207
3.7452
3.9008
4.5360
4.4045
4.1317
4.9948
3.7669
4.0800
3.9699
3.2724
3.4451
3.0727
3.5246
4.1948
3.3770
3.3402
3.7328
3.6951
3.4042
3.7679
3.4099
3.7537
3.2820
3.7801
3.7979
3.7043
4.0596
3.5704
3.6906
3.2960
3.2920
3.0868
3.2367
3.5877
3.4154
3.5037
3.5098
3.3094
3.2118
3.8391
2.8161
3.4982
3.3722
3.1636
2.9407
3.4924
2.9928
3.1141
2.8191
2.6673
4.1710
4.2530
2.8248
2.8877
3.0238
2.8147
3.5446
4.2121
4.5307
3.0143
3.1181
3.5575
3.5565
2.8925
2.9414
3.1309
2.8004
2.9807
3.6850
3.1060
3.0413
3.6889
3.5768
3.4849
2.8869
3.4528
3.0658
2.7880
3.2908
3.3854
3.8677
2.4174
3.2370
3.5611
3.6548
2.7445
3.4243
2.9929
3.4591
3.7375
2.3868
3.3974
4.4619
3.0264
3.8856
2.6580
2.9223
3.1759
3.0309
3.8222
2.7184
3.4619
2.5019
3.0076
2.7532
3.9917
3.4503
2.9525
3.1122
3.2804
3.5883
3.8115
4.1725
2.7740
3.2772
2.7707
3.4969
3.2042
2.8668
2.7497
2.9090
3.3419
2.9796
3.0952
3.1664
3.4233
4.1712
3.1701
4.4212
3.2854
3.3743
2.5468
2.5875
3.2652
2.9228
2.4842
4.4561
3.1899
2.7948
3.6815
4.1406
2.5609
3.1987
3.4226
3.3270
3.3467
2.7483
2.8607
3.6067
3.2119
2.4617
2.9241
4.4219
2.3096
3.6466
3.7067
3.3644
2.9300
3.3485
2.5465
2.5447
4.1533
3.4008
3.1861
2.2707
3.6769
3.1290
4.2296
3.2034
2.7457
3.0654
3.1283
3.3079
