3.3574
5.6048
6.3618
7.9568
6.0868
5.0814
5.7363
5.0889
4.4672
6.3067
5.2028
4.4470
5.0024
4.3750
4.2411
5.2391
3.4410
4.5101
4.1282
5.3170
3.3061
3.1512
3.0857
3.3943
3.9332
3.4679
4.9040
3.3143
2.9695
3.1281
3.9010
4.8456
3.8871
2.7554
2.9799
3.1037
3.0408
2.4459
2.9270
5.0740
3.3869
3.1546
3.6219
2.7402
2.6183
2.9895
2.9868
4.3618
4.8029
2.5538
2.4401
3.2401
2.5708
2.2695
3.1105
3.7129
2.3262
2.2849
2.3764
3.7375
4.4877
2.6432
2.5287
2.3210
2.1949
3.4423
2.4800
2.3613
2.4875
2.5089
3.7500
2.8238
2.4695
3.8705
2.3276
2.3652
2.6242
2.7756
2.3789
2.4407
2.4708
2.3108
2.9543
3.4998
2.3290
2.9262
2.7079
2.4770
3.3804
2.4902
3.2857
4.6489
2.8173
4.5538
2.7942
3.7707
3.8006
2.1429
2.1043
2.1572
2.4445
2.6494
3.5391
3.7404
2.6802
3.9249
2.2321
2.3186
3.6945
4.3642
2.0791
2.8658
3.0419
2.1326
2.8425
3.3806
2.6937
2.7342
2.6878
2.8282
2.2890
2.9417
2.7592
2.1983
2.7075
2.2573
2.1635
2.5456
2.6763
2.1171
2.4113
3.1255
2.5799
2.3587
3.1465
2.2027
2.0832
3.2465
3.3386
3.4842
2.2878
3.8223
2.4280
2.8684
2.7276
2.3589
3.4228
2.4320
2.5022
2.5589
2.2820
4.4386
2.6443
3.1266
2.2019
2.7355
2.1779
3.6416
3.0448
2.2141
2.1435
2.1962
3.1015
3.0325
2.1803
1.9397
2.3070
2.2501
2.1981
3.3494
2.3098
2.3017
2.2867
2.3058
2.1951
2.4951
4.2871
3.4955
2.8642
2.4566
2.2555
2.3999
2.9327
2.3946
2.2751
2.6281
2.1039
1.9783
2.2194
2.9712
2.1380
2.7747
2.1556
2.6309
2.7012
3.7686
2.0945
2.3216
2.1580
2.2674
