1.4763
2.3023
3.8177
6.5537
8.0997
10.4189
9.4198
11.5343
10.2169
11.3640
12.5712
11.5181
12.8769
12.3912
13.8419
12.4110
10.7622
12.7841
12.1177
12.5033
11.5686
11.5464
10.9227
11.5246
10.9758
11.9843
10.9579
13.1013
12.4134
11.9127
11.8562
11.2285
11.0771
14.4053
11.7568
11.0937
12.3619
11.9810
11.9637
11.5144
11.8051
12.0907
11.0612
11.8971
12.2742
11.3420
10.9963
11.7143
11.0142
12.0085
11.7589
11.2145
11.8025
11.7671
10.8866
10.9838
11.6465
11.6608
11.5618
11.7838
11.3824
11.2154
10.8523
11.1034
11.1942
12.2171
10.9383
11.6359
10.9083
12.0489
11.6095
11.1174
11.3722
11.0656
11.3677
10.8566
11.6644
11.0064
11.3109
10.8821
11.2767
12.4025
10.3686
11.8703
11.1321
10.4980
10.3525
11.5659
11.1020
11.2736
9.9626
11.0928
10.4605
10.9565
11.0681
11.2253
9.8033
10.1235
10.4406
10.5902
11.7128
11.0304
10.8686
9.9614
10.0372
11.0703
9.6427
10.7883
9.8586
10.5319
10.3502
10.0195
10.8019
10.7608
11.2156
10.4403
9.9845
10.9421
10.2795
10.3735
11.2347
9.8920
10.3993
9.7878
10.1301
9.8683
10.5871
10.4538
9.7861
9.9927
10.1410
10.7114
11.3428
9.4030
10.0364
10.4954
9.2695
9.6629
10.6153
10.0805
9.9999
9.5842
10.2899
10.0020
9.6618
9.9751
10.0121
9.9169
10.0345
9.7388
11.4408
10.3511
9.0233
9.8347
9.6821
9.4325
9.8290
10.7733
10.4874
10.9619
10.0589
10.0629
10.1954
9.5165
9.6535
9.7994
9.5482
9.7246
9.4797
10.7666
9.9076
10.1065
10.4916
9.6649
10.4971
8.0793
10.2882
10.4564
9.7871
10.1739
9.3897
9.6164
9.4293
9.5072
9.1333
9.7253
9.8607
10.6616
10.4777
9.4150
10.5316
9.6240
9.3905
10.2234
9.8273
10.1569
8.8461
9.7826
9.5732
10.3267
