3.0906
7.3899
9.1838
11.6355
12.7455
12.5405
13.4694
13.3302
15.1142
13.8013
14.4890
14.2344
15.1793
14.2201
14.3476
14.1395
14.5261
13.8272
11.8180
12.5556
13.6467
12.2858
12.1703
12.5851
12.7755
12.1532
12.6734
14.1723
13.1665
11.9405
12.4772
12.5337
11.9817
11.7147
11.7794
11.7913
11.7394
12.1958
11.5247
12.3616
11.5477
11.2684
11.2248
10.6123
11.9157
12.0683
10.1269
10.9335
11.6594
10.0205
10.3669
10.9347
11.6529
11.9357
10.4319
13.1241
8.7592
12.3992
11.5131
9.4596
11.1722
10.8477
10.0716
9.3925
9.5570
10.6713
9.7361
10.2938
11.0475
10.0540
9.3456
10.9968
8.8725
11.0935
10.9429
10.0220
10.7138
11.6185
9.8115
9.7364
11.7276
11.2808
10.3525
10.1238
9.7378
9.7029
10.4114
9.6958
9.2672
10.5461
10.1256
9.7656
10.4787
11.6734
11.8073
9.2069
10.6171
9.5118
10.3401
9.8670
8.9501
9.7511
9.3163
11.1068
11.1813
9.5134
10.3209
10.5753
9.4968
9.7927
9.1416
10.6417
8.9544
11.1416
11.4158
10.0534
9.6510
9.0310
8.8307
9.1842
9.8692
11.4409
9.9899
9.3934
7.7437
9.2306
9.0392
8.8156
9.1806
9.4933
9.9463
9.7624
9.7357
10.0804
9.6754
9.0311
11.1599
9.3638
10.0388
11.1714
8.6407
9.8270
10.3104
8.1354
10.9229
9.3098
8.7941
8.4941
10.7535
9.1664
7.8926
11.5733
10.6628
8.9624
8.9802
8.4018
11.1294
9.0260
8.4441
9.2072
10.5609
8.5713
9.0536
10.5031
7.5908
9.8434
8.0344
9.7998
9.3344
10.8858
9.2527
10.2037
9.7199
8.5794
9.3645
9.4909
9.6650
10.7677
10.8476
9.2534
8.6373
10.3585
7.8318
10.2100
9.3222
8.9533
9.7769
9.7357
8.4885
9.2120
8.7940
9.6767
9.9110
7.4779
9.2379
9.8499
10.2147
11.1944
9.1063
7.9589
