20.5784
8.8794
8.3036
7.5274
5.8968
6.8543
6.4456
6.5720
6.7013
7.5311
7.5414
6.0882
6.9470
5.8853
6.5774
6.6117
6.5199
6.1293
6.5251
5.7198
5.7741
6.4054
6.3601
5.9630
5.6355
6.8157
7.5838
6.6750
7.3705
6.9644
6.2410
4.4566
6.2186
6.9455
7.1579
5.7252
6.6888
5.6279
5.8204
6.0656
6.4742
7.2917
6.7885
5.6950
5.7303
5.6770
5.8246
5.8799
4.3952
6.6169
6.6974
5.4402
5.7830
6.7894
6.9361
6.3074
6.8645
4.6186
5.5374
7.1456
6.5666
6.5446
5.5365
4.9350
5.7591
6.1007
6.1275
5.3874
5.6858
5.7746
5.8134
8.0890
6.1163
6.8153
6.3175
6.4641
6.3547
6.2979
6.4704
6.8262
5.4028
6.1522
6.2997
5.6344
7.5078
5.6458
7.3588
6.4219
6.2417
6.0341
6.4128
7.3069
6.5573
5.6832
5.3453
5.7688
4.9649
6.6724
5.2910
5.7031
6.6047
5.1727
5.5834
6.2576
5.9321
5.6648
5.4953
5.7255
5.0494
5.3783
5.8850
5.4498
5.7889
5.4733
5.2013
5.8862
5.7497
6.5657
6.0854
5.5889
6.0518
6.0411
6.8454
5.3705
5.1609
6.0125
5.0508
6.0953
7.0985
5.6439
6.6020
5.9996
6.4612
5.6353
5.5709
6.0228
6.5914
7.3416
5.6330
6.6020
6.0582
7.1012
6.0041
5.9620
5.3672
6.8506
5.4845
6.0733
5.9059
6.7447
5.9800
6.5882
5.1268
7.7386
6.3246
6.6855
5.2817
7.2069
6.2290
6.7512
6.2490
5.9114
6.8120
7.0999
6.2777
5.9507
5.1822
7.4224
6.4626
5.5575
6.6609
7.0322
6.4848
7.1917
5.6278
5.3119
5.0710
5.7433
6.5148
6.0355
5.4750
5.5564
5.5213
5.6000
6.3390
5.5101
6.0576
4.8019
5.0254
6.8976
6.0066
5.0671
5.2279
6.1968
12.7843
5.7531
5.4294
5.9999
6.9681
5.6108
