12.5928
12.8941
15.5432
16.8312
14.1629
14.2545
13.7596
16.7451
15.1691
16.6845
18.2764
15.4479
16.3037
13.6808
14.2576
18.3017
16.5214
14.5784
17.6906
17.1125
14.4544
14.2697
13.7945
15.1536
15.2427
14.6264
18.0899
16.8392
16.9575
13.6540
16.3402
13.9503
16.4648
17.4022
14.1688
14.8592
16.4819
16.1030
15.8311
16.0346
16.6679
15.7342
18.8187
13.3084
15.2591
14.6057
18.4540
14.8504
14.9411
16.6952
16.4143
16.0213
13.9026
13.4511
16.0698
16.6033
15.4981
18.6906
16.8301
15.1950
13.8825
11.7947
16.3605
15.2188
16.0097
15.6947
16.5604
12.0035
19.3240
16.4286
17.1161
17.1347
17.7815
13.6785
15.0928
16.3645
13.7717
15.3395
14.5801
18.2035
14.6550
20.7848
15.8167
15.4084
16.3557
13.3008
14.7519
14.2628
16.7737
17.9015
14.3923
14.8132
15.9955
12.8466
16.7096
12.3281
13.8993
15.7222
14.7217
15.5304
15.4916
14.8999
16.2771
15.7608
11.2788
17.7341
15.8587
17.4534
17.7178
13.4051
15.5311
16.8944
17.8163
17.4696
15.1758
17.1862
14.8958
15.2089
16.1551
13.4119
15.2591
16.0660
14.0885
15.7975
17.1860
14.6787
16.8766
18.6034
16.7444
15.9035
15.5959
14.9028
18.7664
17.0807
15.2086
16.6572
17.5680
12.8137
16.7930
17.0453
16.7978
14.7166
16.6569
15.7200
13.4104
16.5911
18.1279
17.7394
14.0392
16.7885
15.6782
17.9013
14.4791
18.1250
15.9871
14.7231
16.8075
19.6180
15.6521
16.7872
17.4417
13.8311
16.4947
15.7213
17.1649
15.9438
16.0254
13.2602
13.2103
16.9592
17.9172
15.6861
15.8863
17.2494
16.2627
14.4656
14.4793
15.8357
13.2474
16.6166
14.8350
15.1565
15.2456
16.7165
12.4665
12.9967
14.1842
13.7319
13.2572
13.5576
15.7547
18.8284
14.5229
17.3441
14.6667
16.4217
16.3350
14.5869
14.8569
17.5717
