10.0376
8.6627
8.4296
8.6328
8.5418
8.9200
9.4122
9.7681
7.6268
8.7648
8.6378
8.5507
7.7702
8.2673
9.1017
8.4975
8.3776
11.1715
9.3756
9.5506
9.1698
10.0571
10.2484
11.2071
8.8779
9.1445
8.3618
8.3206
9.0959
8.4171
8.6826
8.4482
10.0177
8.1872
7.9308
9.1820
9.1120
9.4298
10.3926
8.5548
8.9970
8.4244
7.9736
10.0785
9.2339
8.3395
9.1286
9.1981
8.6358
8.0063
8.3424
8.8557
8.9186
9.6975
9.5341
8.2781
8.2205
9.5112
8.9447
9.3360
7.5820
8.1799
7.6350
9.2660
8.3656
8.6946
10.6836
8.4614
7.8887
8.6720
7.7729
10.6840
8.1135
9.6292
9.9345
9.1115
9.0315
9.0954
9.3974
9.5997
9.3784
7.6047
8.4813
8.3110
8.6153
9.2145
9.2245
8.8154
10.1695
8.4561
8.5774
9.3254
9.1185
9.0297
9.0145
8.8400
8.7439
8.6395
7.9910
8.8342
10.8583
9.3427
10.1793
9.6102
9.3395
9.0968
8.7396
11.3791
9.1697
9.7632
7.8224
8.7628
8.8430
8.1706
8.3049
9.2610
8.8806
8.2290
8.2522
9.0081
10.5557
11.3120
8.8581
8.6609
8.5348
8.2580
8.5007
9.2831
7.4202
8.9213
9.1327
9.0565
9.2907
8.3326
7.3942
10.2519
9.9725
7.6743
10.3589
8.2299
8.9458
9.1434
8.4277
9.8312
9.3195
8.4102
7.7954
8.2057
8.2052
8.7601
9.0731
7.6237
8.7988
8.1710
8.0170
8.0844
10.0226
9.3195
8.7613
8.1279
8.0060
9.8173
8.8872
9.2555
8.9797
8.0280
8.4768
10.1493
8.3538
9.7489
10.2329
9.5579
8.8529
9.2040
10.1842
7.5712
8.6995
10.1627
7.7546
8.8113
8.2711
8.8347
7.7343
8.8817
7.9343
8.6747
9.6594
8.1130
9.4008
7.1882
8.7484
9.9998
9.1220
8.5980
8.0679
9.3243
9.2000
8.5619
7.9625
9.5550
