2.5778
5.0346
8.8648
10.3221
12.5331
13.9500
13.3210
14.8838
15.0198
16.7653
15.6456
19.0163
16.6774
18.8364
19.0811
17.9892
19.5812
20.9771
19.6712
18.5555
18.0759
21.7929
16.3785
17.8431
19.3745
18.6685
22.5426
20.1906
18.6339
21.1620
23.9967
21.8285
21.1769
25.3405
23.9673
25.6837
19.0933
21.0134
24.2485
23.2607
23.5532
21.6314
22.6226
28.6963
26.6706
25.4002
25.4368
25.0784
27.0265
23.3835
22.3442
24.4913
20.7442
21.2493
18.2038
23.6618
23.4889
26.7594
25.8963
22.9544
23.4636
27.4056
26.7116
21.5511
28.2293
30.0192
20.4359
20.3912
25.6714
26.0395
27.5896
23.0410
24.5124
23.1399
26.8847
26.8776
26.2849
24.0793
23.2269
21.3056
29.8842
23.3510
29.4805
33.3930
27.8691
27.3234
27.5733
24.0871
27.6788
25.8642
30.5566
24.8634
30.3493
24.6254
30.0333
29.6501
27.8047
24.0595
29.9168
29.5815
27.0391
25.7182
29.4935
29.1741
27.3492
30.5946
33.4013
28.8963
27.0646
28.9296
32.2433
31.1345
24.0196
29.1313
26.4993
30.0364
30.8665
30.0492
27.7901
30.2148
32.3631
27.2239
30.3424
32.1045
36.5325
29.5714
28.1404
29.4884
33.6831
27.9117
26.4308
36.7960
32.5421
29.8114
34.4370
30.8846
36.4726
27.7349
37.1855
35.2883
36.4057
31.6906
34.9726
36.7865
35.0135
33.0384
32.1784
32.0505
44.1017
38.5831
34.4245
28.8124
33.9597
34.2423
38.6078
38.9172
38.3066
43.5586
31.4225
33.3668
31.4749
33.7233
33.8114
38.7213
28.6609
43.1027
34.7420
32.0548
42.0402
38.7959
37.8966
34.8823
40.9691
32.2871
39.6792
38.2624
35.7922
34.1758
34.9291
43.8754
32.2459
39.9601
37.1265
41.1313
33.8856
33.5713
33.6871
31.2586
44.5169
38.9591
38.4680
38.2244
40.2423
36.1144
31.5705
36.5090
35.3638
34.2145
43.4888
32.8428
