3.0069
3.7509
5.2107
6.4374
8.1664
8.5833
9.7399
9.0735
9.3833
9.3502
8.8848
9.1146
9.8495
8.4769
9.2673
8.1085
8.8833
9.1942
9.1866
9.0591
8.6792
8.1986
8.6141
8.0844
7.8354
8.2494
8.9936
7.6171
7.5501
8.4822
7.6768
7.8688
8.5348
8.4359
7.9220
8.7244
8.6669
8.7904
8.3656
7.6370
7.8775
7.4065
7.9224
6.0391
8.9117
7.1902
6.5353
7.6885
7.6436
7.0675
7.0836
7.0794
7.6821
8.2964
8.2496
7.5672
7.2895
6.0448
6.6170
6.9176
6.9331
6.5588
6.0749
8.2644
6.6802
7.2913
6.9435
7.0199
6.7888
6.9451
6.3243
7.0027
6.8940
6.8710
8.2405
8.6399
7.4549
7.3967
7.0564
7.2540
6.0719
6.5190
7.1307
7.8343
6.0215
6.6399
7.0547
5.7115
6.7903
7.2864
6.9407
6.4114
5.8578
7.2062
6.4115
6.2683
6.6317
5.6653
7.5881
6.7568
7.0016
6.0752
8.5074
6.6810
6.9652
6.4138
6.9590
6.1107
8.2885
7.0017
6.4690
6.5206
7.4264
6.5908
5.9003
6.7814
6.7884
7.1963
5.8056
6.3929
6.5693
7.7554
6.2743
6.7100
5.9651
6.1136
6.4785
6.4502
7.0517
5.9546
7.2174
5.7753
6.3428
6.3770
5.8387
6.2943
5.8890
6.4110
6.4495
6.8299
8.0191
6.0643
6.5893
4.9287
6.5026
7.3681
6.0679
5.9666
6.0429
5.7535
6.8606
6.2208
7.8110
7.6290
7.2175
8.1359
7.0199
6.7769
6.5070
5.5806
6.6810
5.5557
6.0749
6.6736
5.5818
5.7514
6.9318
6.9683
6.2984
7.1606
4.7390
6.4248
6.0072
6.3099
5.7486
5.8758
8.0130
5.5615
7.5404
5.6185
6.9801
6.0051
7.0102
5.7743
6.2197
6.8854
7.1950
5.6302
6.1294
6.2674
5.8508
6.2609
5.1396
6.3961
6.3752
6.4656
6.7101
6.9253
7.7236
5.5501
