5.1833
5.3831
8.5022
5.9127
6.4340
6.9946
6.6367
7.0070
8.4837
6.2139
8.5043
8.2090
8.1449
8.0084
8.9930
7.4774
8.4058
7.9603
9.4871
7.6066
9.1229
9.1525
8.6206
8.6079
13.7019
8.8126
8.8658
7.9475
10.1807
9.3494
11.3565
8.8280
14.2853
8.2350
9.8375
9.1157
10.1266
9.6967
10.5889
10.5541
9.2642
11.4808
10.9179
11.8565
9.9687
11.9053
10.8913
11.8608
10.8326
11.1667
10.3372
12.6347
9.5659
10.5110
10.9061
10.4596
10.6278
11.3441
11.5411
10.3394
10.3182
11.9432
13.3549
13.4797
10.9732
10.2483
11.9046
9.8850
16.3830
12.0921
10.9016
11.1529
14.2175
13.5981
13.2466
11.6177
15.4044
12.0948
13.7445
14.1381
14.9346
11.8632
12.4870
10.5708
12.1893
12.4412
13.6492
12.9887
14.2482
11.1355
15.0809
12.3021
13.7238
13.6235
15.7470
11.6153
12.2604
13.8699
13.7645
13.7055
13.5109
12.1497
14.8890
14.4632
17.1425
15.6570
14.1191
13.5795
14.4552
13.7188
15.3300
14.5638
16.5358
14.9211
19.0667
16.0171
15.8090
16.5943
16.0434
13.2252
14.4441
15.0425
17.6468
18.2752
17.6352
16.3000
18.6503
19.2918
19.7661
14.2084
15.1447
17.6460
16.6256
17.0337
16.4484
15.5325
19.5878
15.9653
15.1881
15.5251
18.4072
18.2314
14.8831
18.5291
17.9356
13.3403
14.5953
15.3215
16.1145
17.1977
16.1109
17.9150
15.9651
19.3471
15.6711
18.3655
18.0209
17.9601
16.3273
19.2708
18.4477
16.1937
19.7896
21.7180
20.5883
19.2666
20.0249
16.0526
21.4415
18.8799
18.9282
17.5125
19.8752
17.3664
17.0807
20.8725
17.8205
16.8882
17.4404
18.3717
18.1333
19.3479
22.6017
20.6308
18.8304
17.6968
20.6008
19.3960
24.1473
23.2930
18.6370
21.1990
24.0664
21.6927
19.2542
22.4726
24.4109
23.1667
20.0409
22.0998
