0.9388
6.9463
6.0764
5.3317
5.6404
5.1309
5.5999
5.5096
4.7423
5.0104
5.2173
5.1455
5.2752
5.8488
4.8126
5.2107
5.3697
4.7383
4.9544
4.6944
5.1070
5.3035
5.2274
4.7631
5.1444
4.8954
5.0108
5.5820
5.6293
5.7093
5.2258
5.3036
4.9236
5.4180
4.7795
5.6048
5.4432
5.6345
5.1069
4.5509
5.3830
5.3550
5.3709
4.5736
4.9404
4.8218
4.9118
4.8294
4.8966
5.0272
4.6964
4.8998
5.2785
4.8207
5.5730
5.0876
5.2170
4.8829
5.5330
5.0476
5.2114
4.8870
5.1294
5.1694
5.1307
4.9014
5.2336
5.0253
4.6956
5.0571
5.9577
4.7273
5.2857
4.7374
4.5718
4.5920
4.6317
5.1845
4.6511
5.3041
5.4164
5.3847
4.9398
4.8176
5.0048
4.9619
5.1345
5.2210
5.2177
5.0184
5.0849
4.9869
4.7506
4.9194
4.8220
5.1727
4.6339
4.7997
4.6984
5.4454
5.0778
4.7908
4.3827
4.9287
4.7956
4.9796
5.1414
4.9650
5.1386
5.0017
4.7692
4.7806
4.6547
4.9666
4.1833
5.5016
4.6910
4.8284
5.1019
4.7015
5.4202
4.7184
4.8639
4.4413
4.7096
5.0995
4.6641
4.9603
5.0662
5.0573
5.5209
5.3044
4.9176
4.7599
5.0124
5.8707
4.8608
4.8452
4.8560
4.6718
5.8240
5.4249
4.8425
5.1676
4.9453
5.5943
5.4596
4.9229
4.7456
4.8574
5.1606
5.4773
5.1010
4.5856
4.7236
5.1612
4.9999
5.9970
5.1771
4.8823
4.4580
4.9635
4.8473
5.1890
4.5668
5.0448
4.8015
5.0448
4.5208
5.1962
4.9025
5.2470
4.9154
5.3035
4.9384
5.6738
5.0599
4.6498
4.4688
4.8810
4.8012
4.6491
5.4030
4.8138
5.0971
4.8181
5.1501
5.4709
5.1980
4.5794
5.1194
4.7432
4.4652
5.1979
4.9816
4.9583
5.0883
5.8251
5.4798
4.7885
