1.2677
1.1564
2.4359
3.2480
3.9881
5.0618
5.4448
6.0346
5.9042
7.4889
5.7012
10.4968
6.5125
8.6413
9.2732
8.3330
6.2794
10.3450
9.1100
10.9673
11.3670
10.9379
11.0311
10.9865
11.1073
10.5119
10.9229
13.7933
12.4861
12.2594
12.2386
13.0295
11.4937
12.3910
9.2224
11.1646
16.0637
16.1608
12.1733
12.0069
13.6920
12.2781
14.3244
17.1100
13.6189
11.6900
16.7733
14.4781
14.1279
17.7986
14.0943
18.0144
17.0039
15.9638
14.3023
19.8893
13.9734
13.7539
15.9069
15.3345
14.9773
14.0021
16.6123
15.4563
15.0840
15.7183
14.2718
14.9778
14.9589
18.8163
18.9660
15.4560
14.6020
16.2772
20.9572
16.0427
14.1466
22.5432
17.6250
20.3195
19.5857
18.1622
18.6824
17.4046
20.2809
17.1334
18.7104
22.9467
16.3404
17.5907
16.6960
17.6702
18.3773
24.9982
21.3369
20.7055
21.9367
19.1362
18.6945
20.5333
20.9010
23.2842
19.4302
16.0992
19.8615
17.2894
20.4843
24.7000
22.6051
23.4695
24.8914
17.8190
25.8886
21.1395
20.3858
19.7511
19.5595
25.6658
22.9653
21.7075
20.9213
23.1560
23.5395
24.2188
20.5229
20.7710
23.5427
27.6022
29.0269
27.7054
23.3639
28.4788
24.2943
23.3508
26.5284
24.2570
22.9536
21.7005
26.4134
25.2283
23.0312
24.6838
29.4066
24.6025
25.1208
23.6039
26.0453
25.6283
30.1946
26.3042
26.0581
25.4235
23.2471
28.4049
22.0266
30.6402
22.3506
24.5309
26.7696
25.3530
23.8849
31.3001
28.3503
27.8110
27.5119
26.4710
23.0158
29.0486
22.2847
25.3673
27.2852
28.5900
32.0921
27.5497
28.2410
31.1634
27.3997
29.4453
32.0359
27.1535
27.9670
33.2564
26.0083
29.7499
25.5975
32.7960
28.5935
25.3402
28.1828
30.3746
32.2034
33.7339
23.3214
34.4236
31.9085
28.1631
37.8710
35.6912
30.3920
27.2594
