2.6394
3.3721
6.2720
8.3270
8.4780
8.2267
8.3553
8.3390
8.1699
13.0221
15.4419
21.7984
23.5951
22.4290
25.0609
24.5106
27.2673
27.1037
24.4558
25.0793
25.2311
25.3066
25.2611
25.5210
27.6815
26.6645
27.8800
26.2455
27.3759
25.5788
24.8058
28.0441
24.9629
26.0548
24.0147
26.6093
24.9204
26.2467
25.8224
28.1892
21.9183
24.4786
25.3596
23.5239
24.7212
27.2368
26.3735
26.2700
24.7613
25.6697
23.2373
28.2864
26.5405
27.4663
27.7806
25.1488
23.0278
25.3589
25.4112
24.7375
25.7055
26.9346
25.5690
26.1603
26.1865
23.3450
25.1732
25.3994
23.1849
25.1683
23.0228
24.8964
25.7281
27.1686
25.1115
24.0356
25.0716
25.8462
25.3542
25.1512
23.8259
24.2755
23.0388
24.1759
27.6238
25.1397
25.4481
24.7052
23.5041
24.2216
24.9337
23.5219
24.7463
26.2083
26.8579
23.4368
22.9902
24.1159
25.7975
21.8920
25.6785
23.9505
23.5958
22.7515
24.5792
23.8468
25.0100
24.1700
22.9809
23.6731
23.9621
23.8211
23.9544
26.1243
23.7664
23.2048
24.5455
24.3939
22.6366
23.7388
23.0500
23.7506
24.1515
24.3351
22.8370
22.6844
23.8188
24.5926
24.8731
23.9985
23.1652
24.3822
23.1062
24.3841
22.2667
23.9505
22.8072
22.7791
23.5096
22.6304
23.9067
25.2896
20.7355
22.1202
22.7326
22.8060
24.1121
22.8271
22.9315
22.5706
23.9906
22.5002
23.0802
22.5654
24.8244
23.5559
22.8510
23.0563
22.7705
22.7308
24.4573
24.1659
22.9295
21.9352
23.9402
24.1893
23.3035
23.2642
23.4282
24.4203
23.7055
23.5587
25.5519
26.1759
23.0015
23.1473
22.7102
23.0053
25.8845
23.8247
23.5621
24.4383
20.7489
22.7305
22.6566
23.2753
21.6278
21.7449
23.5491
24.8428
22.6875
22.0695
21.4918
24.0125
24.3179
23.8371
22.9296
20.6116
24.2599
22.8406
