3.1824
5.1099
7.4697
9.6621
10.2321
11.7547
12.3361
10.8275
10.0418
12.6778
11.1503
10.8520
12.7575
9.8841
10.9337
9.0355
10.3906
9.1527
8.1492
10.6541
8.7363
8.7382
10.5909
9.7073
9.4780
8.9567
8.6639
8.5993
9.3131
10.3050
8.3043
8.4262
8.6237
7.2190
7.9872
10.5816
4.9268
8.5635
6.9877
6.8461
6.5290
8.4760
8.3897
9.0802
11.5637
8.2850
8.0362
7.5528
9.9887
7.7556
6.6571
8.1246
9.2651
8.2261
6.0128
8.0571
7.2637
8.9467
8.8199
6.6205
6.6224
6.4602
7.1941
6.1700
7.4716
7.7541
7.8949
7.8833
7.8085
7.4445
7.7769
5.4222
8.2383
7.2773
6.6743
8.9612
7.3437
9.4492
7.8301
7.8199
5.6352
7.6746
6.8613
7.0459
6.3936
8.0924
6.2709
7.5067
7.1450
8.0187
7.4637
6.5002
8.1478
6.9464
6.0344
7.3715
7.5085
7.3994
6.6999
8.7176
7.1499
7.7559
5.7334
5.8402
8.1969
8.1160
6.7397
7.3394
8.2244
7.3846
7.5504
6.4690
7.2629
7.9634
8.1532
6.3319
5.1362
7.7569
7.5757
5.1883
5.3498
7.7599
7.5462
7.3037
5.8140
9.2322
5.2352
5.3178
6.2874
8.0610
4.6107
6.3846
6.6683
6.8747
5.7059
7.6832
7.1053
7.8600
6.2706
5.9817
6.1837
7.2569
8.1641
6.4091
9.1633
8.5236
6.9889
6.9007
6.8615
4.4078
7.4697
7.5426
7.0796
7.1140
7.1870
5.4412
7.0017
5.0917
4.5554
5.6595
9.3097
7.0926
8.3268
6.1450
7.8482
8.1577
8.2319
6.2170
6.9557
5.9343
7.4833
6.3662
6.5248
6.2513
8.5595
6.3341
5.3352
4.6162
7.8202
7.1618
5.3147
5.5757
6.9431
8.0417
7.6399
4.8410
6.1852
6.3407
7.2013
5.4931
6.6232
5.9486
6.5573
5.2625
6.4562
6.5987
7.3322
6.3797
7.4558
5.1565
