3.2793
5.6807
10.9695
9.6928
11.9388
11.8565
12.8610
11.4568
11.2292
11.3912
11.2268
10.3812
10.9310
11.6588
9.9424
7.7147
8.4431
10.5507
8.6578
9.0397
8.0257
7.5189
8.5887
8.0237
7.4320
8.8975
8.1935
6.0538
8.2163
6.4556
5.4899
8.1400
6.4704
7.0719
8.5266
6.5024
7.6962
6.8206
7.6951
6.2890
6.6913
5.6098
6.0741
8.0888
7.7639
7.4196
5.3465
5.4922
7.3776
6.9868
6.1286
7.0257
5.8103
6.8487
5.4938
5.5363
5.9764
5.6547
5.5785
6.1367
4.3082
4.9934
6.5901
6.9800
7.0616
5.3899
5.3184
4.9355
6.0245
5.0526
4.8645
6.2438
5.9102
5.4599
6.7883
4.9549
6.2669
6.9831
5.4779
5.7661
6.0087
5.4543
5.6602
5.9526
5.9908
5.6039
4.8281
5.5723
5.6386
6.5272
6.2701
4.7972
5.8072
5.9322
5.0094
4.8609
3.6761
4.2842
3.9792
4.7948
3.4036
2.7076
3.6496
3.0681
2.7193
3.0222
3.4149
4.4169
3.3720
4.0439
3.7018
4.2229
2.9875
4.9134
3.4626
4.7286
3.9474
2.7105
3.7006
5.4698
4.1175
4.9259
3.4335
4.4390
3.5380
3.7801
4.1668
3.3022
3.7391
2.5187
3.8647
4.1945
4.7163
3.4862
3.6760
3.1024
3.2124
4.4232
3.8120
4.9699
3.1530
3.1049
3.1582
3.4053
4.2182
2.7387
3.5843
4.2966
3.8341
2.7873
3.1762
3.4095
3.1937
4.5769
3.4242
5.2093
4.2842
3.6559
2.2507
2.5788
4.0207
3.0862
3.3582
5.9561
3.8336
3.4685
4.5169
3.8407
2.5415
2.8895
3.6067
3.5722
4.4200
2.8949
3.0942
2.6421
3.1516
2.4211
2.8556
4.5029
2.2956
3.9535
3.8431
3.4988
3.8052
3.9839
2.9063
2.8281
5.0968
4.4340
3.0717
2.3406
4.0598
3.8672
4.9459
3.1906
3.5616
3.1839
3.5393
4.2030
