16.3362
6.4459
5.4658
5.3262
4.6616
3.8386
4.4024
4.5527
4.1706
4.5834
4.0565
2.7670
4.6701
3.4928
3.9656
3.9431
4.1451
4.4875
3.2160
3.2283
4.6920
3.5450
3.7125
2.8786
3.3223
3.5881
4.2721
3.0961
3.0066
4.4286
3.9600
3.1304
3.4305
2.6986
3.7846
3.5589
3.7568
2.5053
3.7237
3.1386
3.2979
2.9906
3.8910
3.5567
2.4896
2.9481
2.6569
3.6793
2.9132
2.9245
3.0289
4.3143
3.5826
4.0232
2.3343
3.8134
2.7269
4.1159
2.4354
2.6620
3.0100
3.3393
2.8788
4.2626
2.8332
3.9508
2.8933
2.5446
3.6023
2.7406
3.1851
3.5598
3.0396
3.9616
3.3548
3.1301
2.9101
2.6956
4.0368
3.5176
3.7709
3.1997
3.0388
2.6324
3.2713
3.1767
2.7494
3.4052
2.7474
3.1359
3.9721
3.3816
4.8963
2.8685
3.4121
2.9473
3.0896
4.4791
2.8313
2.8223
2.6928
2.6827
3.1228
2.4871
5.2961
3.3742
3.2904
3.0590
2.6267
2.6201
3.3506
2.9528
2.6728
2.7452
2.8903
2.8691
3.2515
3.3079
3.4464
2.9528
3.6311
2.5561
3.2808
3.0331
2.8038
2.6305
2.3463
3.8359
4.1212
3.0105
2.7952
2.9051
4.0001
2.7912
3.1960
3.2550
3.1639
3.4863
2.1237
2.1198
3.2430
3.1989
3.0261
3.0571
3.0173
2.4777
2.7779
3.2656
3.4381
4.1140
3.4472
2.9754
2.9067
3.1038
2.7132
2.9598
2.8872
2.6690
3.0248
3.0875
3.5347
3.0163
4.6931
3.9068
3.0329
3.0960
2.8308
2.9061
2.5682
3.5262
2.4374
3.9564
2.7020
3.3593
3.1786
4.0532
2.4464
3.4049
3.0023
2.6430
3.6470
2.8982
3.2474
2.8618
3.3990
2.5015
2.4397
3.0999
3.4207
3.0496
3.3470
2.9390
3.4034
3.2245
3.4708
3.0148
3.0287
2.8670
2.8128
2.4908
