2.8883
4.4372
7.7560
9.8819
8.8289
6.4491
6.2087
6.4704
6.2552
5.7497
6.5896
7.7017
6.7340
7.7960
6.1642
7.6614
8.3757
6.0957
7.1524
7.1105
6.3410
6.9717
7.0296
7.1847
7.0424
7.5538
6.5781
6.6209
7.6411
8.2913
6.6307
6.2270
6.1819
6.8247
7.1528
6.7651
5.9609
5.9645
7.3519
6.3669
8.9804
8.2029
7.3568
8.3068
7.7048
7.3417
7.9920
7.0928
6.8858
6.6693
7.3006
8.1207
7.0430
6.8870
6.5466
7.4286
7.1531
7.6956
6.5035
7.3642
7.3267
7.4989
7.6040
8.1008
7.5508
8.3400
8.0916
6.3558
9.0740
7.3846
8.2634
9.7209
9.1937
8.2524
9.0514
7.4935
7.7036
8.1023
8.9231
9.3921
8.1141
8.1538
7.6660
8.3344
7.9086
8.0271
8.2887
9.9314
9.3858
8.7365
8.6330
8.5332
8.7169
8.6250
7.2602
7.5660
8.0285
8.7979
8.3111
7.0870
7.1142
7.8808
8.1805
7.0298
7.8048
6.5164
9.2510
8.6516
8.0537
8.5817
9.3586
9.1293
7.7174
10.1478
10.3358
10.0573
10.3496
8.9416
9.3666
9.1583
8.4897
9.2309
8.9200
9.0444
9.3582
9.2629
8.2938
9.1920
9.1756
10.3993
8.8181
9.9085
7.8482
9.1543
9.7191
9.4281
7.3363
8.6377
8.3515
8.6525
8.5419
8.4208
8.5034
9.1935
8.8190
10.2558
8.2438
9.1651
7.9310
9.2824
9.5150
10.4898
10.3137
10.3101
9.6097
8.8185
9.0731
8.5019
8.3720
9.8675
9.5488
10.0882
9.1022
10.5290
8.5242
8.9514
10.7154
9.4560
10.0921
10.5720
10.2397
7.2881
9.2934
9.2016
8.9307
8.8006
10.5369
10.9560
9.4480
9.2912
10.1259
9.1945
10.4436
8.5254
9.1644
12.0057
12.1904
11.0296
9.9358
10.2071
10.5954
10.4559
9.2890
8.8955
9.4198
11.0838
11.8730
9.7137
11.9624
9.6495
