1.8223
2.3193
3.8833
6.5050
7.3862
8.5652
10.5160
6.7525
6.7936
6.8336
6.3490
5.7089
5.1994
6.3782
6.7616
4.8467
5.9332
7.1179
6.5656
4.8522
7.0007
6.9623
6.6502
6.8887
5.2733
6.2236
5.9036
6.3364
7.2501
5.4277
4.4286
6.4417
5.5921
7.2957
6.1973
7.4755
5.9870
7.1595
4.8251
4.9500
7.1175
5.0932
5.7953
5.5671
4.2658
6.2355
5.6524
8.5575
8.3739
5.4745
7.4570
6.4428
5.9399
6.8342
5.4283
6.8630
5.2869
5.8334
5.8904
7.9663
4.9021
5.1954
3.8396
6.9366
6.1734
5.4767
6.9221
7.3812
5.9266
4.3511
7.1971
6.2400
4.2000
5.9660
5.4380
5.7147
6.5053
4.7149
6.5850
6.2079
6.5868
4.5997
6.0197
3.9486
5.2788
5.8843
5.7888
6.4282
9.9588
13.1984
14.4539
13.3320
13.7645
15.0716
15.8167
16.5149
15.9245
14.4571
17.1193
16.2432
16.2088
15.5075
17.4129
16.7686
17.0195
17.6889
16.8880
17.7663
18.1266
18.7722
18.3952
16.9628
19.5601
17.4840
16.9049
18.4423
17.0533
19.0269
17.6672
19.1892
17.9360
18.1397
16.8813
18.0810
19.9662
19.6999
17.8424
19.6074
17.7408
18.6568
18.8623
19.3687
19.7106
20.3387
16.5132
18.8369
18.9261
16.5992
18.7470
20.7241
18.8692
19.3964
19.1239
25.5580
20.4779
22.6028
18.3788
17.7721
20.1678
19.9402
18.5436
18.6979
18.3275
18.3182
20.7504
20.8367
18.7346
20.1684
18.9624
18.6358
18.1978
19.6363
19.6250
18.4970
18.8345
21.9540
20.7232
18.8343
20.7272
21.3459
20.1826
20.1990
18.8771
20.8808
21.3672
19.8032
21.2839
19.1475
20.7676
18.7011
22.6834
17.4621
21.8731
20.4051
19.8306
21.4129
20.0902
20.1241
19.6573
18.8662
20.2984
18.6984
18.0343
20.5629
22.2201
20.7619
18.8558
22.2990
20.0543
18.5975
