4.3739
2.8027
3.5030
5.9601
6.6447
6.3848
5.9518
5.7308
5.6357
7.2974
5.8816
5.4475
7.4622
5.5434
6.0513
6.6964
5.9297
9.3882
6.4492
8.6546
6.7985
5.5289
6.8474
5.9656
5.6764
6.6404
7.4029
6.2940
7.3039
6.7051
8.0285
6.2349
5.9341
6.9345
5.7523
5.5451
8.4667
6.3457
7.9248
5.5341
5.6294
6.7716
5.7380
5.1721
8.6789
6.5722
5.5392
5.8941
6.4390
5.3301
7.0172
6.7036
7.0810
6.6472
4.9652
6.3104
6.3946
6.4128
6.3960
5.2279
6.8114
5.4051
8.0819
5.7673
5.6976
6.8539
5.6102
6.2443
8.1710
6.0991
6.4491
6.3024
5.7709
5.5217
6.9230
6.3161
5.0784
6.1086
6.5324
4.9661
6.8028
6.6533
5.4274
5.7641
5.8493
6.3772
7.0822
7.0053
7.1417
9.8115
7.5512
5.0086
6.5873
7.1842
5.8077
7.3883
7.1414
5.6863
7.4410
6.4691
7.2597
7.9184
6.1275
6.8099
7.6077
7.9778
7.1795
6.6157
5.3189
7.2313
7.7732
6.5292
7.3727
6.2764
7.8215
7.1970
6.2032
6.3624
7.4556
6.3936
7.2880
5.6237
9.1426
8.5471
5.4118
7.0771
7.8766
6.0305
6.9663
6.7944
7.1171
8.1440
9.0669
6.3702
5.8032
5.8476
5.5213
5.9470
7.6560
6.7875
10.3647
7.0037
8.4350
7.0361
6.6024
6.5717
6.4974
6.9511
8.3048
6.7874
7.5757
6.3641
6.5770
7.5913
6.2172
6.4579
6.6587
8.1621
9.1285
6.7347
7.2267
8.2649
5.4458
6.6901
7.5875
9.1300
7.8254
8.7555
7.8223
6.7774
7.0164
6.9335
6.8548
6.2475
6.5895
7.3026
6.8442
5.5376
7.1724
6.3583
8.5222
7.0197
7.9575
8.1149
6.0409
6.8838
7.4795
10.1576
7.4071
6.5824
6.7203
6.8597
6.4838
10.3334
14.0070
7.3468
7.2306
6.6638
7.4326
7.3374
