13.1536
8.9516
8.2349
8.0684
6.4028
10.2027
8.0496
8.7460
9.4797
7.7060
7.2376
7.8960
8.0264
8.0497
7.8116
7.5200
8.3085
7.8654
9.1074
7.6397
9.1331
8.5780
6.8535
9.6976
9.2265
8.7152
8.0264
7.3785
9.2355
8.3910
7.8134
9.7942
8.2463
7.7655
10.0239
8.6333
10.2255
7.1300
7.8517
6.9660
8.3417
8.7883
7.3080
8.3102
9.0229
7.0536
10.4846
7.7586
7.7849
8.3393
7.6592
9.1282
7.3305
9.1830
9.5643
7.4603
8.6800
7.9009
8.0434
9.4620
9.1954
7.2051
7.9352
8.3804
8.4759
8.0487
8.1367
7.5781
7.9684
8.6782
7.1337
7.5239
9.7801
7.3941
7.7640
7.6839
8.4690
6.9432
8.1252
8.2380
8.5376
8.3058
7.3161
7.6026
9.4904
7.3179
8.0701
8.0253
8.1621
8.5763
8.1161
8.1751
8.4846
8.5681
6.9555
8.0996
9.3395
7.9587
7.8817
8.7591
6.9701
8.1862
7.4562
7.3420
7.3838
7.9634
8.3825
7.5417
9.0325
8.5603
8.0710
8.7701
7.3309
7.8077
7.9019
7.4219
7.9923
7.1536
6.8613
9.6371
8.3732
9.5778
9.1614
8.0201
9.4705
8.6954
8.3418
7.0756
7.6110
8.5196
9.9898
7.6466
7.8001
9.1676
9.4207
7.1311
7.6675
7.7243
7.8731
7.8430
8.2190
8.9324
7.3531
7.7014
8.3608
7.9438
7.9304
7.7621
7.6459
8.8767
7.4082
7.9761
9.0588
8.1936
9.3524
7.4999
7.6546
8.3434
8.7234
8.7790
7.2363
7.8217
8.6230
7.8215
8.6553
7.9238
6.9361
7.6921
8.2051
7.9007
7.6468
6.9481
6.8219
8.4310
7.4507
7.2969
8.6996
7.1824
9.4246
7.9550
7.1426
8.5091
8.4566
8.6676
8.5362
8.3006
7.3821
7.4464
8.2082
7.1558
7.5211
7.5394
7.7220
8.5854
8.8494
8.0024
7.8324
8.3442
7.1850
8.3802
