2.6663
5.5086
8.1009
9.8109
12.0454
13.2428
15.7032
14.6942
16.5585
14.5388
16.4824
18.1552
15.8966
18.8926
19.4426
20.2251
21.1112
19.9192
18.3393
19.2313
23.9033
21.1638
23.3028
24.5290
23.2507
19.9447
23.5073
23.2468
23.2124
23.5390
25.3208
26.9013
28.8300
23.1022
24.6607
23.6011
24.8467
27.9372
26.3526
22.5741
22.4470
27.4775
27.1107
25.3708
25.4829
24.4155
29.3088
25.3032
26.9013
30.3863
28.4033
29.0361
25.1466
25.9587
30.1460
31.5929
25.8996
28.3038
28.2312
27.7143
29.9997
35.5843
35.3842
24.9638
28.8691
31.6099
35.4051
31.8661
29.3561
31.7704
24.1907
28.8599
35.4515
35.2751
34.1763
30.1800
35.8193
28.5229
26.2436
32.2341
26.1293
31.2708
33.8662
33.6027
37.1239
31.6868
39.3898
36.4448
29.4948
34.2507
38.1041
31.8465
35.2882
34.2426
36.2305
37.7586
33.4618
41.1286
35.7595
32.7538
34.6790
34.1071
39.2319
41.8086
38.0622
36.3234
43.2739
30.4985
37.0383
42.2246
36.7521
41.8797
32.5254
29.2878
38.7713
36.9787
38.7036
39.7065
35.8333
38.8064
37.5351
37.8916
32.4479
36.0395
39.5479
33.3413
38.1834
42.1651
36.5367
39.7918
36.7904
38.4476
31.7389
33.6014
38.5105
42.9869
37.7199
32.1323
41.8136
34.9378
47.4041
43.3012
36.9702
52.9830
34.4685
45.2114
31.1052
38.2622
35.6785
42.8084
37.5257
45.5214
44.8754
33.9384
43.2012
40.8025
41.4652
38.1874
38.3408
32.5760
41.3909
34.0370
41.1421
40.1175
39.7457
33.2201
35.4481
37.7036
39.2324
54.8115
40.1838
41.0696
40.5564
31.1912
42.1726
44.6739
37.9579
41.3033
41.6584
54.0771
41.7999
38.6909
39.6857
38.2171
39.7643
44.1031
32.6854
39.8288
43.2187
34.5849
46.3237
39.3456
36.6523
40.7558
36.9484
42.4224
41.1410
36.7653
35.4164
44.2273
