3.6084
6.6264
10.6416
9.8119
9.8186
11.7312
11.4723
9.8426
9.0500
8.6351
8.3904
10.8749
11.2711
13.8295
14.4625
15.7641
12.8642
11.2557
11.6968
11.3575
12.4100
10.6658
10.6331
10.1596
10.4394
11.7327
14.1630
13.1140
12.3339
11.2735
10.7789
12.8001
12.7249
11.7717
12.9141
12.2629
10.8357
14.1392
11.4265
11.8797
13.3340
15.7107
14.3815
12.0141
11.5730
11.5802
13.6222
12.5644
11.4908
12.4046
12.6084
14.9256
10.9582
10.1865
10.1664
10.4477
12.1632
11.9764
11.6634
12.6675
13.4206
14.4035
16.3706
18.0693
16.5127
13.4464
12.9110
13.4416
11.8771
13.8690
12.0460
12.0338
11.0657
13.5330
11.5697
10.7496
9.2429
9.6988
10.3463
10.7802
10.8320
11.6052
11.4071
10.5520
10.3640
13.1082
13.6252
13.4492
11.3547
11.0696
18.7905
14.4450
11.9983
13.2205
11.8821
16.6351
18.9147
13.4257
14.4221
13.0345
13.5861
15.5494
12.5137
12.5068
11.6903
12.9133
11.9249
11.5653
12.8789
13.7069
16.4395
15.1312
11.7993
12.4230
10.5990
11.6259
13.9969
15.6453
16.3663
16.7894
12.4191
12.4835
14.3712
13.0829
12.9610
10.7530
12.3186
11.4169
12.4985
10.6889
10.6966
10.1349
13.8551
14.9365
13.9695
11.4835
10.7986
15.7136
18.0386
24.5052
22.8180
18.4418
15.3657
15.4161
14.2261
14.8788
16.8801
19.1690
14.9503
18.0023
12.6878
11.9267
11.9270
13.4089
14.6686
13.6351
12.7746
13.2555
15.3185
12.5288
12.8453
13.1102
10.8008
10.3280
10.9573
12.7194
13.4799
12.2188
12.6770
11.7481
11.0623
12.6826
12.3531
11.5262
12.2515
12.4615
12.8405
13.3288
13.1981
13.8806
13.7181
10.6194
11.1953
12.7039
16.5288
14.2889
19.1997
13.1924
13.3056
11.3335
11.5380
12.2479
12.9949
12.8418
11.3881
12.6142
15.0544
14.5968
12.9381
12.0537
