15.9231
7.8320
7.1355
6.5346
4.4764
4.7420
4.5965
5.2341
4.8159
4.3030
5.0459
4.0200
4.5376
2.9906
3.2276
4.2441
4.1053
4.9384
4.0388
4.0221
4.8823
4.0274
4.8480
3.8696
4.1428
4.2844
4.6469
3.6151
4.4825
4.2361
4.2585
4.6181
3.3750
3.3157
2.7240
3.5703
4.3671
3.4487
4.6395
6.1190
2.8149
3.3347
3.0067
5.0614
4.8407
4.2235
4.1354
3.2112
4.7550
3.3132
4.0863
2.8062
4.8916
4.4973
3.7179
4.8203
4.7057
4.3444
4.1636
5.1199
4.1149
3.4937
3.2400
4.4228
3.7837
4.3669
3.8184
3.5461
3.6928
3.6813
5.0712
4.4735
4.0631
4.1758
5.2274
4.9635
3.9706
3.6886
3.2808
2.9285
3.6553
4.8031
4.4990
3.7050
3.3298
3.7253
3.5212
11.5569
3.8943
3.3756
3.8793
3.7513
3.2329
3.4052
3.2588
3.6126
2.9032
4.0432
3.7790
2.9338
3.0574
2.6142
2.9237
3.7672
3.3639
3.5116
3.4179
3.1176
2.9909
3.8326
2.9444
4.4680
3.6049
3.6380
4.2960
4.4313
2.5767
3.9572
3.7603
3.0719
3.1466
3.8281
4.2290
5.7843
3.0518
3.3722
2.7231
3.4617
3.9871
3.9562
3.7329
3.2168
4.2885
3.3666
3.1430
4.0905
3.1520
3.2967
4.2355
3.2362
2.4704
3.2038
2.8688
3.7720
3.3065
3.5299
3.2116
3.7586
5.1226
4.8134
3.1616
3.2617
3.2548
3.2948
3.8711
3.4958
4.1528
3.9929
3.6727
3.4116
3.3444
2.8837
2.4280
3.4323
2.9380
3.0052
4.4479
3.6999
3.5641
3.4244
2.9384
2.9274
3.2455
3.7188
4.5049
4.2112
3.4220
3.3803
3.3411
4.9156
2.9019
3.6286
2.7748
2.8325
2.8738
3.3622
3.8304
4.0250
3.5728
3.7612
3.0782
2.5365
4.2635
3.5253
4.7349
2.7412
4.6811
2.9795
3.4549
2.8095
