1.8232
2.9642
4.9389
8.8574
7.8198
8.4154
7.7232
7.2350
9.1036
8.4919
10.1128
8.8862
8.0458
8.0960
6.4280
7.5744
8.5819
7.1632
7.0483
7.7449
8.4777
7.9320
7.6400
8.7951
7.5578
6.3349
8.1875
7.0187
7.6582
7.8702
6.7150
7.3439
7.5074
7.2489
7.9656
7.5053
6.7716
9.0888
8.3426
6.7977
6.8107
6.7259
7.4319
7.3482
7.8596
7.4626
8.0707
6.4084
7.7525
7.3447
8.6082
7.7648
7.1720
7.2789
6.6667
7.2650
7.6916
6.5057
7.2239
6.6977
8.9747
5.3919
6.6326
6.4932
5.5416
6.8622
8.7107
6.1648
6.3837
7.5245
7.3776
5.6663
6.9198
7.1269
6.8909
6.4803
6.7899
6.2766
6.5457
5.3661
7.1519
5.8391
6.5341
7.9128
5.5381
7.3214
6.4095
6.9244
6.4928
7.2053
7.1609
8.4073
7.1273
7.5664
6.8066
5.7150
5.6750
7.7883
6.8184
7.5174
7.4500
8.3456
7.4996
6.5509
7.5725
7.3559
6.7385
5.6907
7.7932
7.0168
6.7417
6.5952
6.3548
6.6498
5.6827
6.9384
7.2499
6.2829
6.9330
5.9435
8.6877
7.7429
6.1538
7.0457
6.2022
6.0399
6.2831
7.3092
5.8887
5.4633
7.6554
7.5746
6.4806
6.6001
5.3338
8.2369
8.2136
6.6492
7.7099
5.4609
7.2863
7.1630
5.1887
5.3308
6.8833
7.3971
7.1635
6.2952
7.2008
7.0249
6.1410
6.7258
7.1746
6.2633
7.7928
7.1606
6.0863
7.0625
6.6263
5.9587
7.6762
6.9147
6.7222
7.0937
5.8169
7.3825
7.8148
6.2678
6.2820
5.6792
4.8827
6.4036
5.5221
8.8390
5.9728
5.8161
6.2907
5.7081
5.6395
6.6197
6.9662
6.4918
6.0761
6.2975
7.8301
7.1454
6.8253
6.8033
6.4562
6.2678
5.2295
6.9558
6.6812
5.5433
5.6652
7.0950
6.6586
7.0835
8.1036
8.0519
