1.8758
16.1425
16.7881
16.9607
17.1649
18.6385
17.4626
17.8814
18.3427
18.3137
18.2729
19.7004
17.4868
18.3579
18.3487
18.3748
18.4667
17.7994
18.7122
19.1089
17.6739
18.7397
18.3354
18.3535
18.6330
19.4755
18.9120
18.7715
19.0784
17.5319
18.7088
18.3071
18.7905
18.4914
18.6635
19.1410
18.6101
19.1136
18.7735
18.9086
19.2711
18.9042
19.2207
19.5161
18.4441
18.6141
19.6120
19.2638
18.4622
19.5096
18.8818
18.8837
19.2033
19.0940
18.7746
18.7467
18.6807
18.6336
17.4850
18.9486
18.4705
19.4531
18.5044
19.0607
18.7893
18.8578
18.9195
18.8034
18.8826
19.1717
19.1617
18.9819
19.1556
19.6261
18.8757
18.8957
18.6680
18.5513
18.5883
19.2325
19.3869
19.4646
17.7965
18.3317
19.1226
19.0323
19.5069
19.2980
19.5533
19.0496
19.6944
18.8270
18.8054
19.1878
19.2766
19.2062
20.1690
19.3857
19.5581
18.9239
19.3893
19.4926
18.8012
18.3158
19.8656
18.7593
19.5437
18.2024
18.6567
19.1651
18.8846
18.5895
19.0508
19.2113
19.2726
19.4828
18.6710
19.3224
19.0076
19.2889
18.1880
18.7121
19.0733
18.5192
20.0394
19.6469
20.1903
19.5431
19.3440
19.3278
18.8900
19.0318
18.1187
18.5114
19.1737
18.4886
19.2144
18.9054
18.8195
19.5653
19.6658
19.5663
18.5063
19.2620
18.9792
18.7952
18.7002
19.3595
19.8164
18.9525
18.9466
18.9931
19.3709
19.1033
18.2538
19.2747
19.4201
18.4197
19.4957
18.9877
19.9478
18.9236
18.9239
19.2401
18.9144
19.2542
19.1365
18.8053
18.3769
18.7872
18.9278
19.3708
18.7617
19.2422
20.0844
18.9447
18.6998
19.6219
18.7200
18.4510
18.5509
19.1986
19.1590
19.1438
18.6803
18.9730
18.8404
18.5852
18.5275
18.8829
18.5975
19.1610
19.7414
18.4284
19.2524
18.9442
19.7885
18.7024
18.7037
18.7825
