3.0054
4.8451
5.3815
6.6815
8.2278
6.0149
6.7601
8.3207
8.7118
7.9876
8.8428
11.6131
9.1210
11.0410
9.9097
8.3353
10.5420
11.6137
11.4005
11.0828
13.5105
12.3053
10.4982
8.6617
11.2556
9.5881
11.8232
10.8810
12.2987
10.9422
11.2954
12.2812
10.6711
11.3790
13.5084
11.0532
11.1605
13.3080
12.6817
14.6634
13.6319
14.2328
11.2828
11.9710
12.1812
14.4327
11.5651
13.4400
15.1278
14.7089
13.9586
13.1821
14.6683
14.5606
12.5707
15.5691
13.5181
15.2990
13.2494
14.2943
14.5185
14.3863
15.0939
12.8423
12.0411
15.7394
17.9184
12.6902
15.9171
12.9732
18.0874
12.8556
18.7737
15.1086
16.7845
14.6904
14.6717
15.6819
13.5096
12.1812
19.0843
16.3572
16.0768
15.3354
16.1213
18.3750
14.3760
17.4661
16.5284
16.7984
14.3178
17.3061
19.3711
13.6144
12.7071
16.5007
20.9717
19.1442
13.2626
17.9611
16.2851
17.2681
15.3981
12.7950
15.5393
12.1527
15.2277
15.5722
15.0803
14.6620
14.5152
16.1312
17.5474
15.2371
16.9944
19.0261
13.3603
18.3299
19.0164
16.1466
19.9650
16.6804
15.9875
17.9768
15.1798
16.7150
17.5032
16.3994
15.3996
24.1045
15.5884
16.9920
19.0137
15.1793
19.4868
19.7952
17.7310
15.8803
14.7184
17.2595
18.1962
12.1499
16.4068
16.8948
20.4237
15.8906
17.0511
19.4349
18.6553
20.7166
19.8017
19.3302
19.0971
18.1526
15.6157
17.0343
19.3668
18.0887
16.2932
15.4540
17.0553
14.9907
18.4636
18.8154
20.6830
17.4087
16.3632
20.8249
17.9867
18.4576
19.8875
19.1684
20.8708
14.2465
18.9130
18.3838
16.9462
20.6794
22.1028
20.4410
17.2555
21.8087
20.1597
15.9027
21.0378
16.8669
19.1485
24.7997
19.8532
17.9726
19.5076
22.0393
18.0741
17.3970
21.0837
18.5204
22.4483
21.3427
21.2898
18.2303
