2.4517
5.4378
7.8863
10.9252
12.1968
11.6906
11.4706
15.3209
15.0173
11.0226
12.1795
10.1392
12.7094
11.5601
11.3788
12.6964
10.8430
11.6897
11.0089
13.3864
10.6645
7.6417
11.8624
8.6616
10.3606
11.6788
10.9773
12.2340
8.0844
13.0527
8.9765
10.7879
6.3774
9.0219
10.7320
8.7568
7.9734
6.7853
7.7247
8.1154
8.4448
8.7150
11.5415
10.7047
12.1430
9.3492
7.3936
9.8758
8.7836
10.0261
9.7438
10.0638
8.4300
8.0657
7.8902
10.6946
6.5634
7.0833
6.4084
9.3935
7.3742
10.5156
9.4151
8.3843
8.2648
7.7243
10.0056
8.4762
6.6991
8.7492
7.1178
7.0696
11.7564
6.3277
9.2908
7.7146
5.2026
7.7748
5.2987
6.4185
6.2950
4.5255
6.5784
6.8304
7.4175
8.4002
5.9494
6.4618
9.7544
8.0911
5.6907
4.8077
8.2936
5.4575
5.8129
7.4255
7.8844
6.6618
8.0494
5.6601
6.3754
9.4526
6.6568
9.8360
9.8924
8.5346
8.3178
8.8313
6.9335
7.8253
5.5745
8.0721
8.4877
6.2657
4.9154
7.9238
5.9134
8.2974
8.8889
8.7415
6.4527
5.4771
5.3533
8.8430
8.5856
7.5764
8.4815
7.4375
4.3667
5.7075
4.9334
6.1595
5.3014
8.6248
6.8696
5.9623
3.6949
8.8028
7.4617
6.2285
5.2556
6.4961
5.0528
5.4391
6.8930
6.8031
6.4987
8.0520
7.1336
4.8447
5.8267
4.9696
8.1923
6.0492
5.4318
7.4494
4.8366
5.8167
6.2107
5.6453
5.2960
6.7870
7.0933
7.4781
7.6198
4.8710
9.4514
4.9235
5.8512
4.9789
4.8245
9.3620
4.8436
5.3729
6.5504
6.1310
6.0590
7.8283
4.3609
6.6429
7.0197
6.8115
6.6982
4.2031
5.3328
5.4048
5.8140
4.8422
8.0633
4.6358
6.3283
5.2303
6.6553
7.4477
6.9156
6.3478
6.2446
5.9061
7.9378
4.9885
