8.1199
8.4114
9.0220
8.0890
9.0814
7.6874
7.5909
7.0564
8.9080
8.2072
7.9746
7.9079
7.1778
8.6024
8.0553
7.2686
8.7520
7.9179
7.6690
8.1085
8.1997
8.2909
8.1267
8.0556
7.7900
8.3822
7.5883
8.0274
9.3815
7.3576
8.6199
7.7491
9.0745
8.2581
8.5985
8.0887
8.7636
8.1828
7.7642
8.9982
7.7311
7.2030
8.4371
8.1916
8.3834
8.5232
7.7279
6.6911
7.5832
7.6363
7.3656
9.0055
8.7023
8.1972
7.7476
8.3361
7.6758
8.5084
7.1798
8.2530
7.9157
8.1734
7.0707
8.0762
7.8377
8.5763
8.4659
8.6700
7.7229
7.9835
8.5943
9.1204
8.3511
7.6940
8.0385
7.3478
8.6310
7.9213
7.2178
8.3144
7.1510
8.2687
7.7109
7.4778
8.3736
7.5325
8.8461
8.7946
7.5687
9.0705
7.0276
8.0711
9.1589
8.4070
7.5095
6.9156
8.3109
8.6036
7.2530
8.0259
7.9165
8.0456
7.5176
6.5433
7.9922
8.1857
7.9582
8.1000
10.2267
8.3995
7.3522
7.2215
9.3761
7.5175
8.0088
6.9571
7.7899
9.0955
7.7303
7.6574
7.8142
6.9663
8.0041
8.2368
6.8758
9.7909
7.0267
9.3479
8.0159
7.4809
6.9824
6.8531
7.6037
7.3196
8.8369
7.5855
8.2460
7.7422
7.2800
9.7594
8.0280
8.2106
8.0331
7.9856
8.8966
8.0557
6.7093
8.6527
7.1285
7.9313
7.3042
8.2463
7.7386
8.1045
7.5298
8.0479
7.5016
8.0021
7.9324
8.4015
8.1213
8.3764
8.2959
7.0189
7.2389
8.1461
6.5398
7.0536
7.9542
8.4630
7.5304
8.1861
7.1396
9.1325
10.0759
9.4254
7.7264
7.7954
7.9603
7.4308
8.3322
7.7058
7.7079
8.7454
7.5502
8.5815
7.2511
8.0353
8.6116
8.4217
8.1652
8.5897
8.4229
9.1860
7.0171
6.7406
7.1318
7.9307
8.0512
8.3655
