4.5563
6.0521
8.7435
11.7290
14.2379
14.1169
6.9172
9.4107
10.1008
11.6618
13.0149
12.2334
14.1862
11.0070
11.2041
11.0166
12.0080
13.5291
16.0911
13.9532
13.1768
13.3689
11.5667
12.6504
12.9778
12.3631
11.4505
9.9455
10.8188
12.0057
13.0360
15.1886
10.9003
12.1734
9.5623
11.4388
12.7407
13.4758
13.0741
12.1029
14.0858
12.5087
13.2610
16.9509
13.1723
10.5499
11.9681
11.0709
11.9602
11.3431
12.7136
13.6656
12.3818
12.0786
12.3420
11.9770
12.1991
11.4606
13.2034
10.1815
10.3465
11.7207
16.8470
14.2456
11.7796
10.9767
13.6361
17.0111
16.6412
14.2411
12.2407
8.9409
9.2618
10.6403
10.6037
12.3911
13.6900
13.6778
10.8349
9.8202
9.8058
9.0782
11.2556
13.1787
14.4578
12.9217
15.2318
12.1592
12.0265
11.0779
11.6345
11.5521
11.3949
11.6690
12.4052
12.0389
10.1308
9.9863
10.7031
11.7174
12.1237
11.8357
15.5480
13.6099
10.7116
10.9743
11.9869
11.9343
11.9696
14.9172
14.5746
15.2781
15.1135
14.1459
13.3786
12.1720
10.2174
11.0490
12.4236
11.0337
9.9904
10.9643
12.4268
12.3336
14.1511
10.7472
13.2192
11.4628
10.6937
12.2543
11.8604
11.3687
16.1430
18.6198
14.6071
14.2741
12.1071
12.1772
11.5085
11.4310
10.8406
12.3210
14.7198
15.5346
12.8760
10.9935
12.8994
11.7142
12.1010
11.7941
11.6111
11.9459
10.4026
11.0954
11.2104
10.9420
10.6100
10.4121
10.9205
13.5107
11.6429
14.9404
13.6774
10.5610
11.9578
12.4037
11.0718
10.9574
13.4400
11.2249
11.4024
11.6285
13.2212
12.8095
14.8407
11.1883
11.1375
12.9407
12.3034
13.5984
11.4560
10.3182
10.3078
11.1690
10.6653
12.5312
14.2275
13.5746
11.7960
14.7628
16.4729
13.6507
11.5941
10.7554
11.4425
12.8035
10.9247
11.3341
10.7654
13.4734
