2.2575
3.6791
4.5590
3.6467
2.5784
2.3351
2.2892
1.6842
2.0594
1.7424
2.1333
2.8055
2.0167
1.8076
3.6192
1.7861
2.2911
2.3741
2.2096
1.9434
1.9719
1.5946
1.8049
1.7252
1.6108
1.9642
2.0590
2.5020
2.3170
1.9614
1.6801
2.5032
2.3253
1.7275
2.5834
2.6090
2.7145
1.7241
1.7942
1.5449
1.9687
1.4395
1.0975
1.4000
1.5806
1.6629
2.3970
1.0268
1.6096
2.8209
1.4288
1.9052
2.3295
0.9692
3.1636
1.3299
1.7182
1.8564
2.1712
1.7738
1.3538
2.1535
1.0431
1.9278
1.7361
1.9407
1.6452
1.1051
1.9255
1.0164
1.6312
1.2693
1.2243
1.6598
1.3015
1.4400
2.1991
1.1263
1.9279
1.0699
2.2147
1.7939
2.0262
0.9933
2.1211
1.2679
2.2732
1.5713
1.6267
0.9667
3.1051
2.0369
2.2341
1.4676
1.4429
0.7514
0.6452
1.8022
1.1986
0.7763
1.9072
1.8298
0.8945
1.4068
1.6493
0.9806
1.8789
1.8694
1.7022
1.1276
1.6182
1.2689
1.8693
1.3854
1.0003
2.5992
0.9768
0.8972
1.5690
2.5234
2.0649
1.5338
1.8303
1.8285
1.2125
1.7753
1.1175
1.7495
1.0946
1.6301
2.2056
1.4597
1.9213
2.1853
1.1190
1.0418
1.9402
0.8779
1.0132
1.2507
1.5410
1.3368
0.8140
0.9629
1.4988
1.0572
1.6316
2.0273
1.2106
1.2036
1.2372
1.3918
1.4800
2.5629
1.1419
2.0563
1.5090
1.8180
3.1732
1.1059
1.9653
1.1049
1.0557
1.5664
1.1102
1.0574
3.5358
2.3858
1.0755
1.7206
1.4243
2.0244
0.9108
0.9350
1.1317
1.2417
1.1297
1.9445
1.1080
1.7565
1.4982
1.5740
1.8231
1.3763
1.3640
0.9729
1.1094
1.1582
1.6596
0.9595
1.3454
0.9175
2.9860
2.3049
1.0063
1.1330
1.9688
1.3451
1.0903
1.4071
