17.4886
4.2139
3.6133
2.8898
2.7006
2.8574
4.4624
3.4081
2.4586
2.5737
2.1681
1.6224
3.2666
2.2959
2.8697
1.9765
2.6517
2.0032
2.1585
2.5463
2.2519
1.7932
2.7067
2.2578
2.1874
2.4836
2.1413
2.0077
1.6462
1.5831
1.7859
2.0427
1.6608
2.6144
2.0994
1.7740
1.5406
2.0181
1.9781
1.9680
1.0762
1.5959
1.4462
2.8181
2.8590
1.8332
1.9079
1.5066
1.4857
1.7024
1.9708
1.5886
1.4047
1.5418
1.3347
1.4267
2.1537
1.2680
1.9865
1.5336
1.9528
2.7207
1.6864
2.6941
1.9503
2.7438
2.5743
1.4839
0.9854
1.1104
1.7153
1.9812
1.3473
2.3210
1.4380
1.0468
0.9094
1.9627
1.6302
1.4453
1.7413
3.2974
1.8470
1.6787
1.2213
2.5319
2.4188
1.4389
1.1839
1.3151
0.9849
1.0244
1.0731
1.6796
1.1376
1.2007
1.4461
1.8231
3.2557
1.1994
1.1556
1.3945
1.1698
2.1603
1.5962
1.3414
1.4331
1.2850
1.4460
2.0101
2.2337
1.4307
1.8730
1.7901
1.4021
2.2129
1.6209
2.6266
1.8066
2.8596
1.2718
1.5453
1.4565
1.4833
1.5347
1.7058
2.6650
1.5646
2.5451
1.9637
1.0711
1.5580
3.0402
1.7722
1.3497
1.6220
1.9888
1.6853
0.8810
2.1712
1.0916
1.9695
1.4769
1.5733
2.0513
1.4850
1.4370
1.8317
1.3421
1.9076
0.9820
1.5196
1.4121
2.2583
1.4588
1.9801
3.2554
2.0469
1.3908
2.3379
1.8248
1.5688
1.1778
1.8594
2.1786
2.8543
1.6691
1.5671
1.0221
2.0774
1.6277
1.6472
2.0938
0.8950
2.8352
2.0085
2.2344
1.0667
1.7029
1.5461
2.4452
1.8596
2.4399
1.7807
0.9090
2.0465
2.3421
2.9599
3.4953
1.8319
1.6100
1.8683
1.7750
1.5417
1.6415
1.7249
2.3352
1.3873
1.2426
1.8287
