2.6394
3.5584
5.7918
7.9062
8.9759
10.2483
12.8294
15.5963
17.2009
15.2703
17.4660
14.5458
17.1600
17.2747
16.7265
15.0538
19.8611
15.1797
17.3503
17.3926
17.5690
18.0969
17.3075
17.0101
19.6491
15.9985
15.9113
17.0644
17.1723
17.9269
18.3551
18.2133
16.5207
18.7135
19.6313
16.0299
17.1050
19.1603
17.9639
17.3752
19.5388
17.8949
16.9103
21.7342
16.3911
17.3189
18.0890
19.2522
14.3572
18.3019
15.8407
17.1514
17.2632
16.2258
16.3641
19.1957
16.1533
17.5876
19.6002
17.4982
20.8025
17.3392
17.2474
18.1713
16.8043
17.7249
16.3447
15.7570
17.8259
16.5235
15.0234
17.5083
18.9571
19.1100
18.1871
17.5112
18.6327
17.6520
16.4505
18.2166
16.7850
17.1795
15.7081
16.4855
16.7155
15.4896
15.7739
17.5982
17.8276
17.2290
17.1071
15.8347
17.4376
16.3652
17.3157
17.5909
17.9975
15.9810
18.2436
16.6022
16.3841
16.4817
16.2454
18.6224
18.5978
17.4095
18.5741
16.1301
17.5707
17.2741
16.2356
17.0007
17.1334
17.1648
15.9481
15.5504
15.1057
15.3510
17.4882
16.7506
17.5485
16.8707
15.2983
15.9996
15.7910
15.9790
17.0003
15.6724
15.2410
18.3366
15.8344
16.5701
18.4310
15.6985
17.7961
16.6923
15.1214
16.5357
17.5185
18.1991
16.5240
17.2594
15.8791
16.0974
16.0484
16.4368
15.7093
15.0806
15.5798
15.1640
16.2680
16.2208
16.3851
18.3743
15.1171
15.8474
16.4195
15.6799
15.8663
15.7264
17.6811
14.9477
15.9128
17.0304
17.3591
16.5036
16.9629
16.4208
15.0535
16.0517
16.4528
17.1613
15.4207
15.8995
16.8674
15.8744
17.4667
16.9707
17.0210
15.7846
16.3566
18.1054
15.4305
15.2699
15.4384
16.4636
15.6469
15.7610
15.1778
16.0618
15.4957
16.1108
15.8847
16.5215
14.8321
14.1943
15.8187
17.5973
17.6556
17.5431
