2.5249
3.6226
5.2371
7.5237
6.6572
6.4279
6.4672
4.9312
4.6507
5.3907
4.9800
5.5081
5.8368
5.1045
5.3027
5.5332
5.3133
5.3604
4.6038
4.6821
5.2221
5.2644
4.5081
5.0455
4.8623
4.8647
5.6763
5.1264
4.7128
5.0317
5.2559
4.2937
3.7953
4.9033
4.2313
4.5116
4.3499
4.2326
4.6369
4.7027
3.8076
4.6985
3.9942
3.9641
5.4640
4.7155
4.0695
5.4070
3.9883
5.6727
3.9003
3.6757
3.6888
4.6992
3.9109
4.2554
3.7158
3.8462
4.9396
3.8706
4.0532
4.2878
3.7612
4.0458
4.5009
3.2724
3.7127
4.5182
3.9793
3.7477
3.7097
3.5007
3.6828
5.2603
3.4555
3.3808
3.2818
4.2296
4.2678
3.5791
3.5758
3.5968
2.8557
3.7977
3.4464
3.7849
3.5108
3.3466
3.9885
3.9385
3.7449
4.1468
3.8213
4.1438
3.5164
3.5580
3.3786
3.4352
3.5443
2.7052
3.8409
3.8784
3.6201
3.3470
3.6428
3.7298
3.5774
4.0781
5.2067
3.7439
3.4421
3.0780
2.8452
3.2896
3.4833
3.5429
2.9566
3.4513
3.2734
3.3127
3.5444
4.7549
3.3554
3.4590
3.4982
3.7136
4.0278
3.1127
3.7209
3.6490
2.7268
3.5577
3.5642
3.6316
3.7467
3.6744
3.2648
3.7386
3.3849
4.8504
4.0422
3.1250
3.1259
3.3230
4.4073
2.8520
3.3320
3.6489
2.9885
3.6935
3.4191
3.4390
3.4376
3.4306
3.0524
2.9107
3.1692
3.5889
3.7662
3.2542
3.4864
4.3500
3.1479
2.8173
3.5857
4.2378
3.3290
3.9698
4.8242
3.0959
3.4927
3.2969
3.1566
2.8553
3.7900
3.5999
3.0013
2.9998
2.9370
3.8952
3.3090
2.7140
3.0692
3.6172
2.8065
3.2236
4.2641
2.8684
4.0058
3.7058
2.8872
3.1478
3.0168
3.0394
3.3689
3.0007
3.2520
4.5000
3.0464
3.6434
