4.2424
4.4311
6.4863
8.6749
9.3875
9.7271
10.3173
8.3999
8.1108
8.3647
8.9699
10.4553
10.3492
10.0376
9.9788
9.9222
11.5853
11.1398
11.4770
11.7417
13.5370
13.3219
12.7299
12.3055
11.5156
11.5945
11.0811
11.4797
12.3182
12.7105
13.4757
13.1758
11.1739
12.9396
12.8625
11.7963
12.0006
11.4158
10.4562
11.0072
11.8146
11.4350
11.8595
11.2125
12.0915
10.8944
13.7722
12.2367
11.7206
12.3124
11.6112
11.1500
12.6587
13.5550
13.1482
11.1149
11.2979
12.6626
11.9623
12.8957
14.1700
14.6168
12.1804
12.0654
13.1786
14.8468
15.0662
14.0154
11.9744
13.5014
16.6929
14.7526
14.9620
13.7952
13.9853
17.2006
15.3671
15.5071
14.0529
12.8899
14.7677
13.4973
12.5744
11.3443
11.4727
13.1875
15.1842
11.1196
12.6034
14.9688
13.2599
13.2214
13.4761
15.0607
12.7996
14.6602
15.8540
12.3646
13.0232
13.5317
11.8293
10.5155
11.7820
12.3405
11.5380
13.1881
13.5854
12.9954
12.4416
11.7268
13.1662
12.4550
13.8399
12.7484
11.3146
12.2064
11.6229
12.9446
14.2842
12.4949
12.2685
11.7234
13.4786
13.4604
11.4673
11.9473
12.5976
12.1267
12.9547
12.8243
12.9821
13.4709
13.4904
11.7830
12.2662
11.8377
13.4274
13.5206
14.7551
14.4479
14.3958
13.1471
12.2894
12.9245
13.3428
13.1311
13.2002
11.6604
12.8821
16.7721
15.3108
13.5174
13.3312
14.3756
15.4090
16.9527
15.0431
13.8932
12.9797
11.9636
13.8677
13.5173
14.8835
12.0757
11.7748
12.6163
13.5164
12.7199
14.3539
11.7167
14.7744
13.9719
14.2886
11.1898
11.1614
13.1209
11.3056
14.2095
12.0946
10.2803
9.7990
11.0478
12.9423
16.4150
18.3973
16.8642
15.2464
13.5124
15.8751
14.0763
12.5580
14.5919
13.6189
15.3678
15.7408
15.6634
14.2828
14.7906
15.0828
14.8523
