19.2244
19.4831
18.9024
19.6035
17.3713
20.5060
17.9696
17.5924
19.6489
18.6078
19.2599
19.4436
19.0836
20.7330
20.3029
18.6336
17.6341
19.6914
19.0689
20.7012
16.5786
18.9067
19.9460
17.7296
19.9407
17.8121
18.3537
19.3366
18.3891
18.9752
17.9278
19.0260
17.7879
17.7430
17.6708
18.2849
18.7200
19.3328
18.5595
17.2806
18.2284
17.6809
18.1432
21.7667
19.5977
18.6342
18.9699
18.9772
19.1665
19.2598
19.2150
18.5695
18.9973
18.2364
19.6119
19.5968
18.2822
18.6642
20.1786
18.0646
17.4932
18.9037
18.4838
17.7388
18.5484
20.1393
19.1107
17.7418
18.0964
19.6225
18.5003
19.7633
19.2271
18.9373
19.4774
19.9562
17.5326
18.1532
20.7172
18.0429
18.6892
19.0933
18.0234
19.6205
20.1285
18.8613
19.5499
17.3903
18.4337
19.3342
18.6747
19.0898
19.0526
17.8098
19.2170
17.6595
19.6497
20.5313
18.6394
18.3735
17.7776
16.7487
19.5837
19.1028
18.3510
16.7130
17.5809
18.7069
17.8808
18.3985
20.0606
17.7857
18.4423
19.5725
18.8655
18.6389
19.5460
20.0733
19.3093
16.8959
19.9287
18.9928
19.0640
20.0898
19.5659
18.3804
19.1789
20.4908
19.9037
18.8784
18.0019
18.8638
18.1223
19.7501
18.6307
19.5621
19.2428
17.3761
17.0641
19.3980
19.0459
17.8119
18.0946
17.7628
19.5461
19.6328
17.5759
18.4215
19.8881
16.8302
16.7897
18.4621
19.3740
16.8023
19.0369
20.1111
17.6598
17.5320
19.1652
19.0969
18.0703
18.6956
19.3671
19.2366
18.7646
18.5261
18.4483
18.6101
18.5510
21.1364
19.3231
17.9140
20.8800
18.8996
18.2176
19.1579
17.4185
17.5341
18.1005
17.8866
17.8282
18.8059
18.5909
19.0225
18.5332
20.3667
17.8246
20.2968
17.8394
18.0936
18.2429
18.2141
18.4641
18.6984
17.7214
18.3953
19.1916
19.3618
18.9666
19.9321
