1.5958
8.8364
8.2526
8.5202
7.9888
8.4604
8.0443
7.9551
8.1037
8.6414
8.4196
9.0444
7.4634
8.6259
7.9422
8.8311
8.6827
8.3604
7.5591
8.2430
7.9296
7.9608
7.9381
8.4031
8.4454
8.5120
7.7117
8.1598
7.4234
8.0528
8.0565
8.3105
7.6175
8.2136
8.1363
8.4168
8.0645
8.0032
7.9341
8.2841
7.8847
8.1045
8.5106
7.9319
8.0714
8.5937
8.8159
7.4834
7.8032
8.6217
7.7121
8.5420
7.9047
8.2921
7.6787
8.4451
7.9854
8.0065
7.9622
8.0257
8.1159
8.2561
7.3638
7.8872
8.1231
8.1072
7.7993
7.1714
8.1660
8.1777
8.5811
7.8551
8.1713
8.0117
8.1730
7.6366
7.9183
8.3051
8.3228
8.0067
8.7464
7.6429
8.4209
7.9962
7.8256
8.5193
8.4273
7.6526
8.1901
8.7389
8.0930
8.2988
7.7508
7.7105
8.2515
8.0557
7.9823
7.2493
7.2180
7.8597
8.5553
7.9875
7.7699
8.1540
7.7901
7.9043
8.3796
8.6693
8.3238
8.8040
7.4005
8.7527
7.5203
7.7046
7.3659
8.0917
8.4127
7.6552
7.0960
7.5579
8.6747
8.6895
8.8980
8.1507
8.5834
7.7948
7.8307
7.6631
7.3728
7.9703
8.1400
7.8134
8.1112
8.1819
7.9777
7.7099
7.9490
7.7468
8.1979
7.4497
7.4762
8.0114
8.2245
7.7179
8.1087
8.1555
8.1136
7.9868
7.6348
7.7501
7.8571
8.3329
8.1000
8.9720
7.7279
8.1736
7.0537
7.9652
7.6250
8.2109
7.8967
7.5024
7.2700
7.7869
8.0078
7.9073
8.3401
7.7582
8.0030
7.2654
8.0241
7.7335
7.9178
7.7535
8.0294
8.2009
8.0161
8.6587
7.6781
7.8816
8.1254
7.7262
8.1447
7.3015
8.1801
8.1979
7.7021
8.0177
7.6609
7.8074
8.0231
8.0831
7.8753
7.2647
8.4032
7.9010
8.4532
7.3261
8.5461
8.2765
