2.5778
4.2300
7.7091
9.1004
11.7458
12.8916
12.6511
14.8862
14.3008
15.6757
14.6474
17.9334
16.4412
18.9455
17.7751
17.2420
18.3097
20.3022
19.6609
17.0966
16.6576
20.2940
15.8090
17.6179
18.6764
18.5465
21.2425
20.9420
18.4370
21.1649
23.1415
21.0926
20.2520
23.7440
24.3251
24.5048
17.8246
20.0127
24.2028
22.9539
22.3611
22.3097
20.5847
28.0408
26.3118
23.7844
23.8753
23.1489
27.1427
21.7959
21.4034
23.4063
20.4108
19.8934
17.9387
22.7658
22.3095
24.8198
25.0678
21.4157
22.6701
24.8857
26.4149
22.6407
27.3151
29.2861
20.4818
18.5481
23.6570
25.2862
26.8667
22.9967
23.2044
22.6523
24.6363
26.1382
26.1301
23.1726
23.0810
21.1003
28.0402
20.9348
28.4963
32.1104
29.0747
25.6548
25.7770
22.4708
28.4623
25.3522
29.1130
24.5054
27.9349
23.7111
27.8924
28.2830
25.2099
23.8464
26.3740
28.6400
28.2909
25.9238
26.7959
26.8869
29.4792
28.9989
33.1882
27.7277
24.9777
29.3262
31.1295
27.5504
23.3469
25.9559
26.1768
28.4083
29.1575
27.8025
27.4578
26.8544
31.6606
24.8042
27.3044
29.3726
36.1570
28.7426
28.1379
27.3783
29.3414
26.1607
27.5459
34.9985
26.0838
27.7716
33.1443
30.1577
38.0653
25.9388
34.7043
31.0762
36.3916
33.4997
33.9203
35.0828
33.5295
27.4746
29.6704
32.1441
40.0299
34.9379
33.7456
29.4297
33.2475
33.0634
33.1538
33.4749
35.2726
37.5152
27.5204
30.6760
31.2467
35.6136
36.6138
36.5576
29.3435
38.5754
31.0852
31.1590
37.6129
37.4792
37.2840
30.2178
36.8777
30.4827
34.2862
32.0685
37.6415
32.8641
31.3519
44.7606
36.8291
35.0988
34.9639
39.8889
28.3468
36.8349
30.2534
33.2127
37.7333
36.4726
37.3772
34.2741
39.7006
33.9730
30.0267
34.0539
38.3344
36.0095
34.9550
33.0730
