3.5188
5.9690
8.5651
9.8042
9.3225
11.1317
10.1321
10.2355
14.2016
14.9836
12.9058
14.0566
15.8583
18.8993
15.5476
18.3801
17.8987
13.9503
16.9525
13.9105
25.0397
17.6325
17.7993
25.3686
18.2221
20.0031
20.1330
19.2035
15.5099
17.6686
17.8545
21.0804
17.3541
17.4503
21.5635
17.9610
22.2394
18.1298
27.0224
21.4567
17.7020
17.7807
20.6585
24.5807
21.6825
17.7346
18.9125
20.3677
19.6777
22.1706
15.2504
18.5274
13.9901
19.0448
28.6729
21.4319
24.6273
21.7181
20.5069
19.6307
23.3693
16.0317
16.2721
24.5852
21.9488
17.0263
23.0691
25.7526
21.6587
19.9617
20.2673
20.8141
21.6032
23.4280
18.7444
23.0606
21.8599
21.2675
25.2288
19.4129
29.6709
22.4559
18.5176
25.7900
21.1100
21.0055
22.3085
19.9465
24.0488
23.6832
24.4835
19.2757
15.6840
18.5393
15.0869
21.5809
28.2977
15.6927
25.4582
21.5694
25.9765
23.5025
24.4729
20.0090
21.5188
26.2759
22.1036
21.5441
24.4410
26.0379
24.1387
22.0748
21.9618
20.3171
17.6515
23.0563
19.1227
18.7942
25.4620
19.3568
23.2343
25.2043
21.1249
20.6399
19.7562
21.7613
22.3754
21.1214
24.0187
25.7567
22.6643
23.2427
19.5023
25.1482
19.1068
23.2286
19.7144
19.8306
31.9985
22.9685
18.4701
22.6160
17.8780
27.0738
17.2000
28.9747
20.4147
24.4429
17.2148
27.8806
23.1373
28.6003
26.7597
22.4499
25.3558
27.4184
30.4538
26.3974
23.6234
21.2941
23.0775
23.3755
23.5847
26.8296
21.0339
17.7775
24.1786
17.2616
29.0737
23.7837
24.1776
17.8882
26.9484
19.7340
20.6681
18.8647
29.3727
25.5339
20.6832
26.5821
20.4473
23.7827
20.3087
21.3438
29.3829
23.6892
21.0762
23.3363
19.5641
26.5332
20.1452
33.2258
16.9101
29.2387
18.8867
26.3050
24.8510
32.5590
17.5656
21.0073
