18.9090
10.7849
7.5594
7.1000
6.6058
6.4222
6.0259
6.0951
6.4314
6.5196
5.7240
5.7540
4.8576
4.7348
5.7129
5.0757
5.7200
5.4909
5.3314
3.4427
5.1234
5.0663
3.8775
4.3613
4.8032
3.9531
4.1166
6.2314
5.4026
3.4683
4.1802
4.1520
5.6994
5.0701
4.3234
6.3194
3.9981
4.3476
3.1563
4.1423
5.2185
3.9147
5.1813
3.7344
6.4539
4.8633
4.3737
3.2968
4.2410
4.4572
3.1824
3.2220
4.3547
2.1960
4.4889
3.9257
5.4426
3.8154
3.6835
6.1894
3.6315
5.1691
2.5355
5.5790
4.9067
4.6310
2.2234
5.3568
3.4372
3.2327
5.8473
2.5884
5.0274
3.9053
3.4688
6.0812
4.0146
3.6292
2.7996
2.6925
3.3512
3.3060
4.6628
5.2693
4.0001
3.0718
2.8863
4.1084
4.8813
3.4647
3.6947
5.0159
4.8639
6.2218
3.0865
7.0660
4.1517
4.2991
4.3315
4.8075
3.4309
3.5931
2.8163
3.4340
5.6324
4.2187
3.4445
3.8988
4.4231
3.5438
6.0103
4.4743
4.1487
5.1335
4.1046
3.1902
4.0719
3.9588
4.0183
3.0880
4.4096
3.6178
4.6939
3.9997
3.4143
4.2220
5.1890
2.8293
5.3272
3.6154
4.5684
3.9511
4.2352
5.3901
4.4055
2.0325
3.6498
4.4479
4.0638
4.3168
3.7826
4.3942
3.8018
4.2286
4.2684
4.6962
4.6738
3.6900
5.2860
4.1940
3.0743
3.0483
4.2866
3.9226
4.2133
2.9016
4.5828
4.1978
3.4619
4.8921
3.3817
4.0439
4.8154
4.0814
3.7149
3.1491
3.8840
2.2869
4.7684
8.1401
3.5984
2.6092
4.1988
5.3673
3.0112
3.7938
4.5809
3.0525
3.7420
4.5924
3.7561
3.0167
3.7650
2.9158
6.1689
4.5267
3.8608
3.5439
3.9324
4.1585
5.0462
3.1802
4.0151
4.0374
4.1137
3.2589
6.4871
4.6669
3.6073
4.7032
