8.5818
10.1330
14.2812
16.8086
17.9212
22.4924
22.8217
26.2322
23.8506
28.2560
27.7042
28.1257
28.0165
28.0828
25.8275
27.5336
26.2343
30.7548
28.1356
27.4654
27.4538
32.7806
29.0597
31.0153
27.9688
30.4843
27.1129
29.8200
27.8641
31.8752
34.8598
29.5690
32.7692
34.5743
26.9257
36.8948
30.3517
33.0318
34.0415
32.6006
36.0980
32.1549
34.4559
34.7105
32.9530
33.6299
39.6596
38.9897
32.8529
31.9527
31.8274
44.7066
32.1435
32.7635
30.1103
34.4011
36.8603
33.7427
32.0228
33.0589
35.3772
32.1898
36.3494
32.2968
29.2363
32.0678
34.5681
29.4985
27.9190
37.4445
41.8890
28.6737
35.6975
40.5757
28.7943
33.0345
30.1319
31.6468
33.4773
33.2180
28.5646
32.2975
31.0095
29.6423
42.3333
28.2318
34.4715
34.0777
37.6296
35.1370
32.8321
29.7935
31.1572
40.3122
36.2686
28.5594
37.9841
35.1139
32.3197
33.8106
37.1004
32.8447
32.2385
34.1426
32.4455
35.2270
28.2362
34.2292
34.0523
33.8463
32.0382
31.3919
30.9366
28.7334
31.6958
34.9593
39.7092
35.2159
34.6022
38.5461
31.5017
30.3967
38.8608
29.2809
36.5821
34.2402
37.3859
32.7897
34.4603
48.0960
36.3410
38.0736
35.7249
37.2775
40.8847
31.8294
29.8555
38.7179
29.3234
33.9317
30.8088
29.4482
37.3300
37.1487
34.3248
35.1172
28.8458
33.0727
40.7953
32.3864
37.9345
34.6554
42.0400
34.9503
36.2407
31.7187
37.9740
34.3317
28.2314
35.1733
36.3370
34.3499
36.3604
30.9229
29.9372
36.0665
34.7729
41.0038
36.4404
32.6519
30.9283
37.9785
37.4447
36.7948
34.0891
37.4428
35.4030
33.9274
36.1786
28.8310
29.2663
29.4135
30.5137
34.9675
38.9967
35.1305
31.1345
34.2374
33.9333
33.0920
42.4507
40.8175
42.7719
33.9884
33.7527
34.4021
33.0892
36.5611
35.4266
32.0766
