2.6450
4.8997
7.8289
9.0089
9.6737
9.4092
10.9067
8.8574
9.7705
8.1566
6.7351
7.6498
8.3936
7.7223
9.4177
8.3805
8.5204
7.5344
7.3079
7.1851
5.4643
6.5099
6.6302
5.5564
6.8155
7.8540
6.5771
6.7750
7.7094
7.2119
8.6523
6.1557
6.8734
7.1308
5.6748
6.1104
7.8723
7.6419
6.2572
5.6325
7.0219
5.8261
4.3501
5.0671
7.8125
5.8710
6.3269
5.7177
7.5454
5.7785
5.5106
6.0059
6.5547
7.4614
5.9355
8.1506
6.9499
5.9373
4.3729
7.1730
5.1091
9.3956
4.9940
6.8256
6.7006
7.4509
5.8241
6.9661
9.0741
5.5445
7.2191
5.7992
6.7783
4.5726
6.5297
5.9857
7.2384
5.2371
5.5729
5.0818
4.8907
5.3208
7.2746
5.8074
7.9515
5.8117
6.8675
3.9375
6.3848
8.1044
4.9074
5.1624
5.7760
3.9105
5.5792
4.3620
6.5518
4.9694
5.8089
5.3927
5.4988
7.3348
5.6202
3.5344
5.8590
7.0522
6.2610
6.2425
4.8063
5.9951
6.7109
5.0003
5.2047
5.3084
5.8758
5.2722
6.0465
3.5885
7.6196
5.5421
6.2970
6.4979
5.5814
5.4128
4.6381
5.2202
4.7420
5.1297
4.7325
4.2933
4.2311
7.8454
6.2685
5.0582
5.5584
6.9372
4.4127
4.7540
6.3909
6.2643
5.5541
4.5837
6.6119
4.7301
4.2600
5.0421
4.0568
5.4004
5.9752
6.7773
5.6347
5.0797
8.2586
6.4337
3.6135
6.6879
5.5401
4.8003
5.1708
7.5321
8.1110
4.6064
5.1331
4.8943
4.7163
3.8842
4.9868
4.7788
6.3370
5.4549
6.0051
5.1392
5.8583
7.2694
5.0395
4.3794
4.6808
5.6903
4.9018
6.7900
5.5780
5.4506
5.6830
5.4902
5.7111
4.0233
4.8115
5.5983
4.8865
5.1919
4.1883
6.5711
5.7406
6.0963
5.2750
7.0205
5.0723
4.7590
4.0027
4.5575
