3.0563
6.1348
7.2892
9.7373
5.8296
7.7218
11.3170
11.1336
4.4330
6.0996
4.9855
7.7148
6.5688
5.6779
6.5337
4.3766
4.6312
5.2247
6.0912
7.3386
4.2332
3.2867
6.0455
4.6289
3.0075
5.0368
3.9785
5.9840
4.4134
3.5541
6.3583
4.6741
3.2304
5.4050
4.7975
2.6013
4.8417
5.5119
2.1867
3.5936
5.0499
3.3945
6.1265
5.2523
3.2336
2.9562
4.4861
6.5893
4.0495
4.0756
2.7969
5.1064
6.5691
4.1618
3.6562
6.2885
3.5877
2.4616
5.2472
2.9419
3.5758
4.9542
3.9231
1.6513
3.6624
4.8322
5.0967
2.2740
5.2236
2.8322
2.0618
5.6594
2.2646
1.9073
4.3167
4.0858
4.1636
1.7074
1.8717
3.9693
2.1895
3.4045
2.8994
2.0037
2.4515
2.6699
3.3808
3.5662
5.7983
4.8106
3.4111
4.0445
4.0031
2.1486
5.0909
2.2946
4.2927
3.8346
5.7216
2.6173
4.4748
4.8711
5.0921
4.9976
3.1104
3.7773
5.0292
3.0844
2.5548
3.5595
3.4662
3.5422
3.6820
4.9405
2.9949
3.6653
2.5119
3.1488
3.9581
4.0381
5.1394
3.7123
5.5676
3.9619
3.8919
4.5248
2.5895
3.0697
2.5543
3.5999
2.5317
4.6058
3.5721
4.1785
2.2601
4.6154
3.6462
3.9744
5.1234
3.4512
2.0722
4.8974
3.7247
4.1906
4.6795
3.2811
4.7501
2.9176
3.7511
1.6698
2.7144
4.0711
4.5128
3.8858
2.0597
3.3703
3.8914
2.6413
4.1891
2.5908
3.5979
4.1992
2.0906
2.9189
4.4814
1.9194
3.5317
5.4540
1.9937
3.9699
2.1947
3.2011
3.6613
4.8178
3.7584
3.1540
3.9904
4.9517
3.6471
4.8431
3.3725
4.6372
3.7165
3.4697
1.5854
4.7517
2.8330
1.4953
3.7625
5.1203
6.3013
2.9073
2.6590
2.0975
4.5217
3.7581
2.8707
2.2609
2.1705
3.4506
