2.6778
4.3111
6.6968
8.1640
8.6404
10.0429
10.1096
9.8933
10.3062
11.5511
9.1647
8.7280
10.1061
9.4140
10.5945
9.4543
9.2739
10.0097
9.0575
9.8530
9.8465
7.5509
8.4557
9.0580
8.9435
8.5039
9.8704
8.1151
9.0207
8.9757
8.7168
8.9681
7.1915
7.6759
8.4245
9.3092
8.5185
9.1039
7.8842
8.5411
7.8802
7.9982
7.8399
7.4176
8.2166
7.2067
7.2543
7.8768
8.6824
8.0274
7.5734
6.5045
6.9741
7.3404
6.7617
8.1045
8.2806
8.6853
7.4049
7.7695
7.6851
7.6248
6.9920
8.3724
6.6387
8.2017
7.1958
6.8158
8.0441
7.8489
7.4356
8.2874
8.4762
8.1339
7.9974
7.4667
7.3438
7.3162
6.7812
7.2136
6.6175
7.6386
6.7805
7.2660
7.0846
6.9692
7.2577
6.6826
6.4847
7.7765
7.2520
7.4272
7.4085
7.5451
7.3507
7.2657
6.2892
7.4709
6.7466
8.2958
7.0265
7.1174
7.7900
7.5833
5.9943
7.2960
7.1132
7.8195
7.1611
6.4117
7.2435
7.0692
7.2515
7.2359
7.4828
6.7325
7.2105
6.4206
6.9678
7.1038
6.3161
6.6938
6.2505
6.8244
6.8553
7.2688
7.1640
6.4656
7.1671
6.5947
7.4733
6.4221
6.4559
5.8978
6.7281
7.6987
6.8421
6.9681
7.9957
6.3226
6.8057
6.7135
6.7075
6.2546
6.2107
6.5068
5.7413
6.4724
6.7999
6.8099
6.6067
6.4384
5.9583
6.4046
6.5127
5.9717
6.1773
6.8782
6.8982
6.9095
6.2681
6.2838
6.9124
6.7997
6.5214
6.1816
7.8597
6.3577
6.4662
6.7763
5.7584
6.1055
6.9451
7.0350
7.0908
6.4875
6.3851
6.7354
6.5877
6.7798
5.7593
6.2772
6.7798
6.5099
6.5592
5.7807
6.3102
7.5663
5.6706
5.7411
6.6984
6.7794
6.6092
6.9508
5.3890
6.7778
6.1388
6.5028
5.4967
6.2791
