18.9027
18.3804
16.1399
19.3473
16.9536
17.6030
17.6235
17.1570
16.2806
17.5422
17.8994
18.6108
17.9869
19.5192
19.4855
19.9951
19.6830
18.0569
16.3879
18.4719
18.7737
18.5822
15.8621
15.7648
16.9468
17.8431
14.6844
20.0271
14.0281
18.9592
19.1407
18.5773
15.3839
16.6036
18.1905
16.9054
17.3642
15.0211
16.8308
17.0951
18.0140
17.5497
18.1652
16.9334
17.1541
18.2011
15.8691
16.7146
16.5049
15.0104
18.2484
17.6271
17.1645
16.1276
16.9941
16.8024
16.8450
16.4069
17.5253
17.8117
15.4673
16.6518
17.5332
18.7583
15.9336
18.0176
18.8547
18.3193
15.8557
17.1018
18.6690
16.8559
18.3192
17.4989
17.0453
17.1651
17.6070
17.3316
17.6628
17.3010
18.6257
19.4315
19.3551
18.9729
17.5799
16.2521
17.4030
15.0306
18.8321
15.6335
15.6959
17.4178
17.7584
18.6182
17.3088
16.3913
17.2855
16.8958
14.4146
17.7283
18.6125
16.6433
18.8941
17.0568
18.5117
19.1068
17.8373
17.2613
16.4964
20.0523
17.6032
17.2450
18.8586
18.0069
17.6675
16.6126
17.4587
16.0554
17.6966
16.2860
16.8813
17.0493
17.2083
18.4919
13.5785
17.8109
14.6225
18.2140
19.6446
18.3726
19.1577
16.7750
17.0295
17.7628
15.8253
19.9906
16.9893
15.5468
17.5978
16.8698
16.6007
16.8668
15.5840
18.5735
14.7284
18.3773
16.6018
17.0553
18.3261
15.9735
15.3510
14.5314
18.7415
16.7438
15.4169
16.9049
18.2897
17.2446
16.8913
17.5303
19.4774
15.7636
15.8552
18.8705
16.5141
17.2976
15.6316
15.9483
16.6672
17.3094
17.2822
18.1067
19.3546
16.4537
18.4202
17.5523
16.5932
17.5359
17.4679
17.1688
18.5950
18.1249
16.1865
18.0688
18.9041
17.5799
19.6253
17.3797
17.5907
15.1702
18.3813
17.2124
17.6744
17.5310
15.0051
15.9586
16.0852
16.1946
16.9199
17.1117
