20.8655
9.3940
7.3028
7.2996
6.5926
5.5164
6.7722
5.1133
5.6403
6.3746
5.5640
5.9149
4.7949
6.2863
6.3554
5.7077
6.3764
5.9827
4.8000
5.0647
5.4769
6.2803
5.1744
7.1133
5.2181
5.4980
5.9041
5.8598
5.6763
4.8268
4.3866
6.0532
5.4280
5.5780
5.9323
6.1491
5.2037
5.2425
5.7349
4.5847
3.9891
4.7952
5.7123
6.3310
5.5391
6.0413
5.2072
6.0876
5.7008
4.8104
5.5998
5.5976
5.8774
5.9943
6.1886
4.3238
4.5640
3.8436
5.5148
5.7471
4.6282
5.4549
6.0593
5.4035
5.8347
5.4546
6.3191
5.5089
5.3539
5.4966
3.9750
4.3569
5.4123
4.7544
4.8327
5.4086
5.1032
4.9424
5.3000
4.5267
7.4278
4.7437
5.7379
5.2724
4.9599
4.7301
4.7934
5.6035
5.9969
5.2038
4.8160
5.1741
5.4329
5.0282
4.8808
4.8280
5.5226
5.2583
6.6990
4.0568
5.9241
3.8561
5.1545
4.2833
5.2882
5.1187
4.7377
4.3665
6.7401
4.1887
5.2242
5.9879
5.3234
5.5178
5.1493
5.1414
5.9296
5.0297
5.6076
6.6996
4.8964
4.7601
5.1434
5.1865
5.7668
4.9814
5.0538
4.2114
6.2575
4.9297
4.9939
5.9257
5.2635
4.1902
5.3040
4.5953
5.3657
5.3666
5.0832
4.7538
5.7197
5.4739
4.9653
4.4958
6.3874
4.8733
4.9789
4.8792
6.1990
4.5004
4.4291
5.1991
4.7771
4.9904
6.0580
4.8938
4.9923
4.5622
5.6961
5.7263
5.1911
6.1396
4.9358
5.5029
5.0857
5.0363
5.5538
6.1635
5.2465
5.5581
5.0044
4.7279
5.3126
4.4664
5.4039
5.6658
5.1207
4.1089
5.3905
5.1519
5.1009
5.6798
5.1195
4.9181
4.7471
4.7116
4.6339
4.6430
5.7599
5.2321
5.2399
5.8169
5.8207
5.3654
4.6713
5.4277
6.1328
5.1884
4.4517
4.3198
