2.8620
2.0336
2.7980
3.5538
4.0150
4.6720
5.2349
5.0800
4.9224
5.6448
6.1246
5.0339
5.0131
4.8817
4.8742
4.6626
4.9130
4.7654
5.2594
5.0422
5.6616
5.3628
5.3811
4.5523
5.1590
6.9212
4.4993
4.3977
4.9745
3.9334
4.2506
5.5255
4.8738
4.7743
4.6384
5.6973
4.4478
4.5600
5.4173
4.3140
5.8576
5.4287
4.5177
4.8893
4.3470
4.8331
4.9170
4.0130
4.5957
5.9590
6.1053
5.1610
5.6219
4.7171
5.0292
5.7402
4.5410
4.4063
5.0838
5.0439
4.4726
5.2706
5.6125
4.7341
4.5805
5.6103
5.4223
4.6161
5.3323
4.3361
5.3246
5.8034
4.8077
5.0178
5.3022
4.7192
4.7154
4.5272
5.6843
5.7634
4.8591
5.0761
4.5778
4.5393
4.8095
4.8884
4.5153
4.6713
4.6105
4.6644
5.8350
4.8111
4.4474
4.6016
5.2954
5.2880
4.9065
5.3148
4.1739
4.9138
4.6208
5.2492
4.0412
5.6601
4.3812
5.6773
4.6167
4.5889
4.3206
4.5224
4.3514
4.1458
4.0933
5.8722
4.6430
4.9111
5.4053
4.5754
5.6036
3.6619
4.3850
5.1986
5.7740
5.9944
5.0531
4.8080
4.3311
4.6674
4.1625
5.0989
4.8469
4.6219
4.6892
5.2760
5.0244
5.0545
5.3368
3.6758
5.5316
4.7247
4.1444
4.4109
4.8169
4.3730
5.1600
4.4440
3.8624
4.7022
4.5985
4.5596
4.6058
5.1153
4.6236
5.2071
5.6098
4.6718
4.5140
4.7266
4.4597
5.4504
3.9832
4.4888
4.4664
4.4638
5.8711
4.5895
5.0422
4.9963
5.2923
3.8463
5.2245
4.8554
4.2946
4.8791
5.4440
4.4028
4.5008
4.5700
5.1791
6.9683
4.6266
4.5657
4.0488
4.8190
4.9986
4.9241
4.6191
4.6024
4.5991
5.8765
3.6038
5.1613
5.0092
4.7743
4.6084
4.8671
5.4812
3.4577
4.5845
4.5733
