3.1367
4.2061
7.1883
8.5214
9.0658
8.2332
8.8190
8.6916
8.2721
10.0066
8.1601
9.3634
8.6400
8.5504
6.4396
7.2944
8.2667
6.5175
5.8580
6.7884
6.0073
6.5569
6.5802
6.5774
8.5653
5.7903
4.6631
7.0917
6.8769
6.3281
5.6062
5.3194
5.9337
6.3297
5.2673
5.9754
5.8287
5.3157
4.4414
6.5259
5.9451
4.6913
5.8587
5.7412
4.9013
4.6603
4.4224
5.1602
4.5980
6.7470
4.8256
3.8612
4.4635
6.1753
5.6828
4.3808
4.2812
4.7864
4.2585
5.1549
5.3690
4.4492
3.9289
4.4422
4.5999
6.3782
4.0716
4.7914
4.8485
3.3605
4.0958
3.7042
4.8139
4.6842
6.2520
6.1198
3.8418
3.2575
6.1778
4.9055
6.1318
4.2290
4.7725
5.2377
4.2489
4.0271
4.3968
5.2903
6.8094
5.7793
3.8759
3.9072
4.9841
7.1099
5.5353
5.9011
6.0850
5.5611
4.6205
4.7440
3.8708
5.1082
4.8391
4.9836
5.0296
3.4529
3.3723
4.4239
5.1579
4.1271
4.3870
4.9809
5.3989
5.7169
4.2150
6.8698
5.2393
3.1779
3.3606
5.1535
5.1010
5.3802
3.9973
4.5244
4.4014
5.2433
4.3298
4.8310
4.1394
3.6429
4.2215
4.7023
4.2249
4.8119
4.9276
4.5302
5.0910
3.8716
4.3260
3.7744
5.0317
4.5529
4.9200
4.7228
5.8899
3.6926
4.2887
3.7345
4.4801
3.5117
4.3174
3.4085
3.5307
3.3578
4.0700
4.0734
6.4228
4.0672
5.1242
4.1616
5.4154
4.4509
3.6504
4.1391
5.8125
5.7622
3.6651
3.9862
3.7979
4.8691
4.6863
5.4621
5.4318
3.5129
3.6158
5.8883
3.6984
5.0467
3.3217
4.8881
4.5432
6.7153
4.8305
4.0417
5.0731
4.4572
4.2007
4.0734
3.6794
4.3887
3.6937
4.1502
5.3780
5.7649
3.7675
5.1068
4.6194
4.0514
3.5169
4.8711
