3.0058
4.9495
8.1118
12.5056
10.1242
12.0299
10.3027
8.7428
7.7909
9.2162
9.7299
8.1790
9.3188
9.1073
6.4303
8.2945
8.3108
6.8815
9.3146
7.0957
9.4257
7.1457
8.9680
7.3571
8.6691
6.4048
6.1444
6.6948
6.5464
8.6050
7.9125
6.1660
6.4099
5.8345
7.7640
6.7801
7.6263
10.2935
6.0196
6.5928
7.6472
8.5481
5.1769
6.9298
5.9046
5.8188
6.0997
7.5491
7.9937
6.7325
6.3572
6.5333
6.8852
6.5591
6.8225
5.8989
5.3674
6.2180
6.0164
5.6345
6.5682
6.2161
5.7879
4.6999
7.5492
5.8481
5.6911
5.5807
6.2809
7.1069
5.7619
5.8136
5.6589
6.5504
5.1946
7.0647
7.2187
7.6123
5.6812
4.0575
5.3728
5.8804
5.6593
5.1410
5.4685
5.8383
5.2507
4.6843
5.9076
4.9908
5.4381
7.6887
7.4913
5.0583
4.7222
6.3757
4.9209
5.2393
4.2537
5.6873
6.8940
5.2948
4.5596
4.9722
4.4133
4.8330
5.4609
5.1554
4.7230
5.0459
4.8587
4.0898
5.3171
5.2705
6.1205
5.9065
5.7898
7.2801
5.0183
5.1627
6.2454
5.6754
5.3317
5.3150
6.7006
5.1501
4.2760
4.2442
4.6038
4.9006
4.7282
4.6451
6.6682
4.9214
7.7271
4.9120
4.2865
6.5877
4.3989
6.6596
5.9609
4.9530
3.2383
5.6063
5.4900
4.5727
4.2500
6.6323
5.0297
5.4077
4.9033
5.5900
4.4535
6.7952
5.2697
5.4752
5.0210
5.8367
4.6696
4.9896
5.1688
4.5376
5.7796
5.7526
5.8508
4.9005
5.7148
4.0171
4.9523
5.6138
4.3633
5.9418
4.8267
5.3155
4.2886
5.9128
5.6010
4.1960
4.5628
4.7925
4.1653
4.5040
5.0048
6.2990
4.2623
5.1796
4.7576
5.6082
5.5430
5.1578
4.3512
4.4930
4.5777
5.6827
3.9595
4.6667
3.3124
5.5862
5.6306
4.9998
