17.8328
10.2462
9.6830
8.3704
7.9202
7.9201
7.4515
7.2891
7.4917
7.3445
7.1429
6.3725
7.1015
7.1993
6.5745
6.2738
6.2052
7.3325
7.1019
7.0844
6.6390
6.1173
6.9107
6.6218
6.5378
7.2572
7.5308
6.7621
7.2897
6.7458
6.7342
7.2729
7.3116
8.1159
6.7245
6.0475
7.0902
7.0285
7.9906
7.0639
7.9635
7.5151
6.5042
6.6352
7.1917
6.1915
6.9026
5.9745
8.2080
6.5972
6.8887
7.6674
6.7300
5.9986
8.1030
6.7352
7.0913
7.3210
6.4008
6.6347
6.6806
6.3493
7.4174
7.0655
7.6988
7.1327
7.5120
6.6640
6.9752
7.0158
7.9394
6.3019
6.2319
7.3500
5.7821
7.7723
7.0547
6.5816
6.7612
7.3982
6.8481
6.9204
7.9174
6.1327
6.8877
6.5901
6.7089
6.7173
6.7368
6.4855
6.8495
5.9957
6.0558
7.3452
6.2659
6.6421
6.9417
5.8127
7.2783
7.4620
6.7201
6.9211
7.8638
6.6735
5.7165
8.0590
7.1120
5.6870
6.3973
8.0206
6.3788
6.8134
7.6625
6.4458
6.9756
8.4771
7.0314
6.3485
6.9100
6.6883
6.7321
6.5434
6.4229
6.0151
7.1074
6.6410
6.9847
6.6348
6.6448
7.2735
6.8370
6.6843
6.2455
6.9320
7.3532
7.6213
5.8810
7.3409
7.3222
6.9656
6.9096
8.0846
7.3513
7.3132
6.4897
6.2989
6.9374
6.4662
6.6372
8.2397
7.7719
7.2803
5.6945
7.4181
6.2515
6.9809
7.1500
6.8062
6.0205
7.2714
6.6256
6.3868
6.6498
7.3016
6.4823
6.0865
6.4012
7.9217
7.1044
6.6554
8.6949
6.2934
6.7412
7.3203
6.2871
7.2800
7.3123
5.9770
7.2600
6.6631
7.3084
7.5137
8.1133
7.5239
7.4747
6.8651
5.7001
6.2672
6.2541
6.8456
6.4217
6.8643
7.1048
6.4148
7.8066
6.4944
6.6842
8.0931
7.5182
5.7655
