20.7033
13.7501
10.5820
10.9058
9.7499
10.7535
10.6031
10.3197
9.7149
10.2324
10.0826
9.7950
9.8987
9.7318
9.4832
9.0826
9.1428
9.0291
10.3431
9.4340
9.4628
9.7316
8.9470
8.8736
10.1226
9.1243
10.2364
9.9466
9.4118
9.9876
10.4421
9.1423
9.2394
9.8429
8.5039
10.0140
9.7760
8.2818
9.7885
10.2479
10.3578
10.3013
8.7005
10.3678
10.0021
10.1326
8.5076
10.1088
9.3184
9.0917
8.9168
10.3174
10.1971
8.8581
9.7850
9.0492
8.9830
10.3342
10.5645
9.2311
9.4714
9.7828
9.3111
10.1103
8.7657
10.5768
9.8024
8.7642
8.9035
9.9736
9.1424
9.6423
9.2050
9.0168
8.9915
10.6383
9.3790
9.8354
9.6949
9.1811
9.4629
8.4936
9.7111
10.2882
8.8988
8.8144
7.3977
7.8828
8.8922
10.3595
9.4684
9.8054
9.0604
8.3625
8.3731
8.5948
9.2592
9.7747
9.2423
8.4934
9.2108
10.3964
9.1632
9.0749
8.2781
8.0160
10.6860
8.1116
9.5955
9.1190
9.0283
9.0449
9.7505
9.1201
8.3700
8.8062
8.6439
9.2580
9.0107
8.5346
8.3106
9.1363
8.6402
9.6842
9.7409
8.7220
8.4126
8.3682
8.4194
8.6085
8.7666
9.0790
10.1087
9.6991
11.0239
9.0735
8.0767
9.6171
8.5068
9.3246
8.8936
8.8051
8.5895
8.9341
9.6734
8.5188
8.4352
8.0851
8.5637
10.0085
9.3817
8.9222
9.2226
8.2769
8.8088
10.0979
9.6591
9.0459
9.9891
8.7724
9.6588
8.9065
9.0778
9.8736
9.7072
9.0137
10.7795
8.9192
9.4281
9.8078
9.4447
9.3427
8.6972
8.2813
9.2438
11.1356
8.3460
8.3665
8.3434
8.7092
7.8665
8.2410
8.2801
9.2234
8.5914
8.4449
8.9813
9.1299
8.6169
11.1478
9.3903
9.6918
10.9575
9.4968
8.2014
9.7748
8.3308
9.6240
10.8604
9.7562
