2.2920
2.3311
4.2191
4.4223
5.8053
5.8701
5.3076
7.0382
4.3324
5.0875
5.3209
5.4349
4.3185
4.3902
6.0385
4.8203
5.1532
5.0549
4.7367
5.4308
5.4348
5.3053
5.8381
6.1874
4.8204
5.2392
4.4569
5.2027
5.0346
4.4890
5.4420
5.4075
5.3879
5.1291
4.5265
5.3672
5.1421
5.3012
5.2572
5.3776
4.7488
4.5772
4.9912
5.9707
5.8833
4.9937
5.7576
4.7437
5.3461
4.6383
4.5735
5.2328
5.6279
5.1204
5.6554
4.5815
5.4022
5.6438
5.0504
5.1405
4.8411
6.1704
5.2783
5.2090
4.5043
5.5346
5.6797
5.2736
4.6610
4.5734
4.6634
6.0637
4.6442
5.0779
5.5446
5.4394
5.4605
4.9730
5.6315
5.9416
5.1798
4.3554
6.0210
4.8993
5.2352
5.5798
5.3373
5.0910
6.1499
5.2461
4.8078
5.8020
4.9939
5.5437
5.5747
5.3183
4.3022
5.4590
4.7228
4.4636
4.9486
5.4764
5.8921
4.9772
5.4836
6.3215
5.0569
5.2847
5.0557
5.5212
5.3842
5.3902
5.3946
5.1893
4.6050
5.0656
5.2289
5.0934
5.2366
4.9403
5.6691
6.3658
4.7963
5.0650
4.8334
6.2011
5.2014
6.2388
4.3290
5.6036
5.6250
4.7739
4.5515
5.7086
4.6931
4.6356
5.6204
5.6741
5.2498
4.6674
5.4648
5.5627
5.1876
5.1213
5.7090
5.0520
4.5497
5.4555
5.2438
5.4246
4.7097
4.8970
5.8093
4.6921
4.3888
4.8559
5.4873
5.2127
5.1516
4.5425
4.3639
5.4274
4.7761
5.7921
4.9391
5.0119
4.4906
5.8156
5.2376
5.3282
6.0019
5.9111
4.6245
5.1211
5.8152
4.2719
4.7327
6.2637
4.9856
4.6294
5.2395
5.4024
4.9536
5.2629
5.0856
4.8653
5.3413
5.1358
5.1110
5.1408
5.0352
5.6964
5.7852
4.8463
4.7661
5.4975
5.6756
5.2724
4.6950
6.0321
