17.4146
18.7493
16.1374
20.2223
16.2897
9.5796
5.7401
4.9922
5.3096
4.2828
4.3850
5.2202
5.6575
4.4964
8.2856
11.5869
9.9549
12.3633
5.3345
3.8102
4.4926
3.4673
5.7033
3.3974
4.8829
3.1834
4.9650
11.3285
18.1045
18.4356
14.4526
8.4975
8.0424
3.2985
6.0109
3.5779
4.4708
4.8927
4.2550
3.3398
5.0545
5.8442
10.7975
14.0728
17.2292
15.3350
8.3234
5.7111
4.8716
4.6365
4.2917
3.8197
4.0373
3.6074
4.5424
3.4897
4.9418
4.6339
7.7531
19.1299
13.4400
11.0841
8.6363
5.2476
6.4071
3.7670
3.1864
4.1716
4.9704
6.5798
4.6920
8.2786
18.0778
17.6851
19.0906
10.5051
10.4014
5.8307
4.5253
4.0813
4.8416
4.1649
4.4290
5.4790
4.6653
4.6380
4.2937
5.6257
4.9519
11.6953
10.2903
19.6422
19.3139
10.5749
5.1582
3.5430
4.4035
4.2734
3.2036
4.6733
3.1708
3.4509
4.6273
4.4966
3.3634
8.0282
15.2715
16.4165
20.7106
10.5548
5.4181
6.1370
4.4646
4.3834
3.8019
3.4597
3.4397
4.5649
5.3414
5.5487
3.8074
3.4025
4.2587
4.8927
9.1446
18.8067
16.7748
10.5824
9.9361
4.8907
3.1415
2.4306
4.0575
3.7300
3.7811
3.5196
4.9400
3.0586
4.4427
6.8214
4.1516
5.6277
15.2666
18.0434
12.0218
11.2075
10.6580
3.3587
4.3723
2.4565
5.4284
4.1443
4.6360
4.0206
5.0511
6.5453
6.3691
8.3123
14.1266
18.7114
12.1006
10.0133
13.8232
6.7112
4.4801
4.5330
4.6653
4.0557
5.1961
4.5432
3.2749
3.9397
2.9322
5.8007
3.4861
4.1874
13.0154
16.5228
14.4181
12.4430
18.0254
3.8203
3.3286
4.0569
4.2972
3.0047
5.2127
2.8892
3.2850
5.6917
5.2865
4.1906
4.7886
13.6880
11.4989
14.5232
8.6606
6.9156
3.6124
3.2073
