5.6305
3.2806
4.7305
5.5488
5.1069
6.2349
6.0434
5.2909
5.5725
6.2507
5.1301
5.3960
5.3364
6.2640
4.8726
4.1022
3.7492
4.4664
4.9906
4.2114
5.2080
4.9918
6.0141
5.7246
4.5886
5.0510
5.1261
4.2098
5.6938
4.9038
5.1537
4.5723
4.4949
7.3299
4.2142
4.9275
4.9628
4.5687
4.9193
5.9224
5.0695
5.1246
4.9968
5.7812
6.1816
4.3626
3.8060
4.6995
5.7358
4.1883
4.9679
4.0590
4.8235
6.4073
4.2527
5.3856
4.8130
4.5960
5.1182
5.4216
5.8693
5.0120
5.2505
7.4118
5.2683
5.5974
6.1114
4.9598
5.4126
7.0280
5.8028
5.8128
5.1628
5.7058
3.8891
4.8823
6.5113
6.9915
5.3781
5.5866
4.4449
4.7638
4.2143
4.1343
3.8590
4.5117
6.6174
6.4883
5.7321
5.7829
4.8064
4.5546
4.6025
6.1728
5.5619
5.6168
7.1894
5.8228
4.4187
4.0685
4.9442
7.1846
5.5639
6.1024
6.2679
5.0032
5.0357
6.3195
5.5694
4.9346
3.8971
5.4319
6.3410
5.2788
4.6691
6.0635
4.1431
5.5673
5.6032
5.5348
5.3862
5.6478
5.6688
6.5297
5.4262
7.5517
5.2736
5.6398
6.3297
6.0515
4.8591
7.3774
4.8754
4.2212
5.5495
6.4119
4.6886
4.8775
4.7071
4.2984
5.7343
5.0199
4.7579
5.7170
6.3851
5.3940
5.9156
4.8147
4.8002
5.2333
7.5284
7.1069
6.9066
5.7546
6.5999
6.7601
5.9436
5.7126
6.3492
5.4480
4.7535
4.2274
4.9706
5.3011
6.3628
7.0756
5.4210
6.9580
5.1237
5.2996
5.2579
4.9389
4.7881
5.4568
5.0733
5.5086
5.6469
4.8091
5.3909
5.2009
5.7847
5.1771
5.9915
5.7412
4.8984
6.1443
4.6336
5.5633
6.5819
6.1486
5.5847
7.7829
5.7815
6.4481
7.2166
5.0943
5.6460
6.3641
5.7930
5.0658
