18.9027
18.0354
15.7392
18.9334
16.6055
17.1864
17.3524
16.7366
15.8561
17.0444
17.3467
18.2452
17.5173
18.8565
18.9607
19.3842
19.1600
17.2813
16.0877
17.9104
18.2592
18.2445
15.3853
15.2598
16.6298
17.4337
14.2762
19.3891
13.5784
18.4406
18.5263
18.2532
14.9143
16.0294
17.5384
16.7211
16.7867
14.4966
16.2587
16.7694
17.4765
17.2578
17.7928
16.3810
16.5326
17.5610
15.6757
16.3109
15.9408
14.6021
17.7012
17.2432
16.7507
15.7183
16.4128
16.1516
16.3610
16.0143
17.2035
17.3522
15.0244
16.3082
17.3535
18.1594
15.7298
17.4496
18.4638
17.8252
15.5043
16.7326
17.9643
16.5538
17.7218
17.2240
17.1005
16.8326
16.9073
16.9956
17.1540
16.8510
18.0540
18.6839
18.9289
18.2308
17.3469
16.1973
17.1975
14.5802
18.5262
15.4278
15.6392
17.2497
17.5036
18.6491
17.2832
16.3428
17.0046
16.5278
14.4273
17.2036
18.3751
16.1034
18.6076
17.0167
18.3343
18.7623
17.2846
17.1648
16.2304
19.5969
16.9949
17.2236
18.3433
18.1676
17.5791
16.2936
17.1220
15.8597
17.5166
15.9615
16.5393
16.7651
16.8292
18.0943
13.3481
17.5559
14.4594
18.3737
19.5551
17.6455
18.8051
16.5101
16.9746
17.5371
15.7924
19.7891
16.7500
15.3034
17.5460
16.4555
16.2128
16.8947
15.5777
18.3038
14.1933
18.2659
16.3589
16.9548
17.9037
15.9536
15.2192
14.3695
18.4091
16.6096
15.9769
16.5142
17.8635
17.1344
16.4109
17.1339
18.9772
15.9006
16.0621
19.0943
16.0991
17.3793
15.3531
15.7766
16.6007
17.2621
17.7489
18.1475
19.0223
16.6114
18.4108
17.4180
16.1992
17.7454
17.2470
16.9752
18.4306
17.8630
16.1662
17.8537
18.3688
17.6594
19.6458
17.6455
17.5552
14.9497
18.0339
16.9832
17.1092
17.2500
15.3446
15.8465
15.6503
16.1124
16.8968
17.3934
