2.4451
3.1882
5.2444
6.2983
6.9064
7.5516
7.7086
10.1118
7.8686
9.2912
8.5086
10.7336
8.6363
9.3443
8.9376
7.6358
10.4703
7.7654
7.9503
12.0555
9.3833
6.5184
9.3543
9.0616
6.7558
6.9457
7.1635
7.3687
7.5306
7.6486
9.4898
10.6212
7.8790
6.5153
6.9250
9.5938
7.5914
7.8282
6.3318
6.5008
8.0153
5.5091
6.1099
5.9398
8.1854
6.9294
4.4590
4.0565
4.5154
4.7626
5.7051
5.1845
3.9686
4.4155
6.9345
4.6737
3.6753
6.7709
4.8917
4.8500
4.8181
3.4389
3.8782
4.2048
4.3344
3.5530
4.9831
4.4562
4.2247
4.4694
4.3323
3.6981
4.1082
3.7058
3.9843
5.0661
3.4596
3.4335
4.7492
3.9254
4.2028
3.4652
5.1490
4.9813
5.1435
3.4971
4.1877
4.7351
2.7836
3.4205
4.6684
3.5673
3.6355
3.4745
4.5888
3.6844
4.6506
3.8291
2.7847
3.3464
4.0735
4.8368
3.4658
2.8604
3.6642
2.8688
3.8092
4.2007
5.0084
3.5467
4.3612
4.9498
3.4850
4.5262
3.3458
3.2674
4.0128
3.5879
3.4196
3.7437
2.7980
4.0399
3.2421
3.4313
4.9213
4.1271
3.4704
2.6630
3.4674
4.3091
3.5074
2.9047
3.7033
3.9291
4.3550
3.1012
4.2353
3.3034
4.0292
3.9944
4.0339
4.2023
2.5666
2.2434
3.4959
2.7625
3.6479
4.1331
3.7414
2.7698
3.0691
2.7722
3.8727
3.7656
5.0084
3.7735
3.0177
3.4939
3.6621
2.7451
4.8814
3.7295
4.4586
3.0000
5.1987
3.3338
3.6388
2.7374
3.4487
3.5877
3.0759
5.1853
3.9664
4.3180
4.2358
3.9591
4.3046
3.2359
4.4338
3.9984
4.8717
2.5750
2.5723
2.4974
4.1480
3.6565
4.0836
3.5821
4.5754
3.5875
3.7144
3.1928
4.7602
3.1647
3.3461
2.7343
3.5275
4.6717
3.5901
2.7498
