5.1833
2.5354
3.8918
4.7657
5.8671
6.2866
5.0095
5.0658
6.4498
5.3295
6.2773
6.7556
5.9868
5.8726
6.7387
6.1656
5.9114
5.7845
8.2837
6.4882
6.6424
6.5161
7.9860
6.1678
8.1462
6.4796
7.6839
6.6520
6.7486
6.2567
7.0263
6.4946
8.9797
6.5921
7.1096
7.4459
7.9873
7.2946
7.0962
7.2189
7.6528
7.1144
7.3473
8.0448
6.0482
6.1231
6.5115
6.0590
6.3757
7.1324
7.4824
6.9624
6.7559
6.3502
8.2157
7.1579
7.2791
7.7402
6.6552
6.7515
6.9370
7.3677
7.6599
7.4311
7.2179
6.5065
6.8531
8.1082
6.8361
6.8762
7.0472
6.8139
7.3246
7.0180
6.6767
6.8802
7.7445
7.6173
7.8329
8.4561
8.0074
6.7974
7.6111
7.3741
7.9575
7.1714
7.7035
7.2219
7.3151
7.6249
7.5942
7.4572
6.6668
8.4085
8.7055
6.8909
6.6424
8.6417
7.6417
7.6821
8.6112
8.2835
7.6402
8.2534
8.4801
8.2791
6.8539
7.5949
7.7734
8.2598
9.1083
8.7385
7.8994
8.4311
8.5080
8.1695
7.5175
7.7204
7.5339
6.8002
7.2817
8.2957
8.6708
8.0557
8.4591
9.1082
8.2059
8.7405
9.2465
7.8006
7.9469
9.3438
8.4236
9.1302
8.6773
7.1689
9.1162
10.2564
8.1066
8.6353
9.9632
7.9832
7.8797
11.1652
9.0787
8.0641
9.1460
9.1462
9.4529
8.6038
8.8408
10.0456
8.3433
8.7275
8.9057
8.8620
8.9724
9.0495
8.9563
9.1030
9.6339
7.7796
8.4253
8.8694
9.5892
8.6019
9.6859
10.0565
8.9010
9.2229
9.9024
8.1309
9.2639
8.1423
8.4831
9.6529
10.0328
9.0660
8.8477
8.6737
8.5571
12.1835
11.3751
11.1448
9.6249
8.6164
9.1129
8.4943
9.9077
10.4838
9.2670
11.0602
9.8836
9.7214
9.9230
11.0783
12.0489
9.7042
10.0602
12.6179
