2.9042
4.2212
5.1918
6.0720
6.3301
6.6935
7.8822
6.2558
7.1439
10.5392
10.6269
9.2299
12.5393
13.1839
9.0999
8.7138
10.9020
9.8224
8.6907
9.9099
9.9670
11.5942
9.9761
7.9015
10.7597
10.1143
12.4009
9.0956
11.9199
11.2785
10.7616
11.1839
10.9243
12.6020
11.4971
11.2936
13.7992
11.6387
12.4649
11.8166
11.2060
14.5848
14.7986
11.7009
14.9703
11.2451
15.2661
16.6070
11.7031
12.6201
12.2404
15.9912
12.5584
13.1293
16.1019
10.9987
14.1493
13.9495
14.3680
13.2476
16.5183
16.9436
13.3026
12.3590
14.7053
12.2471
14.0657
13.4530
16.3718
15.0822
15.4594
12.0406
15.7191
11.2476
15.0151
12.0204
13.7400
16.2192
12.9284
13.6160
16.0433
18.5323
13.3633
14.4703
20.1806
13.4105
15.8393
15.0399
16.1203
15.5177
18.3715
15.5714
18.6132
14.8260
14.8755
14.7276
17.7720
19.2455
14.0216
16.0014
21.1157
14.8901
11.7074
15.8717
15.8902
19.5143
16.3709
14.1518
16.0881
19.7531
17.3780
22.0231
13.6052
15.0349
20.9497
19.1313
19.6899
14.8211
16.4280
14.9223
14.4783
14.9949
37.3003
18.0706
14.7865
15.0195
17.4707
18.7512
17.6192
19.7989
14.0386
17.8783
18.1879
13.2606
17.7250
16.9781
19.6312
16.2337
13.3023
20.9384
13.2284
17.5576
19.0803
16.7344
14.9865
14.9335
16.9490
16.5492
23.0303
18.0503
17.2282
16.2004
16.2157
14.9579
13.9435
21.2001
23.5307
16.0340
16.6390
16.2524
15.6008
14.4021
20.7900
14.4162
14.7350
16.7459
16.4203
15.9841
21.6267
15.6029
18.4651
16.1914
22.8166
13.6463
18.2214
15.8686
16.0906
13.9005
19.9756
16.9551
15.3854
14.2120
15.5938
17.8736
17.0137
17.2151
16.0779
17.8608
21.4720
17.0138
17.7341
22.7572
16.6109
14.8041
16.1706
16.2739
16.4133
16.9142
18.5817
14.2663
