3.1712
5.1591
6.3283
8.2453
10.1156
10.4157
11.3297
11.0557
12.6132
12.4793
14.7572
14.1889
14.8488
14.6323
16.3335
15.2364
14.5290
16.5972
17.5735
17.8341
17.8273
18.4834
18.8420
13.2387
20.1960
17.1049
20.6303
17.7918
17.7181
19.4048
14.8513
19.7061
19.5407
18.8658
20.0329
17.8344
18.9802
18.2653
19.6924
21.3438
20.4812
21.0202
20.5724
16.2616
20.1928
20.7320
21.4975
18.2434
21.0190
21.2226
21.6681
20.2406
22.2986
20.0814
21.1892
21.4325
22.7514
24.7389
21.2008
21.8641
23.2821
22.2001
22.7427
26.7272
24.0910
22.0705
20.6487
24.2783
24.2543
23.6834
25.0085
21.8262
25.5370
25.8846
25.7787
26.6864
21.3535
24.7794
26.6038
24.5050
23.8562
23.3404
24.9484
27.8470
27.5950
24.8926
24.3495
30.7683
24.3897
27.3234
22.4574
26.1213
26.3581
22.6897
24.7012
25.6816
28.2569
21.9096
26.3153
27.7567
29.9120
26.6418
22.2832
23.6101
23.5557
28.9356
23.5729
25.0449
27.5639
27.7717
28.5343
26.3024
28.7495
29.5289
32.7085
26.3204
28.8376
31.6612
32.5443
28.4946
24.8186
33.4022
31.6481
30.8020
23.6608
25.5162
26.6291
28.4557
31.1106
31.5105
28.7640
29.3980
27.4969
30.3357
31.1303
32.9633
31.0495
29.6491
29.8597
34.4003
29.3099
31.5791
32.6736
33.8585
34.1294
26.7434
32.3915
30.0873
24.6968
27.3595
28.5344
31.6730
32.2355
32.7417
31.2467
30.9471
35.0693
32.7461
30.8076
29.8378
30.2425
29.1238
33.6415
34.2715
27.7273
29.9318
35.2612
32.6500
29.0885
33.9592
34.5493
27.9766
27.8399
28.2481
33.5586
35.4260
38.7431
35.3563
30.2059
34.2639
34.0529
32.6485
27.7006
32.2074
37.1896
29.6128
37.2691
38.5356
47.0310
35.0808
32.2896
32.6952
33.1634
32.9265
33.4801
30.6840
41.6752
42.9188
40.3678
33.1097
