3.0058
4.5272
7.3016
12.6815
11.3115
13.9330
12.5154
14.6860
10.4925
13.9771
14.6278
11.8133
12.4140
12.0151
11.0952
10.8759
12.3154
10.0050
12.6418
9.5984
13.6060
10.0890
10.5049
12.6753
10.4400
10.7038
10.9839
10.3314
9.3274
11.7270
10.5848
10.3141
10.7378
9.7881
10.2129
10.4320
10.8336
13.2173
9.2620
10.3008
9.5552
10.2466
7.7584
10.5005
8.8519
10.0870
9.7638
9.4955
10.1430
9.0746
8.7381
10.5288
10.4003
9.0275
9.9161
8.8149
8.0632
9.8253
10.6133
7.8599
10.5333
9.0925
9.3945
8.4587
10.3485
9.8390
8.5906
9.1867
9.1798
10.4474
7.9278
8.8539
9.5765
9.0829
7.4235
8.9752
9.8312
9.7106
8.7905
7.9553
8.2898
8.4526
8.9300
7.8250
8.0733
8.3625
8.2299
6.6921
7.6978
9.9444
8.6767
9.8255
8.8826
8.1870
6.8465
9.0505
8.6940
7.8088
7.5342
7.4399
9.8346
8.6753
7.9907
7.9907
6.8240
7.3118
7.4696
6.6929
8.2741
7.4310
7.6070
8.2353
7.7403
7.9459
7.9326
7.6501
8.5500
9.0380
7.9992
8.3608
7.5836
7.9682
7.5939
7.5565
8.1399
7.0297
7.6680
8.3528
7.3895
8.0478
7.6283
7.6717
8.5392
8.6555
10.2413
9.2523
6.3486
7.0583
7.4179
8.1182
8.2101
6.6784
6.7100
8.6266
7.8691
7.4951
7.5030
8.1104
7.6368
8.1490
8.0592
7.0388
7.8532
8.0746
7.0334
8.0654
7.8541
7.2008
7.9460
7.2587
8.0012
7.1860
8.2913
7.8965
7.7578
8.3291
7.7008
7.1349
7.6404
7.2954
7.0624
7.1329
6.2931
7.1117
6.5270
7.9632
7.5235
6.0595
6.8460
8.0902
6.7741
7.5815
6.1935
8.4546
6.2861
9.1292
6.9111
7.6196
7.4641
7.9034
7.5964
8.2365
8.6408
6.9293
6.0754
7.9105
6.3399
8.1908
8.7128
6.9669
