11.6287
8.4085
6.8594
6.2412
7.3184
6.5120
5.1096
6.7603
6.3024
5.5673
6.6490
5.7444
6.3395
7.6634
5.7818
6.7419
5.4561
7.0652
6.2666
5.5340
7.7924
7.3077
5.4122
6.8790
6.3189
6.9251
6.0835
5.9883
6.9377
6.5002
5.9254
6.4223
6.1501
6.0721
6.7111
5.1610
6.5988
6.3823
4.9911
5.8158
7.0635
5.8530
6.1808
6.1604
5.7567
6.6841
6.4143
6.6751
6.6898
5.6972
7.2467
6.4109
5.6577
5.2297
5.8075
5.6037
6.4235
6.8541
6.2739
5.0852
7.1201
6.6132
6.3161
6.7682
6.0131
6.4710
5.5066
6.8134
8.0503
6.7861
6.0726
6.6855
7.4689
6.7346
6.6499
5.7326
6.8995
6.1319
6.4435
7.0193
6.2404
6.1828
8.0302
7.1652
6.6906
5.9105
6.3124
6.3727
6.9520
5.5820
5.9194
6.2815
6.0331
7.8892
6.8910
6.0694
5.2855
6.1078
6.9487
6.6054
6.6642
6.9235
6.2797
7.1473
5.8352
5.9716
5.6031
5.4521
5.4297
6.2060
6.5359
7.5184
5.3773
5.4136
6.9620
7.3499
6.0988
6.4785
7.6110
4.7874
6.9891
6.9622
5.1885
5.8794
6.6432
6.4129
7.0094
6.0298
6.5580
6.8598
7.4242
6.5296
5.9652
6.2890
6.2749
5.4359
7.4429
6.1832
7.2565
4.9446
5.7694
5.4235
7.8026
6.3200
6.7563
7.0995
9.2635
6.5426
6.5317
5.5642
5.5630
6.6025
5.9885
5.1914
6.7032
5.4433
7.6430
5.9385
5.2551
7.3943
4.8642
6.0595
6.6068
6.1330
5.1299
7.0469
7.3000
5.6561
6.2422
7.0819
7.0024
6.4627
5.0738
6.3062
6.3849
6.4249
5.9707
6.7480
6.1541
5.0177
6.4233
6.6067
5.3554
6.9528
6.9364
7.9218
5.4458
5.5406
5.9728
7.8393
5.9098
5.7956
5.9340
6.0415
5.7647
5.1633
5.8559
7.9489
6.4067
6.6715
