18.6439
8.0771
6.4558
5.2219
5.5007
5.4255
5.9474
4.7733
5.4116
4.3217
4.4159
4.6261
4.4335
5.4926
4.1283
4.7945
4.1078
4.4856
4.0828
4.0823
3.7847
3.3241
4.5891
3.9578
4.2672
4.1124
3.2269
3.8557
4.4971
4.3464
4.3691
4.1547
4.3434
4.7471
3.7164
3.6355
3.6763
4.0856
3.1722
3.4134
3.6803
3.5756
2.9862
2.8422
3.6045
3.3682
3.9469
3.4994
5.3300
4.3114
3.9224
3.7581
3.8460
3.9555
2.9529
5.3677
3.0426
4.2034
3.2874
4.6948
3.8024
3.8655
3.5442
3.7004
3.7815
5.1409
3.7696
5.1162
3.5414
3.8885
3.4745
3.3737
4.6161
3.4607
4.2621
3.9561
4.0528
3.3190
2.8312
2.9799
4.2104
2.5950
4.8014
3.3549
5.4619
4.7354
4.3028
3.1578
4.6399
3.4624
2.9293
3.2733
3.6328
2.8196
4.1127
2.7392
4.0348
4.0183
4.1312
4.1639
3.5644
4.5256
3.2369
2.6591
4.3159
3.7362
3.9071
4.4014
3.4023
4.1311
3.7435
3.9103
3.6506
3.1331
3.8827
3.4013
4.1424
2.5400
3.6894
2.9168
4.3039
3.4398
3.8807
3.4738
4.1691
3.3298
3.3877
3.8558
3.2462
3.4846
4.0390
4.0905
3.3329
3.6721
4.1230
3.6734
2.5481
3.6078
3.0607
3.8538
3.6588
3.2785
4.4301
3.4739
3.1388
4.6252
3.8202
3.2662
4.1426
3.8091
4.2393
4.0308
4.1531
3.0173
3.0487
2.7825
3.0927
2.9600
4.2194
3.3800
3.9313
2.9796
3.2026
3.2495
3.6569
3.3886
3.8581
3.7470
3.5419
3.5717
3.1354
3.4160
3.6531
4.5468
2.8960
3.1638
4.0975
3.1655
2.8834
4.6417
3.9414
3.8742
3.6759
4.0595
3.0321
2.7562
3.0434
3.4510
3.4214
4.0983
2.8466
3.0292
3.4187
3.7122
4.5969
2.9512
4.0817
3.5423
3.0829
3.8342
