19.2244
8.8425
6.8059
6.0342
4.9245
4.8297
6.2765
5.3866
5.0182
4.7294
4.9244
5.6087
5.6552
4.7088
5.7141
4.2482
5.7535
4.9054
6.7133
4.0270
5.4819
4.5643
5.5753
5.2823
4.1231
4.6888
5.0489
4.5105
4.6110
4.6994
4.0680
4.5032
3.4895
3.7247
4.3216
4.5064
5.1406
4.3844
4.0261
4.0503
5.0795
4.6337
4.2563
5.2448
4.5886
4.5293
3.8201
5.7250
4.9740
3.6569
5.0887
4.5040
5.0345
4.3765
5.5371
4.6608
3.5826
5.1270
4.6819
4.7611
3.4553
4.5238
5.2904
4.0847
4.4497
5.6621
4.7010
4.7511
3.9385
4.3741
4.1095
4.1305
4.0674
4.7468
3.9579
4.1267
4.4681
4.3854
3.6898
5.0795
3.6647
4.6124
3.7846
3.9109
3.3762
4.1221
3.6388
4.3839
4.9058
5.2660
4.0745
4.5994
4.2011
4.1998
4.0482
5.5468
3.7066
4.6179
4.7588
4.8057
4.3256
4.1891
4.9979
3.8691
4.3454
5.8062
5.1422
4.8225
3.9149
3.5461
4.3177
4.2138
3.5331
4.3915
4.2023
4.2556
4.0205
4.7338
4.1406
4.8516
3.2415
4.5807
9.4860
3.5054
4.1397
3.4808
4.0110
5.0001
4.5470
4.0897
3.8634
5.2288
4.3654
4.7422
3.9012
4.5224
4.2554
5.1125
5.5933
4.1521
4.0825
4.1334
5.3050
4.4928
4.3165
4.3908
5.1146
5.0432
3.7620
4.0628
2.9820
5.1552
4.8681
3.7234
3.9606
4.6490
5.1307
3.7882
4.2343
5.3947
4.0285
5.3988
3.2791
4.7267
4.7838
3.8209
4.8424
3.6190
3.3367
3.9478
4.7208
4.9985
3.5029
4.2451
3.2447
4.3940
4.5505
3.5348
4.9579
3.9397
4.6742
4.3969
3.3812
3.0653
3.8469
4.3165
4.4559
5.1629
3.6763
4.4301
5.3705
4.6284
4.9554
4.4969
3.5296
4.8232
3.9667
4.2084
4.6909
3.7618
