1.9662
1.8825
3.4557
4.5757
4.6703
5.0070
4.8578
4.3335
5.1844
5.1453
5.1522
4.7278
4.7280
4.7891
3.4010
3.6006
3.9315
3.3492
4.2204
4.2608
4.2792
3.2383
3.6007
3.7023
4.0432
3.6337
4.1282
4.4842
3.9330
3.7155
3.9863
3.6516
3.5630
3.7444
4.1148
3.3757
3.2618
4.5773
3.6811
3.8507
4.0510
3.5271
4.0503
4.6263
3.5699
3.5171
4.1017
3.2939
3.8452
4.0090
3.6898
4.5447
4.0689
4.1290
3.4550
3.4141
4.1832
4.3976
3.5918
4.0502
4.5501
3.3559
3.8847
2.9597
2.6578
3.0387
4.5990
3.2307
3.8336
4.2857
4.0029
2.9735
3.8437
3.4359
3.4287
3.7913
3.7475
3.2651
3.3467
3.1234
3.5288
2.8265
3.2845
4.2938
3.3968
3.3175
3.1292
3.8370
3.3011
3.7081
3.4414
4.2935
3.7784
3.6183
3.7639
3.7407
3.0187
4.3145
3.1342
3.2902
3.9700
3.5837
3.2256
3.2991
4.1986
3.7865
3.5040
3.7063
4.4689
3.9008
3.4421
3.1846
3.4244
3.2581
3.5938
3.2290
3.4049
3.7490
4.1218
3.5472
3.2452
2.9403
3.3902
3.8524
3.8534
2.7519
3.5538
3.0931
2.4857
2.5484
3.8693
3.9325
2.7382
3.9896
4.3887
3.9907
3.9169
3.7645
4.4133
3.4079
3.8185
3.7903
2.9025
3.1043
3.4587
3.4872
3.2516
3.0139
2.7981
4.1420
3.0934
3.1987
3.7834
3.2260
3.5073
4.0613
2.5763
3.9148
3.3669
3.1550
3.8661
3.4625
4.8083
3.7640
3.9474
3.3379
3.9075
3.0811
3.9194
3.4928
3.1493
3.2410
3.0280
4.3854
3.4215
3.9719
3.6166
2.8018
4.0842
3.7013
3.7972
3.1465
2.8690
3.3684
4.6282
3.4559
3.0694
3.7035
2.4661
2.8714
3.1433
3.7654
2.9646
3.1248
4.1049
3.0265
2.7399
3.2646
3.8872
3.7290
