20.8655
12.5105
9.9234
10.0774
8.4617
7.4364
9.2163
6.9485
6.9175
8.5446
7.8917
6.8683
6.5034
7.8376
8.0845
6.7573
8.3861
7.5166
5.9402
7.5155
6.4722
6.3931
6.7643
8.3609
6.7816
6.9465
6.3014
7.5220
7.2770
5.8409
6.4864
7.1629
6.8467
7.4100
6.4275
7.7456
6.9082
6.2533
5.6950
5.4522
4.7492
6.8009
6.7004
8.0543
7.0180
5.6782
6.1349
8.3102
5.8982
6.0759
6.0618
6.6535
6.7430
6.8611
6.1220
5.4093
5.8243
5.7938
6.9005
7.2772
6.2150
6.5831
7.7207
6.1067
7.7928
5.9848
7.0685
6.4859
5.9268
6.1270
5.4270
5.4985
5.4683
6.0601
5.4957
6.4640
6.4050
5.8279
6.1669
5.2184
9.1494
6.2272
7.4944
5.9629
6.5184
5.2631
5.5373
7.7704
7.3090
6.0490
5.3941
6.6062
4.7960
5.9168
5.5331
6.2803
6.1403
6.5031
8.3528
4.8010
6.7285
5.0540
5.5365
5.9189
6.1591
5.8634
6.4348
4.5915
6.7759
4.9525
6.6738
6.3288
4.9863
6.1773
6.0327
6.1166
6.0713
7.4791
6.4641
8.8515
5.9686
6.0417
6.5006
5.5228
8.0300
6.5459
6.4375
5.3147
6.1968
5.4660
5.7017
6.3454
7.2125
4.6633
5.0161
5.6863
5.8278
6.3153
7.1846
5.3525
6.1217
6.1580
6.0582
6.2289
7.7468
6.4962
6.1862
5.2208
6.7785
5.0774
5.7680
6.9754
5.9973
6.1866
6.0846
6.5316
5.9999
4.8076
6.4188
5.5685
6.4880
6.3640
7.1586
6.3414
4.9647
5.8339
6.4190
5.6890
6.4567
6.3446
6.0153
4.7384
5.7389
6.1063
6.0524
5.5809
4.4107
4.1925
6.0701
6.1726
6.4475
6.5706
6.3038
5.7398
4.9880
5.5842
5.4319
5.1667
5.7130
5.6119
4.8196
5.9745
6.3016
6.2117
5.3461
6.0545
7.3518
6.7426
3.8696
5.5598
