2.9530
3.5947
5.4743
7.4467
8.9280
9.5564
10.0253
9.2037
9.3730
9.2180
9.6381
8.4196
9.1118
8.5044
9.1595
7.6078
8.5712
8.1492
8.2066
8.3298
7.5010
8.2723
7.5232
7.9415
7.6394
7.2110
6.6224
8.0588
8.1522
7.8886
6.5649
7.7807
7.5901
7.8221
6.1446
6.2937
7.5185
6.5342
7.3444
6.5923
6.0772
7.1517
7.1900
10.3578
5.9899
5.5008
5.8459
6.5791
7.1330
5.5809
6.7755
5.9171
6.9599
6.1661
6.0819
6.4178
6.2597
6.3475
6.9521
7.7474
5.4192
5.7716
6.9692
6.2329
5.3692
7.2305
6.9245
6.3132
5.7004
6.3626
5.3209
6.0283
6.7681
6.9315
7.3462
6.8166
7.5444
5.9637
5.8616
6.9151
6.1755
6.5617
5.7729
6.9770
6.2612
6.2283
6.4342
6.9589
6.4538
6.2423
6.3987
7.1198
6.2261
5.1253
7.8026
5.5089
5.9984
6.0905
5.3607
4.7058
4.5130
6.4440
6.7120
5.9237
6.6718
5.3331
5.7241
6.4354
6.0937
6.6030
6.4676
5.8197
6.5988
5.6518
5.2635
7.0061
6.3199
6.8461
4.8648
7.4890
7.0822
6.0092
5.8566
5.6782
4.6104
5.4099
7.9620
6.0164
5.2135
5.3818
5.7764
6.0532
5.5858
6.0307
4.9586
5.5234
5.4713
5.4654
6.1481
4.5065
7.2547
6.0529
5.4393
5.9975
5.6927
5.6129
5.5920
6.3251
4.8350
5.7781
5.5210
5.8535
5.7018
6.3124
5.3299
7.1464
5.5038
4.6477
4.4779
6.8595
6.3398
4.1071
4.1785
5.0720
5.4735
6.1007
6.0482
7.5774
5.7029
6.2422
5.6783
4.3966
5.8484
7.5983
5.7292
5.0954
4.5769
5.4374
4.6891
5.7361
4.8736
6.6989
5.6146
5.5423
5.2992
5.5945
6.0511
5.0946
5.7184
3.8908
5.9213
6.0857
5.6342
4.6202
4.5220
4.6081
6.5029
5.7674
5.5260
5.2087
