1.9511
3.6344
5.5895
7.1179
8.6611
8.7561
8.1031
7.6333
8.1439
7.9969
7.1110
7.0160
6.0023
6.0636
6.6271
6.5613
6.6420
6.1675
6.4788
6.5622
9.9001
7.0368
5.2170
6.8436
7.2169
5.0178
6.8620
5.8671
7.1236
5.9666
4.7596
6.6442
5.5219
6.5017
5.0452
6.8393
7.0743
6.2209
6.6883
4.5986
6.5920
4.1531
4.8122
4.9768
6.0051
5.8001
6.0763
5.4337
5.8478
4.9238
4.2069
6.6686
4.9801
7.0880
4.6227
5.2872
4.8744
4.6784
5.1067
6.4288
5.1389
5.7967
4.1683
3.6328
7.0229
4.9806
4.9277
4.9515
4.4182
5.5320
4.4305
5.8878
5.8714
4.9764
3.8577
3.9301
5.2182
4.4923
4.6446
3.5053
6.0638
4.3129
6.3786
6.8034
6.9160
4.6482
3.8066
4.7338
4.1119
5.0377
5.0329
6.0923
4.6040
4.2149
4.3397
4.9455
4.5107
5.7465
3.7231
4.8169
5.6115
5.2568
4.1080
4.6352
7.0566
5.9527
5.1328
4.0809
5.3947
7.4281
4.0118
4.1908
5.0434
5.7194
4.4288
7.0552
4.8177
5.3150
4.2693
7.1478
4.2528
4.0946
4.3919
6.5838
4.5019
5.2342
3.9929
6.0614
4.0752
5.4790
6.0819
4.6628
4.2135
5.6721
4.3019
5.3336
3.7089
3.7766
6.0658
6.8733
3.8468
5.8366
5.4068
5.0985
4.6482
5.7364
4.1158
6.4484
3.2681
5.7698
4.1074
4.2691
4.0347
5.7388
3.9090
4.5047
4.1022
4.7926
6.1731
5.2706
4.2078
4.7611
5.0351
3.7099
6.2724
3.9754
6.9117
5.6031
5.1338
6.8700
6.1051
4.7706
4.4845
3.9627
6.1350
5.9548
3.9085
6.0031
4.4876
3.2879
4.8874
5.3255
6.3334
4.9669
4.5361
5.8650
3.9287
3.9652
4.8427
5.4502
3.8714
4.6964
5.6822
3.8391
4.7854
4.6011
3.9679
5.2388
3.8319
5.3215
