2.8620
2.8331
3.7712
4.6990
4.3208
4.4547
5.0034
5.0771
4.4084
5.0721
4.5342
4.8695
4.3883
3.6836
3.9486
3.6037
4.1995
3.8163
4.0794
3.8104
4.3792
4.0996
4.5645
3.8076
4.2498
4.3699
3.3437
4.0458
3.7151
3.2117
2.7856
3.8383
3.2251
3.4188
3.5206
3.9292
3.5040
3.7516
3.7245
3.1086
3.9803
4.1393
3.3247
3.9884
3.4710
3.7076
3.2669
3.2850
3.4397
4.0435
3.3994
4.1035
4.6942
4.4581
3.6325
4.2307
4.0231
2.7196
3.9671
3.5034
3.5258
3.7565
4.0795
3.9178
3.2531
4.5542
4.3700
3.4186
3.7308
3.1577
3.4990
3.5738
3.8824
3.5661
3.2574
3.6739
3.7134
4.5472
3.7388
4.3517
3.5903
3.9635
3.7381
3.2837
3.1467
4.0099
3.5951
3.6362
4.5050
4.0716
4.2791
3.1084
3.5305
3.6727
4.0826
4.3311
4.2130
4.4012
2.9443
3.6368
3.7052
4.1022
3.0344
4.3830
3.3119
3.4826
3.6703
3.8354
3.4897
3.3797
3.2238
3.4471
2.7887
4.4206
3.7453
3.7042
4.2993
3.4287
3.5762
2.9640
3.9502
3.9640
4.9742
5.4644
3.4521
3.8740
3.4104
3.8633
3.4537
3.3311
3.4553
4.1698
3.3869
4.2427
4.1726
3.6806
3.6903
3.6661
3.7153
3.2601
2.6806
4.1825
3.3931
3.6894
3.9591
3.0451
2.8192
3.5455
3.3782
4.0219
3.1242
3.6740
3.7569
3.9325
4.1112
4.0441
3.8411
3.3053
3.6083
4.0911
3.0330
3.2568
3.0718
3.8160
4.2796
4.1361
3.9397
3.7318
4.1335
3.8686
3.6175
4.3991
3.4855
2.7391
4.2219
3.3619
3.7179
3.4389
3.4557
3.7399
3.5904
3.6391
3.6611
2.9913
4.5752
3.8258
3.3828
3.4788
2.7859
4.8545
2.6252
4.3340
3.9235
3.2718
4.2706
3.6786
4.1772
2.4331
2.7140
3.6452
