10.3343
3.7097
2.6175
3.2578
3.2837
1.9069
2.6271
3.2256
1.8425
2.7121
2.8474
2.4689
1.6841
2.9847
1.9302
1.5960
2.9373
2.0434
1.7716
2.4387
1.6854
1.4694
2.3526
1.5984
1.9974
1.4477
1.1594
1.4085
2.0035
1.3220
2.0671
1.8480
1.8247
1.2254
1.5204
1.8429
1.0908
1.9638
1.5087
1.5324
2.2551
1.8875
2.3285
1.2293
2.0266
1.4300
2.9265
1.0814
2.1706
1.2242
1.1163
1.8491
1.5896
1.8911
1.1168
1.8528
1.9070
1.2093
1.5812
1.8914
1.0806
1.7456
1.5921
2.1743
1.7712
2.2461
1.6579
1.6348
1.6466
1.6412
1.0529
1.5021
2.3900
1.7254
1.9108
1.1240
1.7280
0.9957
1.9810
1.4576
1.2571
1.7586
1.3773
1.1604
1.1170
1.1343
2.0167
1.3344
1.3326
1.3630
1.0875
2.6686
2.3717
1.3616
1.0932
2.5210
1.3649
1.5410
2.0010
3.4612
1.4526
1.2107
0.8701
1.3785
1.3029
1.0064
1.2560
2.2688
1.8126
2.5403
0.8486
1.6662
1.9242
1.8431
1.1184
0.8673
1.7178
1.1468
1.5531
1.3533
1.5311
1.4063
1.2954
1.3528
1.7748
1.6548
1.8990
1.0647
1.6791
2.0017
1.1084
0.8097
1.2971
1.5864
0.9561
1.9859
1.2224
2.2238
1.1477
1.5470
1.5241
1.6233
2.0462
1.3204
1.3035
1.4471
1.5531
0.8360
1.6789
1.6913
0.9535
1.4871
1.6568
2.1818
0.8334
1.4413
1.4890
2.1240
1.3861
1.5498
1.7323
1.7050
1.7000
1.5390
2.0264
2.1111
1.7497
0.9732
0.9010
1.5072
1.7705
1.5361
1.7759
1.0791
1.5233
1.2550
1.0864
1.0698
1.0300
1.4299
0.9325
1.4339
1.2529
1.8755
2.1219
1.0273
1.6430
1.2842
1.4716
0.9938
1.7338
1.2944
1.2200
1.1785
1.3111
1.0392
0.9909
1.6828
0.7799
1.6356
