16.3075
2.0445
1.9243
2.0718
2.5620
2.1654
2.0243
1.7304
1.4399
1.7403
1.8829
2.9700
1.8628
1.6310
3.4535
1.7311
2.2292
2.0526
2.0329
2.1502
1.6707
1.6191
1.8054
1.8846
1.8977
2.0613
2.0002
2.4312
2.1282
1.9851
1.5422
2.1875
2.0494
1.7059
2.7745
2.9253
2.4732
1.6718
2.1914
1.8979
1.9855
1.5709
1.2297
1.4951
1.5808
2.0208
2.4656
1.4219
1.6752
2.3313
1.7367
1.6882
2.1129
0.9817
3.6808
1.4919
1.9084
1.6264
2.2387
1.8775
1.4418
2.0483
1.2909
2.0781
1.7005
2.2804
1.7887
1.4144
2.2896
1.3996
1.7171
1.3276
1.4491
1.9649
1.5022
1.6392
2.6500
1.3228
1.6036
1.3668
1.8937
1.9138
2.2541
1.2222
2.2721
1.4709
2.1792
2.1353
1.9539
1.1646
2.7935
2.0227
2.6365
1.9699
1.8278
1.1149
1.0448
1.8409
1.4559
1.1450
2.0829
1.9880
1.1565
1.7289
1.3646
1.5442
1.8250
2.0033
2.2447
1.3793
1.9489
1.9362
2.0830
1.6919
1.4958
2.1492
1.3381
1.2172
1.7075
2.7341
2.5111
1.7875
1.5365
1.8826
1.8300
1.7194
1.7825
1.9827
1.2047
1.8032
2.4284
1.6104
2.7284
1.9820
1.5241
1.2406
2.8457
1.5606
1.4508
1.2023
1.8703
1.7513
1.0083
1.5888
1.9101
1.3895
1.8320
1.7845
1.5753
1.9805
1.7488
1.7562
1.8039
2.0051
1.3379
2.2300
1.4522
2.2220
3.0941
1.1338
1.9094
1.3518
1.6606
1.8502
1.5665
1.6713
2.6864
2.6471
1.5850
1.7765
1.8154
1.6747
1.3612
1.3778
1.3805
1.9726
1.4356
2.0630
1.4887
2.3555
2.0351
1.9489
1.9300
1.6886
1.6628
1.4444
1.5269
1.5878
1.8793
1.6852
1.6252
1.3345
2.5813
2.5080
1.2762
1.3880
1.9391
1.1282
1.3864
2.1262
