2.4451
2.8375
4.5887
6.0136
6.3654
6.6835
6.8071
7.7279
6.5512
7.3687
6.8249
8.8503
7.2891
7.7695
6.9902
6.2588
7.6746
6.1989
6.7622
9.1069
7.3381
5.0749
7.4441
7.3514
5.0780
5.5461
6.0547
5.8358
5.8417
6.2917
7.6084
8.3276
6.8551
5.9334
6.2172
7.7546
6.0158
6.3726
5.1349
5.6137
6.1130
5.0090
5.1718
6.2441
10.4059
6.0754
5.6678
5.3817
6.5043
5.2236
5.2759
5.8197
5.0958
5.9586
6.2109
4.7180
7.6116
5.9663
5.5319
5.9723
6.1372
4.8867
5.6468
5.7158
5.5662
7.0092
4.9732
5.9215
5.4038
6.3292
5.2464
6.1796
6.2081
5.6834
4.9231
5.6387
5.2470
6.7695
5.7894
4.6565
5.4080
4.6848
5.0930
4.7337
4.8723
5.3789
4.8546
5.1469
4.5720
4.9256
6.5587
5.6859
5.4456
5.8514
6.2063
5.4774
6.3252
5.3284
6.9797
5.9723
6.1640
5.2386
4.9905
6.2786
5.9641
5.2124
5.6228
5.2735
5.4243
5.1460
5.2222
5.2026
5.4744
5.0296
4.7884
5.2335
5.0383
5.4116
5.0443
6.0638
4.3960
6.2640
4.7296
4.7341
4.6171
5.8419
6.3565
5.7596
5.3290
5.9445
5.5688
5.3630
6.0151
6.0829
4.2047
4.8998
5.3446
5.2471
5.7820
5.6405
5.7366
5.4953
6.1397
4.5880
6.3101
5.5613
5.0181
4.9626
4.6469
4.6491
4.4477
5.0357
4.4187
4.8610
5.1703
4.7187
5.7933
4.8651
4.3608
4.3497
5.2917
4.4212
4.9964
4.7938
5.5936
5.1795
6.2096
5.8319
4.9233
5.0579
5.5998
5.7206
4.8605
5.7197
4.0484
5.3676
5.4191
5.4126
4.6475
6.2662
5.4063
6.4048
5.4196
5.5061
4.4801
5.6990
5.5059
5.4898
4.8813
6.1675
5.2373
5.1385
5.7698
5.1614
4.6590
4.9570
5.6756
5.0308
6.2593
5.9949
