5.0590
11.6931
13.1259
18.1698
20.0374
23.6027
24.3590
24.2240
25.8593
25.1104
27.7218
28.4676
26.6462
27.2097
28.8174
28.2611
30.5489
30.1326
33.2517
33.0113
31.5662
34.0173
34.9696
33.0617
33.0217
33.2018
36.7790
38.6936
36.8226
39.1980
37.0011
33.9896
34.9575
36.6190
38.8419
39.2035
37.2601
40.5711
36.6588
39.2983
39.4518
43.6134
38.0844
38.8072
36.1476
37.6320
39.0181
39.3080
36.2344
36.0915
41.4869
41.7770
39.8381
42.0214
43.1045
43.2574
40.2035
43.2866
40.3699
39.9328
40.1203
40.9051
44.8215
40.1993
41.5125
38.7171
43.0302
46.3291
38.8945
43.0425
43.0296
42.5135
43.2514
41.6284
41.3776
40.1266
41.4779
49.8512
45.1708
47.4821
43.5752
49.0872
38.8187
40.9337
41.5380
51.5606
42.1863
42.3454
47.2882
42.1905
60.2759
44.1574
45.9457
45.0775
47.8119
43.3793
49.9133
41.8915
41.0016
42.4389
45.8299
42.2248
42.2098
50.2966
47.0270
44.4605
47.6495
49.8436
47.1450
43.5376
48.8955
45.8206
46.9587
45.6582
46.4236
48.5193
49.1288
43.1045
42.7116
43.7786
44.7081
49.5274
50.0621
42.2934
46.6154
50.4107
43.2854
43.7939
51.0819
45.6184
44.2803
50.5002
49.1048
49.2952
46.4511
51.9645
54.8313
40.7003
45.7730
44.1677
50.4403
52.0555
46.0469
47.1565
50.8789
52.4253
51.8511
51.5965
50.5301
53.8765
47.9394
45.0400
47.8874
42.4793
45.0962
49.7279
56.8030
41.1970
50.1690
63.0947
53.8441
46.3219
43.8353
50.2147
53.1321
48.6989
43.8289
47.0590
51.6062
48.4411
51.7901
46.1889
50.2978
49.9310
46.7898
47.5135
46.9567
67.2802
45.7795
61.2185
49.2001
46.5809
56.3316
54.2956
51.3033
50.7361
51.4284
54.3018
49.8619
53.1885
59.2312
47.5887
47.2140
54.6180
48.3865
60.9041
47.7914
47.0665
48.8815
54.7139
