2.8008
4.0906
5.2452
5.9361
6.8949
6.8236
6.3956
7.9984
6.6305
7.1758
6.6236
5.4883
8.5185
6.7016
6.9465
6.8718
5.9775
6.2863
6.7345
5.6943
6.8928
6.1037
7.1803
4.4198
5.2313
4.8835
5.7058
6.3025
4.2686
6.8945
5.6938
8.0306
4.5182
5.2777
5.1982
5.8619
6.5810
4.0387
5.6179
4.1654
6.8789
4.6842
4.9699
5.4507
3.8246
4.9191
3.8940
5.7854
6.8840
4.8662
4.2128
4.5392
6.9017
6.8203
4.0786
6.6868
6.8093
7.5004
5.9474
4.3520
4.0488
6.2746
8.8429
5.5123
4.0079
6.3392
4.6031
5.8109
5.0443
4.4227
5.1687
5.3636
4.3783
6.0342
6.6626
5.1327
3.2203
4.3710
5.5466
5.5042
6.0442
6.0812
5.2624
5.5393
5.3534
5.2470
5.1153
5.1080
7.5420
5.2515
4.0271
5.4744
8.2714
5.3818
5.2855
5.9643
4.4754
6.4845
4.1450
4.8926
4.8256
4.6108
3.6450
5.8143
4.6318
5.5688
5.5658
5.4106
4.3600
4.4790
4.4630
3.5757
5.2609
3.8200
5.2471
4.0413
3.6842
4.4674
5.8569
6.0786
3.8460
4.5614
4.8154
4.7033
5.0083
4.7802
3.3373
4.4748
5.7874
6.3934
5.9646
7.7548
4.4586
4.6020
4.9201
3.6828
5.4283
4.1021
5.4011
3.7999
3.6776
5.6201
6.1598
4.8951
5.7641
6.3387
5.4032
6.0797
7.3977
4.8680
6.3978
3.7023
5.5480
5.4090
4.5583
6.3558
5.2466
5.6795
4.6104
4.0866
4.5135
7.5920
7.4606
8.2451
4.9312
4.5904
4.8316
4.9893
4.8521
4.7623
4.9910
5.7213
3.9807
5.1593
6.9338
7.0523
7.7915
4.0409
5.7081
3.2344
5.6991
3.9554
6.4030
4.1047
4.9033
3.1355
3.9759
3.6452
6.7652
3.0053
3.6493
4.8525
5.2531
4.3047
5.1318
3.4780
5.4300
4.0962
4.0882
3.4883
