2.9891
2.8707
5.5504
8.1737
11.1361
11.3133
11.4367
11.1562
10.7930
10.1949
11.8734
11.3349
10.0792
10.7113
10.4138
10.1069
9.2010
11.4586
10.8798
10.7035
11.9860
10.0214
10.0161
10.4645
9.5959
8.6428
9.8823
10.2342
10.1786
9.5010
9.4235
9.4229
9.0139
10.0803
10.6286
8.0388
8.7420
8.2759
9.5737
8.8927
8.0529
9.7657
8.2314
6.6305
8.5184
8.2130
8.5876
8.1419
7.9002
9.8448
7.3523
8.8904
8.3264
8.3372
7.7681
8.6004
9.9252
8.2211
7.7842
9.1979
8.8574
8.9732
7.4000
7.7063
7.8456
7.1719
8.4961
9.6454
7.7751
8.3847
9.4017
7.7917
8.7465
7.9551
9.0387
6.4555
9.4484
7.3842
8.2450
6.2736
7.9195
8.2054
7.4929
9.3586
6.4978
8.1170
7.2318
7.1706
8.6580
9.4423
6.9127
7.8281
8.6366
7.0074
7.6240
5.6521
6.7673
7.2465
7.0861
7.1170
7.4768
7.3658
5.6634
6.9975
7.0491
6.3233
7.4198
7.7034
7.8444
6.7983
4.9403
6.9468
7.5621
8.0648
7.7499
8.6839
8.0572
6.2381
6.2748
6.0997
7.2248
6.7782
8.1373
8.0123
6.9130
6.3186
6.3542
6.5593
7.3351
6.3630
6.3830
7.1187
6.9087
7.5660
7.1345
6.9816
7.3333
7.5770
5.8993
5.7867
7.1243
7.4194
6.4115
6.5545
7.0957
6.8840
7.0750
7.4433
7.2129
6.7540
8.6869
5.0559
7.2976
6.7945
6.6047
7.3298
7.2500
6.4314
8.4845
7.3155
9.3173
5.8715
7.7136
6.3743
6.0207
5.0174
7.3448
7.6588
7.6035
7.2226
6.2062
5.6068
5.8182
7.8715
6.7281
4.5828
6.6774
7.8235
7.3843
6.7686
7.6977
6.5152
6.1076
7.5380
7.2640
5.4085
6.8438
7.1106
6.6023
8.8152
6.6770
7.7513
7.1504
5.8483
6.6014
6.2927
7.1420
6.9129
7.0604
6.1133
