1.5550
1.8258
2.1049
3.5800
3.9755
5.1127
4.4710
5.2162
5.0149
4.9812
5.2138
4.9787
4.7064
4.6304
5.0773
4.6807
5.3154
4.4824
4.1946
4.6927
4.4917
5.2052
4.9295
4.9369
4.9887
4.8772
5.3564
5.1530
5.3620
5.4726
4.6085
4.4896
4.8603
5.1638
5.8640
4.7354
4.4917
4.8121
5.1071
4.9362
5.1383
4.9758
5.4044
4.6820
4.3916
4.8508
5.3253
4.9271
4.4216
4.5561
4.8116
4.7280
4.3572
4.3571
4.6234
4.6612
4.6024
4.9454
4.7169
4.7658
4.7619
4.6888
5.3079
4.6725
5.0605
5.1872
5.1794
4.3465
4.4050
4.4466
5.0229
4.1092
5.6845
4.3651
4.2412
4.2730
4.4836
4.7473
4.3915
4.5520
4.5631
5.2536
4.1488
4.5150
4.3482
4.1752
4.7891
3.9883
4.4076
4.7891
4.6131
5.2511
5.2957
5.0089
4.5466
4.1447
4.6449
4.3996
4.2981
4.3834
4.6214
4.3735
4.2191
4.6012
4.6433
4.5718
4.4599
4.4790
4.2099
4.2523
4.4502
4.6470
4.3311
4.6720
4.4090
4.5544
4.3619
4.1036
4.7403
4.5335
4.0556
4.0041
4.2987
4.3529
4.5702
4.5752
4.3874
3.9056
4.6264
4.2276
4.4360
4.4378
4.3351
4.6883
4.5162
4.0684
4.7723
4.2057
4.4720
4.2527
4.1112
4.3437
4.9501
4.8164
4.1187
4.2674
4.8093
4.3556
3.9751
4.7613
4.8915
4.6659
4.3001
3.7406
4.3621
4.5917
5.1965
3.9102
4.3339
4.3405
4.3633
4.5015
5.0249
4.5402
4.5687
4.4422
4.0705
4.0670
4.2836
4.3949
4.9813
4.2591
4.4998
4.5064
4.1176
4.4706
4.5885
4.5694
4.0503
4.2435
4.3588
4.2618
4.0877
4.0473
4.4755
4.0697
4.1116
4.5070
4.8485
4.7426
4.6485
4.6710
4.2933
4.2942
4.0506
4.2427
3.8128
4.1116
4.3512
4.0874
