19.6963
13.3120
8.2185
9.4686
12.0136
8.9798
10.1761
11.9750
10.3612
13.6796
8.2367
11.4187
12.5186
12.2401
10.5637
6.2602
5.0942
9.6554
10.9199
12.2445
10.8984
15.3081
9.8437
12.0056
9.8009
10.2298
14.0507
8.7861
13.8614
5.8044
10.8116
10.3109
10.1889
9.7618
14.7161
12.9950
11.0106
9.9844
13.1682
11.6071
10.0393
8.1344
10.5503
8.6853
9.1120
7.5076
11.4307
6.8244
7.8038
14.0491
8.0815
7.4071
9.1020
15.1922
13.3949
10.0142
9.1820
9.1230
13.4013
8.5306
16.9443
7.2246
11.1032
9.0962
12.1619
13.1923
11.7457
10.4289
15.1009
6.3035
12.0077
8.3485
14.6500
13.3467
11.6149
10.8601
12.4897
4.0410
11.2352
5.8931
8.9259
5.9188
9.8318
13.6842
9.5901
14.5386
5.4454
15.6232
8.1323
13.6267
9.7918
17.0199
6.2405
10.8594
5.1863
14.1489
7.2360
10.3501
5.3006
11.7324
3.7302
12.9444
7.6541
12.7354
10.7699
8.5051
11.6866
11.5215
7.3273
10.5598
3.6705
13.8226
10.4228
8.7604
9.9040
9.4707
9.1485
6.0320
12.1032
13.9202
12.1272
11.6129
13.6877
11.8916
7.6274
9.0114
6.6690
13.2761
5.8969
8.1236
10.6184
7.7203
10.0778
11.0587
12.7000
12.8563
12.3611
12.9813
8.6601
8.7955
9.8568
11.6442
14.4327
7.9216
9.2320
10.5490
5.7327
10.1809
11.0529
10.9177
11.3483
12.1327
9.0495
10.8664
11.6419
10.1575
6.3243
12.7639
10.8229
10.7799
11.1531
12.5599
12.0327
10.2307
9.5085
13.3499
5.4034
11.6352
12.1775
10.6410
13.1500
8.1674
9.6511
9.2396
13.7086
5.3308
15.8207
11.8425
10.7507
8.7857
12.2185
12.8929
8.3641
7.3656
11.9779
5.4842
16.8003
13.4144
8.3321
10.7055
12.7660
13.4915
9.2301
8.7267
12.7250
11.9361
9.6112
10.1441
15.2157
4.8532
