17.4162
7.2564
6.7012
4.8271
5.2907
4.4841
4.9177
4.6187
4.5439
4.8663
4.5210
4.4062
4.3730
4.1306
4.7937
4.9407
4.9310
4.0130
5.3350
4.6417
3.3782
3.3278
4.3443
3.4770
4.5543
4.1083
4.1301
3.4948
4.3358
3.3820
3.8214
4.4666
3.3404
3.9670
3.2813
3.4943
4.1552
4.0255
4.3565
4.1971
4.4927
3.9814
3.0928
3.8148
3.7282
3.6946
3.9273
3.7628
3.1082
3.4634
3.6102
3.3109
3.6462
3.5379
4.2265
4.0531
3.4903
4.5687
4.2537
4.3451
4.8588
3.2170
3.2291
5.1760
3.5134
3.3412
4.8683
3.4622
4.1046
3.8558
4.2319
3.8822
3.9159
4.0262
3.4588
3.1544
4.0111
3.9986
3.6323
2.8780
4.7184
4.1219
4.2980
5.6201
3.3506
3.1000
3.1556
3.2472
3.4044
4.6246
4.0672
3.7302
2.5817
3.7401
3.2530
2.3798
3.5169
3.5922
3.8532
3.2117
3.5203
3.6716
3.1165
3.5042
3.1788
3.8838
3.5391
3.9645
3.2483
3.7814
3.1735
3.0999
4.0739
3.3117
3.4920
3.6640
3.4073
3.5377
3.8731
3.1098
3.2253
3.9346
5.0809
2.5279
3.4448
2.3340
4.3195
3.3100
3.5544
4.2272
4.4167
3.2166
3.0652
3.4042
3.3596
3.4075
3.5948
3.3994
3.4015
3.5273
3.7819
4.0187
3.0237
3.5465
3.3462
3.1104
3.5536
2.8397
2.8635
3.7334
3.1286
2.9988
3.0592
4.0015
2.3466
3.8906
3.1856
3.3694
4.2414
3.2776
2.6490
3.0833
3.7424
3.0256
3.3233
4.1133
3.9575
3.6510
2.9403
3.4325
3.6782
4.1725
4.0043
2.6286
4.2228
3.9979
2.7957
3.7273
4.7415
2.8475
3.4656
3.2736
3.0578
3.5379
4.8490
3.5834
3.1840
3.4614
3.8812
4.1416
3.1173
4.2454
3.2686
4.8508
3.6123
3.9303
3.5418
3.4127
3.7830
3.4686
