21.4358
8.2614
6.5039
8.6670
6.3832
6.1295
5.5728
4.3630
5.1691
5.5925
5.7350
4.5840
6.5057
4.5206
5.8552
4.8039
5.8018
4.4693
4.9711
4.8288
4.3312
4.6914
4.8900
5.5333
4.9011
4.8178
4.3092
5.0484
5.1028
5.2512
3.6883
5.1350
5.7574
5.3471
4.5805
4.4200
4.5607
4.4959
4.9569
3.6574
3.9922
4.2372
5.5430
5.7597
4.4871
3.1332
4.4018
4.5142
4.9274
3.8323
5.1245
4.3589
4.9454
4.6578
3.8851
3.9127
4.7535
4.4033
5.0445
5.5816
3.3510
3.6501
4.3990
4.7457
4.2062
4.6918
4.5676
4.1289
4.7453
4.0122
3.6360
4.8922
4.5716
4.5486
4.5494
4.5491
5.8022
4.0348
4.4810
4.8805
4.6345
4.2702
4.7805
4.3498
4.8701
5.4056
3.8706
3.9773
5.0210
3.7791
5.1254
4.5314
4.3297
3.1537
5.2063
4.2437
4.5548
4.8868
4.0765
3.7082
3.9486
4.3584
4.4984
4.2569
4.7587
3.8027
5.1430
5.2607
4.8481
5.1710
4.7635
4.4965
4.6402
4.1974
3.7281
4.7905
4.5781
4.6810
3.5148
6.1189
6.6223
3.8744
3.9939
3.8820
4.6670
3.6918
6.6211
4.8619
4.7842
4.2774
4.1370
3.4784
4.0009
5.3370
3.7061
4.4895
3.4486
3.6166
5.1038
3.1158
4.8132
5.6851
3.8304
4.5912
4.0927
4.1327
3.6880
4.6802
3.5547
4.3645
3.8672
4.1191
4.3546
5.5622
4.2247
5.3107
4.6286
3.8141
3.4520
4.8621
4.1819
3.3826
3.5071
3.7386
4.3244
4.1429
4.4856
5.0054
4.9208
4.1792
3.7474
2.9357
4.5061
5.3432
4.0296
4.1298
3.1016
4.3981
4.5133
5.1264
4.5224
5.7441
5.0300
3.6742
3.9791
4.2461
5.0525
3.6696
4.2031
4.0233
4.2489
6.0030
4.4350
3.5818
3.8487
3.6393
4.9464
4.7504
3.9368
4.0620
