19.6963
10.5225
10.5772
11.5071
11.3049
12.2913
12.9013
16.3176
12.2921
13.5493
14.1108
14.4896
13.7909
13.6408
16.8372
13.3171
13.5368
12.9151
15.8181
13.6309
10.8191
14.3116
14.3894
13.0361
13.1631
12.3025
13.5962
15.1225
11.3878
13.6299
12.8593
14.8769
13.9301
13.2504
14.6407
15.5313
14.6214
15.2195
12.8559
17.0593
16.1192
18.6348
12.8250
14.5789
15.9082
14.4784
13.6527
14.3322
15.4994
15.0811
15.7769
14.6268
16.3097
10.9917
16.0919
13.9833
13.0086
14.0109
12.6885
12.3665
15.7333
13.0849
13.4723
13.0226
14.7832
16.4502
13.6458
14.4722
15.1380
16.2102
16.0805
14.9697
13.6755
14.7960
13.7751
12.8618
13.5608
12.4711
12.4097
12.6256
10.8804
12.8325
15.0791
15.1897
13.2422
15.3206
15.5637
16.3993
14.2028
13.3302
14.2960
16.8706
15.1931
10.6198
12.5179
14.0790
16.0777
15.8557
15.5921
11.1641
12.2440
12.1321
15.5336
15.6734
14.1817
14.5376
14.3608
15.0266
14.0772
12.9537
11.9895
13.0405
15.4588
16.0468
12.2033
13.9358
14.8063
14.6143
15.5377
12.4358
13.9331
14.2485
12.6939
13.8452
8.6026
15.9432
12.9565
13.6228
13.6531
15.9173
13.9146
15.3635
13.2947
14.4658
11.7232
14.1623
13.2577
13.5415
12.5668
15.2827
10.8187
13.6319
14.1419
13.0912
15.7273
14.0058
14.5262
16.2946
16.5086
12.4500
13.9226
15.5445
10.9335
12.4154
17.3587
13.6436
15.7732
13.5524
15.5265
17.4367
14.9043
15.6311
14.0805
11.7381
14.3914
14.3980
11.8025
13.1912
14.0812
17.0179
13.2828
14.9398
14.1054
14.5700
14.7059
17.0129
15.4182
13.1170
11.9774
15.8504
14.0419
11.0517
13.5617
14.6901
15.6872
14.8784
15.1063
12.5988
15.4008
15.6041
12.2434
18.4220
14.9136
17.5145
15.0001
14.6839
15.2617
12.3004
14.0271
13.4859
