7.4813
10.3985
11.2850
9.3874
10.3713
10.5962
10.2335
10.2529
10.0052
9.7105
9.7110
9.8913
11.9536
10.8225
8.6593
9.2897
9.7492
9.9644
11.2552
9.6449
9.8012
10.8732
10.6938
10.4259
11.3693
8.7407
11.3871
9.1330
9.9698
10.6551
8.6412
8.6704
10.3855
10.4115
10.3372
9.9840
9.4387
10.4271
10.1197
10.1826
10.0078
9.2868
9.6318
10.2669
9.8962
8.4288
9.9002
9.6758
9.1576
9.2398
11.2966
9.9280
9.7202
8.5960
9.6619
8.7989
9.7606
11.3866
10.1201
10.7847
11.8725
9.5863
10.2488
10.5001
10.1590
9.4769
8.4041
9.2795
9.7667
10.1941
10.4720
10.3752
9.6609
10.9353
9.6964
9.7099
9.6760
9.8338
9.7663
8.7624
11.4533
10.0939
8.6628
9.3762
8.9115
11.2500
9.6352
10.6191
10.3211
9.2413
10.3662
10.7917
10.4745
8.8825
12.8229
10.6108
10.1755
10.1411
10.8272
10.9128
10.0871
9.2035
10.5696
9.6370
9.2256
10.6136
10.1962
11.4633
10.4589
10.5446
10.2709
10.5353
11.1535
9.3996
10.6375
9.5323
9.4089
8.9149
10.3092
9.0956
9.6521
8.6614
9.8549
10.1506
9.5274
9.5830
10.3837
8.5364
9.6241
8.2223
9.7051
10.5353
8.1383
9.5335
10.7865
9.1063
9.8757
11.4502
8.9369
10.5658
10.1762
8.7273
9.0527
9.7080
9.3227
9.1905
8.9614
9.2757
10.1712
11.2098
9.7847
11.0269
9.0161
10.0538
9.8069
10.4352
10.6827
9.9617
10.6542
11.0035
11.2544
10.5219
9.8057
10.5871
11.5925
10.1207
11.4414
10.2581
9.7654
10.1407
9.5845
10.9257
7.7773
9.7408
8.0752
9.4622
8.9581
10.6308
11.2708
9.9335
11.1798
9.1350
9.0220
9.8766
9.6228
10.1461
9.5244
9.5475
10.7062
9.3644
11.3559
10.3624
9.6530
9.3392
10.3063
11.7335
10.3131
9.3772
10.6726
11.4515
