2.2575
3.9190
4.1244
4.1460
3.2803
2.9405
3.0232
2.3212
2.7278
2.3335
2.8511
2.9521
3.3583
2.3707
3.9583
2.7010
3.3434
3.5771
2.8696
2.5320
2.2925
1.6064
2.3842
2.2921
2.0799
2.8058
2.7108
3.8493
2.5704
3.2813
2.8027
3.5800
3.2104
2.4384
2.6469
2.5510
3.3563
2.6196
2.3168
1.8255
3.1216
1.3936
1.6670
2.0744
2.5114
2.3155
3.2487
1.6900
2.2703
3.1983
2.1109
2.5688
2.7064
1.2663
3.4463
1.5538
2.5209
2.4392
2.8063
1.7357
2.0662
2.6939
1.5247
2.1778
2.2590
2.4568
1.9556
1.1861
2.4515
1.6225
1.7726
1.7449
2.1696
1.8891
1.6744
1.9723
2.6132
1.6473
2.4570
1.8404
2.9074
2.1970
2.9284
1.5792
2.5963
1.9720
3.1525
2.0300
3.0979
1.3547
3.8251
2.5896
2.4343
2.7014
1.2783
1.1913
1.3445
2.2920
1.5497
1.3333
2.0828
2.1754
1.0806
1.4301
2.1534
1.7810
2.6042
2.5844
2.0364
1.3231
2.0889
2.2889
3.0912
1.8938
1.2696
3.2495
1.4780
1.1158
2.3866
3.7760
2.1229
1.9204
2.1093
2.6662
1.7519
2.5362
1.7198
2.7830
1.7583
1.9578
1.9881
1.7998
2.3856
2.4005
1.3921
1.5007
2.1058
1.2856
1.6304
1.7452
1.9123
1.7667
1.1473
1.3897
1.5107
1.4330
1.8666
2.6253
1.8929
1.4229
1.2996
2.0701
1.8662
2.8216
1.4056
2.5312
1.9287
2.5203
3.4406
1.4212
2.9110
1.9291
1.1580
2.0938
1.0910
1.4055
4.1705
3.4793
1.7564
2.3860
1.5163
2.5729
1.2068
1.0660
1.6988
1.5476
1.4449
2.3859
1.4804
2.6907
1.7976
1.8557
2.1218
2.4015
2.3707
1.4642
1.1104
1.4693
2.1622
1.5278
1.7260
1.4194
3.7801
3.0434
1.0773
1.6890
2.8102
1.7197
1.5359
1.6523
