4.8376
4.7534
4.7062
6.0175
7.5082
8.6877
7.9802
8.7884
8.4268
8.0500
8.1135
8.9412
8.6084
8.4756
8.6009
9.9188
10.1798
9.9237
8.8658
8.6455
9.0114
9.8732
9.1297
9.5789
9.7565
9.6546
8.0293
8.0706
9.0277
9.6864
10.6918
11.0009
10.5814
10.2931
9.5959
10.5070
9.8665
11.2550
10.9512
10.7390
9.4169
8.7179
8.7508
9.1369
9.9577
10.6300
11.9513
12.9390
11.7106
12.9106
12.6485
9.6749
10.1782
10.1960
10.1547
10.2103
10.6180
10.0826
11.7426
11.2957
11.5352
11.2029
10.6632
11.6805
12.1056
12.4191
12.0617
11.5319
11.5415
10.1303
12.1645
11.3963
11.8314
10.8357
9.9969
10.5586
10.3238
11.0166
11.6221
13.3326
12.7751
13.0578
13.1858
11.2901
13.1954
13.7419
12.2490
12.1410
12.5569
11.0883
11.4699
11.6546
13.2332
14.1533
15.4694
13.1856
11.4840
14.0773
14.1174
12.6858
13.6940
12.9993
13.1314
11.5577
11.2871
11.7984
11.9570
10.8744
13.0713
14.6397
12.8742
14.0587
13.7684
13.3724
12.9414
11.0971
12.0240
10.9435
11.3688
14.3519
15.1132
13.7123
14.1868
13.7133
13.0407
12.3985
11.7592
11.8496
13.5792
13.6455
13.6684
12.1414
13.9203
13.7953
16.8622
12.7493
10.3767
11.7909
12.4539
12.3522
14.2333
14.4607
13.4748
14.6155
13.0836
13.1572
21.4107
13.3447
14.2109
12.7246
11.7968
11.7091
12.7880
12.9885
15.4038
12.7336
12.8761
12.0756
13.1744
15.3106
14.5537
13.7823
13.6227
13.5653
12.0158
11.8384
13.4901
13.3112
13.1246
13.7952
14.5900
13.9923
13.4091
14.1769
14.2934
14.4892
13.9314
13.3900
12.2088
12.7111
15.3112
15.1454
14.0508
12.3941
14.3174
12.8258
14.3426
14.0370
13.5648
16.3147
13.8696
15.0444
14.0094
17.2760
14.9101
14.6536
14.3864
12.0031
11.8700
12.8166
