15.1134
9.9650
7.8783
8.0519
8.7771
7.2180
8.5683
8.7651
7.6738
8.0830
9.0442
7.7499
8.3377
9.6110
8.1756
8.4872
9.2737
8.1762
7.2970
7.7457
6.9837
5.9781
8.1121
8.8398
7.8134
7.2584
6.8487
7.3776
7.3193
9.4301
7.1519
8.0574
7.7517
6.2082
6.8774
8.2572
6.8338
9.0575
8.6478
5.7478
7.5436
7.7180
8.7679
8.3800
8.4485
7.4359
8.0253
7.4668
7.1805
7.9772
7.2272
7.1564
6.5422
8.9440
8.3363
9.3593
8.0449
7.1269
8.6399
9.6404
6.5925
7.0271
8.9891
7.4696
6.8701
6.0972
7.3339
9.6917
8.3451
8.0081
7.6511
7.2184
6.4939
7.9061
8.3095
9.3646
8.1892
8.3456
7.7078
6.7688
8.9089
7.6311
6.8671
9.5282
7.3356
8.1049
8.1080
6.5871
7.4197
7.9318
7.7181
7.4957
8.2509
7.9779
6.4075
7.9244
8.0225
7.0939
6.9897
8.0457
8.1010
6.6006
9.3852
8.2522
9.5475
7.5534
9.0753
8.8737
9.5004
7.5491
6.9642
6.6594
7.4457
7.1486
7.3393
5.7001
7.1402
9.0242
7.8547
8.3426
6.0955
7.6178
7.6198
9.5200
6.6586
8.2022
7.0781
7.5455
6.8825
7.7871
8.8079
9.3832
7.3510
7.7249
7.9589
8.5181
8.1628
7.9064
7.4015
7.5275
8.7919
7.3569
8.3296
7.1060
8.5284
7.5732
7.3859
5.6138
5.5499
8.2864
6.6921
7.7097
7.1118
7.6002
6.5068
8.0614
8.9216
7.9170
7.5860
8.4252
7.4818
8.3246
6.4621
6.6909
6.6854
9.1196
8.8974
7.4525
8.5364
8.3939
8.0719
7.4914
8.2063
8.0069
7.6508
8.0690
7.7783
9.0992
9.2706
6.1369
7.3430
7.7811
7.6889
6.3719
6.8118
8.8068
9.2123
7.1351
8.1292
8.6813
6.7930
5.9059
9.5512
6.7471
7.0038
7.6700
6.9676
7.6279
7.3273
6.7373
