2.6224
2.4429
3.2381
4.5104
5.3032
5.1739
5.4775
6.3349
6.4210
9.0153
10.0606
6.8455
7.4344
7.4970
7.4488
7.4024
7.7219
10.7245
9.9315
10.2359
8.1389
8.0195
9.2903
8.0069
9.5575
8.7049
8.6513
11.4346
10.3228
8.2593
9.9281
9.3904
9.6425
8.9907
15.0037
10.3380
12.5347
9.1937
9.6061
12.0278
10.2312
10.1710
9.8472
9.7374
9.8077
10.5723
10.5039
10.8837
9.4689
10.3612
10.2031
10.1042
13.1782
10.2038
10.8141
9.1674
10.3107
11.9744
11.6268
11.0811
10.5231
11.8261
9.3295
11.1568
10.3322
11.2242
10.2994
10.2736
9.5116
11.1476
10.0032
8.6780
11.4098
12.2702
11.1474
11.2821
10.3480
10.1872
9.9088
10.9835
13.0178
10.6081
11.4751
11.9300
13.2340
11.8337
11.0547
12.0235
13.0759
11.0512
12.7819
12.3668
10.9747
10.4375
14.9937
12.4767
11.8798
11.8634
12.9996
10.6361
12.5173
11.7000
13.4670
11.8664
11.6262
12.4695
13.1625
13.4845
12.0621
13.3123
12.2657
12.3869
14.5286
14.0059
15.1936
13.0864
13.7860
13.4571
13.4552
11.4685
14.1743
13.2070
11.8506
14.1794
12.7801
12.0502
13.4519
13.2298
14.0350
12.5547
13.4195
13.0416
12.5660
11.5738
12.3255
13.0889
14.6179
14.0126
15.1059
15.9173
12.0145
14.1820
12.9923
13.4717
13.4410
14.5444
15.3854
15.7101
15.4141
15.4613
16.4754
16.7595
15.5432
15.7773
15.9402
16.5225
16.4521
16.7499
18.1128
18.4994
17.7688
15.8181
17.8931
16.8776
17.6806
18.7196
17.0676
19.0419
19.7865
19.0402
19.6408
17.6579
21.3433
20.4299
18.5274
21.2309
18.6350
20.7245
19.5565
19.4019
21.8140
20.8951
20.1158
24.1110
21.8881
21.1349
23.8927
21.1237
21.3920
20.8762
22.3373
19.2978
23.2710
24.4528
20.4685
20.0532
24.9376
21.5437
21.3988
24.6713
