3.1824
5.2207
7.6332
8.7012
8.2226
9.3689
9.7074
7.1601
7.1089
8.2533
7.6132
7.4199
7.9315
8.0431
6.1838
6.3253
6.9157
6.1194
5.1152
7.1828
6.5379
7.1627
6.8630
6.9191
6.4250
5.8961
6.6350
6.3855
5.3040
7.0944
5.5246
6.7689
6.3500
5.3983
5.7665
7.2723
5.7230
5.2161
5.5455
5.2908
5.4241
6.5249
5.1754
7.0296
7.9204
6.2749
4.9559
5.7465
7.3053
4.9873
4.3199
5.3408
7.2005
5.2408
4.3581
6.0390
5.9719
5.8895
6.1220
4.6129
4.4729
5.1396
4.3831
5.1747
5.2903
3.8134
4.7853
4.7041
4.0409
4.9657
4.4916
3.7620
6.1906
5.8376
4.7818
6.2448
4.8158
7.4953
5.8767
4.6689
3.7424
4.4761
3.6140
3.9150
4.5353
5.8743
4.8075
5.0497
4.5649
4.2979
4.5180
4.5092
4.7519
4.8942
5.6390
3.8344
6.7576
5.0028
4.5442
5.6109
4.3855
4.3600
4.5452
4.2698
4.8953
5.3108
4.3081
4.5885
5.5994
3.9499
4.2962
4.6528
4.3547
4.5245
4.2467
3.7132
3.8705
5.4407
5.6532
3.1527
3.5348
4.3359
6.3061
4.9581
4.5380
6.1579
4.3249
4.9952
4.4090
5.6180
3.6330
4.2139
3.3438
4.9287
6.0593
4.4278
4.3972
4.6738
4.2343
4.6693
3.0509
4.1749
5.3246
3.6483
7.1231
5.8693
5.3325
4.2742
4.6502
4.1857
4.6957
4.8799
4.3285
4.9716
7.7722
5.2758
4.3203
3.8178
3.7837
4.3535
6.2761
5.8573
5.1207
4.0458
4.9524
4.5113
4.9383
4.6748
4.2116
4.1344
4.5603
5.9516
4.6001
3.6589
6.0499
3.6182
4.8954
3.6367
4.3343
5.9058
4.5479
3.7440
4.2298
5.7509
5.3666
4.1189
3.7415
4.4489
4.4754
3.0706
4.4551
4.3342
3.8873
4.6691
3.7290
5.0686
4.2953
4.0745
3.5586
3.5250
