23.3431
5.2980
5.1892
4.9038
4.5577
3.9583
5.3477
5.1700
5.5090
5.8610
4.3778
5.5666
7.2020
4.2933
3.7580
7.2735
4.5456
5.5139
4.9091
5.8759
5.3966
4.5688
3.1786
5.4760
3.1817
6.9735
6.6459
5.4475
4.6094
5.9280
4.2958
5.2851
4.3773
5.6724
4.4363
5.2271
4.5068
5.7464
7.1257
5.7817
5.0107
5.9054
3.4716
5.4964
4.0523
4.2898
4.0401
5.4648
5.7754
5.0284
5.5866
4.6282
5.3408
6.2771
5.4179
4.9002
4.0589
5.2986
3.8414
3.9575
6.6816
4.0594
5.0998
3.8384
4.9983
4.2385
5.9910
4.6367
4.6672
4.4824
4.9171
5.7102
8.0179
4.7388
4.7223
5.9423
4.9429
6.4236
5.0301
3.2729
6.2825
4.3965
6.7167
5.5918
4.4175
4.4081
5.9842
5.7760
4.7479
7.0284
3.7560
4.6979
5.6877
6.1688
4.0652
5.1924
6.6718
5.7832
5.8159
4.7405
5.4798
5.2262
6.1687
3.9009
5.4467
4.2867
5.3946
4.7340
4.7253
5.9631
4.0151
5.4947
4.8129
4.9351
6.2741
5.7562
5.6934
3.9792
5.7264
4.3521
4.6720
4.8949
5.3058
5.6663
6.0640
5.5706
5.4850
3.9696
4.8678
5.2741
5.5047
5.3532
5.6786
5.3250
5.2832
4.7650
4.5514
7.4971
4.9998
4.8222
4.6992
5.7925
6.3195
4.8057
5.6919
5.8811
4.2659
6.0595
3.9420
4.2033
5.0328
4.6097
5.2483
6.2615
3.8342
4.2223
5.2600
3.8068
5.2239
3.8896
4.8099
6.2730
4.4492
4.9084
3.9976
4.3613
4.9174
5.0554
4.1172
4.3986
4.9275
4.0647
4.9428
3.4909
4.1804
6.0894
4.9267
4.8420
5.0978
6.1025
3.8121
5.8773
5.4878
4.4335
4.6469
4.6001
4.3987
3.7617
4.7843
4.9920
4.4687
5.9725
6.0727
5.2261
4.1834
5.6961
5.6991
5.1086
5.7801
4.0912
