2.6625
3.8097
6.4212
9.5031
11.3528
10.8192
12.8754
10.0706
9.3565
12.8631
9.7220
10.4118
10.9796
10.9125
9.9360
11.8227
12.7690
9.4902
10.4203
11.3042
12.9194
10.3456
10.9892
11.6944
13.6409
11.7652
10.3862
10.6631
9.6082
10.5061
11.1718
10.7277
10.6385
11.1791
9.0261
10.1580
10.8662
8.9267
9.3617
10.3500
7.3421
11.0909
12.2291
12.7362
9.9162
11.1802
11.2814
10.3262
11.0386
8.1249
9.5112
10.4377
9.5053
10.4938
9.3997
6.8568
8.9292
9.2153
9.4977
8.8784
11.2026
10.1329
10.9514
9.7126
9.8179
9.3975
8.4545
9.9377
10.4110
11.2262
9.2960
8.1320
8.0340
10.1991
9.2824
8.9987
9.2664
8.0680
11.1204
8.2675
9.1820
8.1985
9.5924
9.4186
7.0293
8.8130
9.1451
8.9414
9.3207
10.5274
9.1367
9.8211
7.9453
7.5349
10.5848
10.2209
9.8241
10.4718
9.7883
6.8889
8.5593
8.3603
11.4699
9.4486
10.1944
10.3292
9.6513
8.3363
9.8052
10.0129
9.3883
9.9553
8.1304
8.9964
9.6951
10.1200
9.9418
8.9156
6.4166
9.8291
9.9143
10.1661
8.7508
9.6459
8.0986
7.8438
10.0935
8.0707
8.6398
8.8609
8.8321
9.1395
11.1744
9.3326
9.7411
8.2817
7.0990
8.6413
9.0647
9.1400
7.9655
9.5159
10.2807
9.2052
10.1763
8.3194
8.4267
7.7811
7.4166
9.1434
9.6088
8.3190
7.0525
9.6631
9.3618
8.2726
6.4096
9.5822
8.1001
6.6888
10.1145
9.0506
9.3284
7.6798
9.5687
10.5521
7.5028
7.4074
8.8259
6.9181
9.7307
10.0828
8.8718
11.2813
8.8638
7.7330
9.4058
9.3115
8.2023
9.3654
6.2153
6.8898
6.4732
7.2987
9.0494
7.4474
9.1339
8.7995
9.4255
8.9857
8.1173
8.0424
7.9278
8.0041
6.7273
9.0037
10.0760
8.8551
9.4849
6.2834
