3.7796
4.5547
7.9835
10.8176
13.0211
15.0918
16.3286
19.2104
18.6685
20.0364
20.2348
22.2595
21.4632
22.3630
22.0861
24.5218
22.7892
24.2175
22.6223
24.2266
24.2952
23.1615
25.7036
24.7995
25.3386
25.6240
25.7710
26.1091
27.1954
25.1811
27.1829
27.2702
26.4327
28.5535
26.4984
26.4181
28.8036
27.8297
27.9532
28.7751
28.9130
27.1443
32.3897
28.7938
28.5897
33.4679
28.1303
29.5395
32.1546
34.7277
33.9506
31.7644
29.6832
32.8623
32.8876
31.8276
35.9531
36.1606
32.3739
30.8357
33.6238
30.3073
36.1691
37.7524
32.9770
33.5031
36.0665
35.8372
37.4692
35.7956
34.4415
36.8919
34.0792
34.5796
35.6661
36.7005
34.1981
35.6832
35.4537
36.5079
36.1044
36.6886
35.9802
36.4216
37.4043
38.7487
44.9043
39.9160
35.1004
43.3559
37.7734
39.3151
39.5707
39.8545
36.2131
39.5050
37.3948
35.5209
34.5455
37.7167
36.4710
35.9700
37.0363
41.7906
44.6412
39.7324
40.6290
39.9288
40.8896
39.0109
46.0540
36.3922
39.0590
44.8935
36.3810
39.9471
40.6305
39.5066
41.6619
40.3449
36.4134
37.3938
39.9560
43.4591
41.6610
41.2866
41.9123
37.4075
41.4400
38.1951
42.8200
36.5841
43.4130
40.9335
41.8988
46.7217
42.2438
46.1972
38.5341
39.3953
40.3930
34.9594
47.5849
41.7988
40.9000
38.2351
48.0156
42.0689
45.9702
45.5427
37.1566
46.8554
44.0607
38.0115
52.4497
40.2060
40.6586
44.5219
41.9192
41.6379
47.8896
41.5507
49.3337
40.6165
39.5639
50.5171
37.9733
47.4084
44.8349
43.5169
44.7972
49.9526
43.9159
50.6589
47.9865
39.2083
45.9276
40.2619
44.6844
45.9160
46.8859
47.9221
43.0856
52.5856
37.6815
44.3674
47.3835
45.9814
48.6304
42.7821
43.9989
44.7638
40.4763
45.1988
42.1222
45.8901
44.4626
40.6378
45.7181
42.4631
