9.7725
6.8863
6.4867
6.4668
6.5660
7.0459
7.1965
5.9898
7.8016
6.3860
7.0785
5.6937
6.5351
7.0365
6.9327
6.7524
6.6956
7.6758
7.2796
6.1722
6.8716
7.3812
6.1705
6.8893
5.8777
6.9317
6.6110
5.5456
6.8834
6.3431
6.1979
6.7970
6.0625
6.0882
5.5879
5.9878
5.8079
6.8030
5.7609
6.5530
5.4674
6.5117
5.8367
6.4315
6.1192
5.7858
5.5780
6.6799
5.9847
6.4331
5.8721
6.3947
5.2696
6.5363
6.2296
6.0371
6.7911
6.6203
5.2794
6.2815
7.6723
7.8442
6.0865
5.7685
6.2891
6.3289
6.6999
6.1376
6.8161
6.9289
5.9850
6.7540
7.0191
5.5856
6.1145
6.9061
6.2791
5.9034
5.3822
5.9834
6.2507
7.8156
6.5390
7.5092
5.8967
6.9105
5.3099
5.7501
7.2397
6.8713
6.3837
6.9886
6.5975
6.9369
7.9634
7.3776
5.4886
6.9570
6.7052
5.8827
6.2942
6.3051
6.4486
6.4768
7.2134
6.3014
7.1379
6.2330
5.7094
7.4643
8.4463
6.5710
5.7833
5.3924
7.3426
5.6311
7.2784
6.5551
6.9026
6.4319
6.5191
5.8951
7.1453
6.0094
7.2807
7.5923
8.3873
5.8694
6.7762
6.0202
6.3797
7.7773
7.2203
7.1146
5.6101
5.5048
8.2548
6.2273
7.0429
6.8645
6.9619
7.4332
6.0397
6.1652
5.6762
5.6190
6.5720
7.6378
6.1410
6.7097
6.2124
7.1185
6.0192
7.1963
6.7609
6.6374
6.1181
6.2190
6.1226
6.6888
6.6527
6.1881
5.7788
6.4599
5.6906
7.7810
7.4805
6.7683
6.5846
5.7900
5.9606
5.8595
5.6978
6.9264
5.7736
5.9233
6.0039
6.7777
5.1261
6.0359
6.2163
6.0388
6.5190
6.9452
5.9513
7.4401
6.4335
6.4843
4.5694
5.5824
6.2957
5.9885
6.2711
6.0485
5.9332
6.6119
5.8507
6.2414
6.2141
5.5621
