1.8103
1.6152
2.1607
3.5514
4.0550
6.0752
5.0973
6.4124
4.9091
5.6101
6.8427
6.1243
4.8727
5.9137
6.5185
5.3415
6.3200
5.3298
5.9342
6.2098
6.8024
4.7203
5.0835
7.0558
6.6819
5.8046
5.0760
6.2855
6.6740
6.3815
5.7900
5.3788
6.5148
5.6084
5.4990
5.6117
6.4708
5.6482
6.7804
6.2221
6.4279
5.9746
5.5409
5.9833
5.9966
6.0573
5.9001
5.6345
6.0780
6.9932
5.1780
5.8978
5.6696
5.9992
6.0889
6.7413
5.5933
6.0937
6.3872
5.4576
6.7624
6.3972
5.7748
6.8566
6.1568
5.6789
6.4244
5.5691
5.7994
5.4032
5.8326
5.7611
6.1741
7.0804
5.8953
6.0331
6.1610
6.5356
6.1159
6.2745
5.5878
5.5338
5.5641
6.4349
5.9358
6.5837
5.9253
6.1080
6.5025
6.5114
6.5999
6.8258
7.0227
5.4785
6.6363
7.6009
6.8433
7.9019
6.5100
5.9747
6.0933
6.3048
5.4070
5.3056
5.9534
5.6646
6.8270
6.0554
6.5019
6.4680
6.4304
5.6016
6.5345
7.2029
6.3150
6.8282
5.5219
7.4759
5.5608
5.8740
6.3175
5.3274
6.1548
6.3775
6.8566
6.7683
7.1064
5.9783
6.4646
7.7824
5.4562
7.4499
5.8218
6.9997
6.8028
5.9716
5.6386
5.4181
7.9391
6.0259
5.4263
6.3310
5.6495
5.6212
5.3519
7.0666
6.3376
6.5656
5.5867
6.6305
5.6589
5.8604
7.3868
6.1309
6.7401
6.2944
6.9811
5.1619
5.9152
5.6768
6.2274
6.2824
6.9432
6.3824
5.2766
5.8580
6.6417
6.5561
6.7614
5.6450
6.1551
5.8149
6.7881
6.6504
6.8822
5.8502
6.3624
6.3256
6.1946
7.2419
5.9196
6.2268
6.0495
5.8341
5.8208
7.3847
5.7059
6.0207
5.9984
5.4935
5.7339
5.1899
6.1943
5.9877
5.3961
6.3229
6.5176
6.1922
5.7987
6.4938
