3.0516
3.7589
4.5585
5.7146
7.4450
7.2203
6.0973
4.9728
8.1268
5.8875
5.9051
7.1237
7.0357
6.4505
6.2532
6.2883
7.2815
6.3050
6.0258
5.6188
6.4247
6.4005
7.2611
6.6251
6.5605
7.4389
6.1049
7.3103
5.7077
5.6810
7.1206
6.4900
8.1390
6.7631
5.9908
6.6682
6.3963
7.8000
6.2197
7.0388
7.5841
7.4164
6.7034
6.0927
6.6100
6.3954
6.3494
6.3209
6.8992
6.1816
7.4465
6.4327
7.8704
9.3722
7.8565
8.1197
6.6460
6.5352
7.7300
7.0578
8.6069
8.1540
5.6737
6.4758
7.9433
6.9441
6.6615
7.7581
7.4526
7.4160
6.7776
6.3655
8.7302
6.9302
7.2296
7.6881
6.6449
7.2782
6.5061
8.4960
5.5235
6.6079
8.4133
7.6910
8.0533
7.1197
8.3168
7.0883
8.2619
8.1131
6.0702
8.0285
7.4685
7.5776
8.9714
9.0306
7.2734
6.6515
9.0660
6.3782
7.5075
8.0370
7.3618
7.1394
8.8755
8.4579
7.2303
7.5842
6.6764
6.8800
7.0973
9.2064
7.7648
7.5686
7.2508
7.8815
7.8471
7.3459
7.8319
7.1794
7.3952
5.7257
8.3406
7.5611
7.0046
8.1839
9.4807
8.2841
7.3299
9.0657
7.2866
8.1546
8.2898
7.4594
7.1063
9.3375
7.4298
6.6560
7.0354
5.9806
7.7072
6.7313
6.9439
8.4997
8.2450
8.8878
7.1342
7.8136
7.9058
8.4153
8.5725
8.5408
7.2008
7.8875
6.3662
6.8860
10.3619
8.1383
7.5897
9.1596
7.7364
6.7486
7.5932
8.0190
6.7292
7.4326
7.4547
7.0537
7.4497
7.4331
7.8027
8.4622
8.3181
9.2605
9.0100
7.6321
8.0913
9.0847
8.8134
7.9394
8.0248
7.3622
8.3098
7.5190
8.9141
7.9458
8.4608
7.9911
7.0978
6.5384
9.3024
7.3804
6.4889
9.0147
6.9345
11.0019
9.1214
8.3131
7.4214
7.4406
