3.1778
4.0706
7.6238
10.8667
11.9508
12.9787
14.0352
11.8374
12.0575
11.8343
12.3386
10.7866
11.2421
10.9163
11.0796
11.1369
10.2820
10.9606
11.7640
10.4812
11.3543
11.0647
11.4900
11.2649
10.7385
10.1229
10.5984
10.3960
11.3181
10.3075
10.2124
9.1912
9.3373
10.4833
9.4936
9.6540
9.4144
9.5426
11.3929
10.0389
9.1026
10.3329
9.7798
11.1141
9.4694
9.2128
9.0467
8.4606
8.5292
8.3082
9.7758
9.4416
8.6912
10.0505
9.0358
9.6367
9.8194
9.1954
9.1281
8.9827
9.5276
9.6647
10.4806
8.9255
8.5851
9.9839
10.3595
7.9210
10.3920
9.9019
9.1962
7.7898
7.7408
9.3189
7.0985
9.0312
9.6358
9.8571
6.9817
8.4581
8.6729
9.7325
9.8725
7.9216
10.4263
7.6314
7.9800
8.3975
8.1165
8.8598
8.5341
7.9919
8.7236
7.8653
6.9299
10.4114
7.6596
8.2955
7.0398
7.0812
8.0956
8.4527
7.8036
8.4965
8.1116
8.5082
7.5408
6.5324
8.2563
8.1033
8.9266
7.4927
6.8110
8.0122
6.8453
7.0165
8.3168
6.8412
7.0449
8.1349
8.2703
7.6176
8.0202
7.5399
10.5974
8.3065
6.7733
8.2787
7.6975
8.1764
7.4797
7.5759
7.9372
8.3719
8.7577
7.1470
8.9903
9.2407
7.0661
7.2792
7.7543
6.6143
6.5666
6.3895
7.3558
7.3174
7.9779
6.9106
6.6570
7.4953
9.0303
7.7689
9.2676
7.8042
6.7891
8.6247
7.3175
7.7811
7.9308
7.2079
6.1539
7.6283
8.4812
7.3550
7.0008
7.7891
7.8982
7.1510
6.9114
8.3259
7.4683
7.2151
6.2537
9.2447
8.4012
5.1331
6.6258
7.3294
7.6786
7.2819
6.3612
8.7281
9.6114
6.1719
7.7441
7.1591
6.6572
7.5066
7.0966
8.2618
6.4999
6.1992
7.1959
8.0418
7.2561
7.3662
7.7529
7.1834
7.0880
6.7568
