15.1235
9.2614
10.1244
10.5959
8.9208
8.7522
10.2987
9.9813
9.3572
8.6908
8.6934
8.8142
9.6663
8.3883
8.9713
10.3283
7.2234
7.7304
9.2828
7.4879
8.4425
9.0539
9.6672
8.2693
7.3429
16.7242
17.4113
16.9584
18.3812
19.9863
18.4135
17.5739
14.6011
14.9423
18.1949
16.8314
20.2322
15.7788
19.0918
19.4237
16.4325
19.3772
16.6822
17.2526
18.4674
18.0023
17.8131
17.6578
19.3157
19.1503
14.6875
16.9325
17.9981
16.4787
17.5701
20.4979
18.0275
15.9697
19.5538
18.2419
16.5924
18.5049
18.7361
20.3416
18.4551
18.6761
16.4994
17.9236
16.2836
18.5829
17.3361
17.5879
17.5175
18.9492
19.1633
16.8310
17.2727
16.5313
19.5270
19.2326
17.2677
16.6030
20.3853
16.2839
20.1243
19.3068
17.3987
21.2995
19.0006
19.6207
17.4234
17.9459
18.9995
16.6462
16.7734
18.8743
17.4553
16.1077
18.5923
19.6104
21.4837
21.4772
15.8911
19.2548
18.5391
21.1080
18.3419
17.9903
20.5000
18.8161
19.1930
17.8971
16.7415
19.7387
18.0165
16.8635
18.9831
15.9158
19.7701
18.6767
21.3088
18.7973
18.0252
18.4451
19.2317
16.2818
18.4087
18.9262
18.5450
21.2030
18.5693
19.0517
15.8515
18.2488
20.0002
16.3053
19.3488
19.8316
18.9381
16.1770
15.7266
16.1362
18.7144
17.6485
19.8913
18.5389
18.5344
17.5485
18.8802
19.2370
16.4218
16.4082
18.8060
16.8490
17.0380
16.8755
16.5357
18.3813
16.5397
17.5024
15.4716
16.8405
18.4649
19.2978
18.9923
18.1918
21.5309
17.8275
18.8608
17.3467
18.4020
18.3854
17.9298
19.9613
21.0057
20.1377
17.5148
15.9281
16.0195
16.6300
22.5149
16.8126
18.0274
18.7593
19.7035
20.4979
18.9046
17.5229
20.4427
18.4810
20.3288
16.8899
14.3589
16.4219
16.8578
18.9916
18.8891
16.4596
18.6877
20.3366
