1.9252
2.1403
3.7330
6.1299
8.8505
9.7209
7.5763
10.3425
11.0807
9.1227
11.4821
9.4952
10.1454
9.0377
13.5009
11.4729
13.8815
12.2812
10.8698
11.8983
11.1090
12.7383
12.5082
9.6312
11.4236
11.5886
11.0443
15.1524
11.3748
11.1445
13.3538
12.5827
10.3554
13.1408
11.9512
10.3643
10.6671
11.6064
13.7914
12.0090
13.3991
10.9231
12.0740
11.8222
13.3837
9.1171
14.4079
9.5021
10.8746
14.0626
14.5084
12.5826
12.0224
11.2087
15.8453
11.2168
10.9316
10.6621
11.8404
12.4769
11.9148
13.2725
13.9976
10.5723
11.9383
12.2755
11.6114
11.9298
11.3737
9.4059
13.1083
9.4712
9.9147
11.4793
12.9320
13.2445
12.9952
11.4427
13.9037
12.7383
15.2462
13.3342
12.0441
13.7156
10.6737
11.4476
14.1596
10.5754
13.4495
13.2632
12.5187
13.7294
13.9775
12.9376
11.9996
14.5764
9.9926
12.1994
12.9558
10.4492
12.8145
10.0101
13.3558
9.0825
12.3164
10.9807
11.5672
12.8356
13.1351
15.1797
11.8019
13.7218
14.3543
13.6632
11.8399
11.6760
14.1023
12.4699
12.7964
11.2789
13.4047
12.0574
15.1525
12.7570
14.3200
12.0809
12.9539
11.1035
13.4407
11.5272
12.2481
11.9117
10.5524
12.4265
12.7733
12.8081
13.1255
12.2665
11.4856
11.4877
12.6374
11.5132
12.6414
12.4305
11.3437
11.7114
12.4592
12.1024
13.1264
12.5448
10.9681
15.3554
10.1939
9.2650
12.2061
13.5454
12.8669
13.1751
11.5914
12.6571
12.2603
11.5677
14.2418
14.7760
13.1168
12.3788
11.0746
13.9951
12.9533
14.8457
14.1945
12.0561
12.7186
12.8962
12.2354
13.2187
13.8816
11.9436
16.2183
13.8607
10.0781
13.2581
13.3119
11.3558
12.7045
10.0492
11.3633
11.7932
12.1750
13.2404
13.9228
12.2844
15.7420
11.9054
11.5598
13.3361
10.7360
12.1348
13.4192
11.8075
