1.4763
1.9515
3.8962
6.9828
8.2935
10.6892
9.7262
11.3468
10.2334
10.9418
11.9434
11.2595
12.1984
11.6775
13.4700
12.0249
10.7336
12.1579
12.3018
12.3525
11.6618
11.3673
10.4571
11.4701
10.8314
11.9956
10.8690
12.3393
12.1886
11.5465
11.6991
11.2317
10.9714
13.8404
11.5168
10.8455
12.2709
11.5818
11.9855
11.4614
11.7709
12.0002
10.9369
11.9494
12.4178
11.1317
11.0734
11.6598
10.5265
11.7549
11.5473
11.2049
11.4806
11.3879
10.8303
11.0474
11.7798
11.6096
11.5804
11.4988
11.0076
10.9568
10.7542
11.0507
11.3109
11.6605
10.8436
11.5952
10.7765
11.8263
11.1794
10.8312
11.0739
10.8657
11.2636
10.3580
11.4973
10.8004
11.1494
10.8434
11.0856
12.0604
10.0944
11.5053
10.9123
10.2166
10.3700
11.2913
11.0754
10.6255
10.0266
11.1199
10.1425
10.9608
10.7308
11.0159
9.7567
10.0945
10.2013
10.3008
11.3184
10.9185
10.7282
9.6881
9.7924
10.8858
9.7322
10.4084
9.7100
10.5100
10.1684
9.9476
10.6602
10.7069
11.1042
10.2472
9.8434
10.9150
10.2431
10.2125
10.5223
9.8343
10.0827
9.8113
9.9231
9.6998
10.4503
10.1949
9.7534
9.9284
10.0533
10.4132
11.3505
9.4662
9.8250
10.3224
9.3373
9.3306
10.4601
10.1378
9.7518
9.7160
10.2747
10.0467
9.5201
10.0042
9.9458
9.8758
10.1429
9.8232
11.4187
10.3885
9.0958
10.0071
9.6711
9.5831
9.9871
10.9247
10.5069
10.8325
9.9295
9.9863
10.0244
9.5371
9.6642
9.9500
9.4436
9.7385
9.5593
10.5744
9.9973
10.2617
10.3356
9.7765
10.4281
8.1680
10.4089
10.6941
9.8472
10.2412
9.3992
9.6949
9.6001
9.5048
9.2706
9.6531
9.8238
10.6791
10.6422
9.5593
10.6604
9.6065
9.3764
10.4241
9.9743
9.9581
9.1828
9.7168
9.7767
10.3174
