2.7252
3.0987
6.0550
6.8912
8.7886
8.1610
5.8927
5.2979
8.9781
6.0791
6.4523
5.1738
6.3309
4.4499
6.1735
6.0144
4.9899
4.5248
4.7590
5.4011
5.7396
5.6872
5.3959
4.7459
5.3087
5.4519
3.8022
3.8704
4.2510
4.8029
4.6663
4.7563
4.5904
4.2073
4.7556
4.2622
4.4005
4.2825
4.3008
3.7402
3.3069
4.0403
4.3017
5.0905
3.8738
3.8812
3.6417
5.3632
4.2921
5.4346
4.0370
4.6313
4.5203
3.4709
3.9609
4.1140
3.3889
4.4321
3.6359
3.5159
3.8990
3.4191
3.4254
6.3361
4.3500
3.9723
3.6635
5.1804
6.4013
6.4372
4.8526
3.3960
3.9941
3.3773
4.3486
4.0204
4.1866
3.2794
4.1672
4.7233
6.1725
3.5498
4.5836
3.7210
5.2370
4.7201
3.4190
4.5633
4.0124
4.5330
4.0850
4.1690
3.0593
4.2938
3.7802
3.5067
2.6802
3.7104
2.9737
3.8876
4.3884
3.0761
3.9263
5.2161
4.1635
2.8223
4.3488
4.1702
4.0550
4.1198
3.8251
4.6394
4.1085
4.6223
3.4277
3.5111
2.6474
2.8336
3.1183
3.9306
3.9261
3.5390
3.3263
5.1073
4.4927
5.6989
3.0662
4.0370
2.8751
2.8320
2.9264
5.9881
5.6165
2.8673
3.9712
3.0417
3.6527
3.3998
3.7486
4.0881
2.8995
4.4131
3.4486
2.7546
3.3773
3.2024
4.0527
3.0091
4.6085
4.8687
3.3462
3.2702
4.0819
3.4052
3.9598
4.6410
3.5710
3.8150
4.4587
4.2598
3.2081
3.6494
3.3329
3.6587
3.5489
3.4162
3.1899
4.1681
3.5177
3.7827
2.7350
3.6679
5.6916
3.7269
4.0578
2.2972
3.4479
3.4212
3.8247
3.9805
4.2541
4.8064
4.3304
3.8696
4.4473
4.2103
4.1057
3.3176
3.9686
3.5857
3.7208
3.6619
2.7936
5.1635
2.5957
3.9978
3.9178
4.1203
3.1703
3.5034
