10.3675
15.4698
10.8281
11.6596
11.1950
10.5214
10.8330
11.7636
11.1569
11.5209
12.1106
10.3448
12.3220
8.4453
11.5760
11.6484
12.0878
11.3600
11.9215
10.8116
12.2708
11.0931
11.4688
9.9341
11.2480
11.3545
10.4112
9.8670
10.4037
11.6610
11.5345
11.9060
10.7284
12.5588
11.7470
11.2876
12.2327
10.5976
12.1042
11.5328
10.2474
12.4205
12.0110
10.2378
11.2642
12.5182
10.9926
12.9541
10.0835
11.9041
11.9135
10.0482
12.1183
10.4830
9.2347
10.8774
10.9692
13.8854
11.3762
10.1504
14.8346
10.3544
9.5492
11.8862
10.9118
10.0211
8.8309
10.4592
11.9453
11.3214
10.3880
10.5546
10.3248
10.8834
9.1762
11.3802
13.3966
11.7325
11.7886
11.0690
14.3914
9.3622
11.6171
11.1090
14.2402
12.0494
12.6744
10.9700
11.2335
10.9249
12.0309
9.4414
10.7672
11.8445
13.2820
12.4502
11.9816
9.9194
10.7626
11.9872
10.8367
11.0831
10.8204
12.0788
12.0548
12.6755
11.5487
12.0999
12.0207
9.2657
11.2525
11.5770
11.4324
11.1803
13.2201
13.5106
11.2515
10.5421
10.6064
12.1406
12.8607
11.1591
11.6831
11.7922
12.3890
11.3585
12.5829
12.7517
10.3137
10.7296
11.0746
11.5575
9.2959
12.9756
10.7546
10.1089
9.1505
11.0076
11.2317
10.9389
11.5776
11.2960
11.6278
12.0704
12.2359
10.2571
10.8072
11.3112
10.3756
9.7263
11.2138
10.2190
10.5130
12.3795
11.1808
11.3007
12.9061
9.7813
11.3537
11.8315
9.1918
11.1327
12.5311
11.9731
9.6480
11.0711
13.1337
13.4085
11.8220
13.3326
10.1463
10.5202
12.5861
11.2679
11.4481
12.5210
11.7796
10.8060
11.4545
12.9261
9.7645
11.1484
11.0966
12.7725
9.8579
11.1288
9.8293
9.4425
12.3752
11.3402
10.8716
13.8039
11.3551
11.1548
12.1251
12.6204
10.9329
12.5472
11.7152
11.6612
