2.7252
3.8930
6.4555
8.4499
11.6997
11.7109
12.3791
12.7310
13.3217
13.2584
13.6562
12.7780
13.7455
13.0920
13.1672
12.8172
12.4333
11.4707
12.5700
13.7189
11.6696
12.0687
11.9018
12.1867
13.3584
11.0639
12.2338
10.7520
11.8399
11.3011
11.5571
10.5997
11.9921
10.4561
11.9247
10.6226
11.4049
11.7877
11.2516
9.1025
9.7993
9.9433
11.7547
9.3334
9.1633
10.7801
10.0690
10.0590
10.8680
9.0334
9.5335
10.7055
10.8900
10.6103
10.0778
10.2980
11.1406
10.4475
11.5937
9.3054
10.2806
7.7716
9.9682
10.9152
9.2660
10.1814
11.3431
10.1462
10.9352
10.5018
10.1834
10.6119
7.8775
8.5003
8.8052
8.0666
10.1522
7.1895
9.1649
8.9789
10.1602
8.1444
8.8740
8.1255
9.7454
9.4276
7.9094
9.4870
8.7128
8.5111
9.8512
7.6399
8.6456
9.3352
7.7281
7.3552
8.4385
8.3242
7.0653
6.8341
7.7759
5.8086
7.5303
10.4402
9.3387
7.4533
8.3543
6.7975
9.0360
8.2598
8.3483
9.4155
6.5218
7.7621
6.6640
7.3434
7.6014
7.6383
8.9549
7.9057
8.7223
8.3010
7.8838
8.8996
7.8227
7.2904
7.6114
6.7040
6.8018
7.6669
7.0073
8.6574
8.5746
7.5059
4.9893
2.8856
3.8041
4.3252
4.7737
5.6931
5.0210
4.4502
5.2198
7.4104
6.3092
4.2995
5.4842
6.3546
5.9092
4.7992
4.2272
5.8761
5.3445
4.4132
3.6796
4.7435
6.0551
4.8456
4.9904
6.6525
5.3936
5.0710
6.1349
4.7528
4.7051
4.5436
5.4960
4.2839
4.6454
5.1588
6.2024
5.1892
6.1004
4.7911
3.7645
5.5665
5.0829
5.2389
4.9007
4.8626
5.9493
6.5427
5.1019
4.5986
5.5021
5.7549
6.0409
4.1005
4.5432
4.7632
5.5500
5.1041
4.3542
4.6210
4.3577
4.0202
3.7483
5.1924
5.8096
3.8683
