2.8724
4.2552
5.7991
7.4529
9.4241
6.1374
7.1430
8.3034
10.4765
11.5370
8.1321
10.6599
12.7783
11.7411
8.5302
11.3797
13.9158
14.8776
11.3882
10.6024
11.6376
15.7400
14.8494
12.9745
18.5338
14.0526
16.3689
11.2475
18.8705
12.2831
15.0876
11.5020
14.1528
13.1448
13.0241
16.8456
13.6656
12.1460
19.3507
12.8178
11.4482
22.3332
19.7141
15.9227
20.3906
15.5087
18.2260
13.6988
19.9381
18.5452
17.3921
16.2691
14.9311
17.0802
22.7356
16.6382
20.3295
13.7259
11.6228
24.6774
14.5182
17.9072
15.5822
26.7893
16.6070
13.1443
12.6488
13.3887
21.7448
17.8852
16.5835
19.3163
22.4881
17.6373
19.7995
21.9340
17.0777
22.4811
24.3103
18.6457
26.9281
21.3218
17.6507
15.2846
20.6697
22.3230
14.5897
15.7748
22.4153
15.2791
22.7452
18.5940
26.3441
16.4376
18.9664
20.3323
20.2503
20.5613
18.8612
22.1631
16.7462
19.2224
19.2129
19.1854
14.0960
16.7292
19.7325
21.2828
17.8415
20.8611
19.0027
21.1644
20.0157
27.6325
23.2074
24.2882
19.0632
18.9309
21.8427
27.1475
20.3902
19.3827
24.8412
18.6708
23.4595
17.1452
18.8160
20.6924
24.4074
20.4352
18.3653
18.8874
20.9527
22.7169
17.6106
27.3712
23.5077
18.3561
20.9992
19.5451
19.8631
23.0492
22.9852
21.7632
23.7956
17.9004
21.8569
24.1652
22.6079
22.8404
18.5386
23.4903
21.8130
21.3237
27.1260
20.3376
22.5963
21.6420
26.9149
25.9589
21.6390
25.4088
24.0338
20.7155
23.7543
29.0305
20.7884
24.6650
23.4919
19.4174
21.7154
24.6171
21.5786
22.8980
19.9194
26.2939
26.5437
20.9677
21.0919
22.3072
23.1452
25.1386
17.4518
25.4304
25.4473
22.6504
31.6540
20.4743
21.2776
22.6108
24.4609
26.1868
21.3442
18.3360
22.6653
25.0481
18.5897
20.1198
19.5513
20.8794
