19.9324
6.9603
7.1965
5.4533
4.9318
5.6077
5.2182
4.3250
4.6740
5.1181
3.9039
4.8619
4.3056
4.8463
3.5354
4.3031
4.5043
3.8197
3.3314
4.6995
4.4797
4.7147
4.6627
4.8295
4.1194
4.0827
3.8524
4.1766
3.5825
4.4154
3.8869
4.6156
4.2645
4.0067
3.6407
4.9708
3.8407
3.2716
3.8623
3.9798
3.1543
4.3494
3.4768
4.5825
5.6411
3.0222
3.2820
4.3591
4.2659
3.5550
2.9298
3.4533
4.7944
3.9167
3.2884
4.2425
3.5198
4.3609
4.6055
3.2821
3.2686
3.5925
3.3209
3.6416
3.8793
2.9257
3.8423
2.7643
2.7195
3.5738
2.9754
3.1029
4.5596
3.9018
3.6303
4.9873
3.3804
4.2720
4.2303
3.2589
3.2472
3.2649
2.9718
3.2891
3.6547
4.4953
3.2594
3.3940
3.5079
3.7738
3.6394
3.9092
3.2129
4.0462
3.2240
3.1348
4.0419
4.1586
3.4371
4.0036
3.8416
3.4886
3.2871
2.7627
4.0837
3.6293
2.9956
3.1632
4.3715
2.9918
4.3082
3.2968
3.0750
3.5714
3.6896
3.3095
3.5971
4.5392
4.1403
2.6204
2.5902
3.4918
3.7352
4.4627
3.5598
4.4037
3.1928
3.4326
3.3299
4.2474
3.7449
3.0622
2.8589
3.8056
4.4575
3.5913
3.8108
3.9946
3.3909
3.2342
2.5384
3.3033
3.9566
2.8861
4.7421
3.6781
4.4015
3.8915
3.1805
3.5850
3.3848
3.7293
3.6297
3.6831
4.5770
3.4000
3.5677
3.1489
3.1015
3.2726
4.4008
4.2495
3.8245
3.7110
4.3871
3.9777
4.2940
2.9395
2.7487
3.9506
4.1284
4.5762
3.3440
3.2665
5.3842
2.8469
3.3102
2.4852
3.1199
3.6247
3.4927
3.2821
3.6120
4.1686
3.3989
3.0280
2.8939
2.8138
3.4515
2.8509
3.5463
3.5246
3.4974
3.4850
3.4193
3.8598
3.3296
3.6793
3.4628
2.9364
