11.7753
12.7290
11.4742
11.0654
11.4260
12.8791
11.6833
12.6823
11.5748
11.6078
12.4805
11.7874
12.8341
12.4455
15.4640
12.4808
11.4988
13.1702
12.5390
13.7367
12.6556
12.4347
10.8019
12.1008
11.6563
14.4911
11.4493
13.6635
13.3417
13.1644
13.4566
12.1503
11.5346
15.7594
12.9067
11.2338
13.9634
13.1825
14.4749
12.7715
12.5914
13.3413
13.1061
16.6566
14.2529
11.7364
12.4834
13.8913
12.0795
13.0280
14.2065
12.1905
13.7507
12.1609
13.3294
12.5499
14.4515
13.4067
13.3684
12.9280
12.3479
13.2806
12.0451
11.9397
12.2069
13.9467
13.3572
14.3010
13.3736
14.5618
13.1754
12.4555
13.6448
14.4971
13.3093
11.8131
14.3893
13.7906
12.9727
13.4973
13.6293
14.6275
11.4999
14.0288
13.8269
12.2532
13.4089
14.4615
13.1982
13.1434
11.7858
14.4539
12.6337
12.6848
14.1563
14.0501
10.6669
12.4446
11.8441
12.8980
15.0763
13.9072
13.6920
12.9941
11.7300
14.1316
12.2498
13.1680
11.4906
12.6595
12.9369
12.2339
14.6478
14.5334
13.4338
13.7556
11.8808
14.8097
13.5381
11.8733
13.7662
12.2965
12.5810
12.5969
12.5132
11.3367
14.1113
13.2387
13.0007
13.4477
13.4041
14.7278
12.4138
11.4091
13.2994
12.5699
12.9052
11.4788
13.9790
13.6854
12.5089
12.8505
14.1921
12.0980
12.6134
13.2966
13.2945
12.5154
13.3517
12.6038
15.5327
13.6349
13.1296
12.9629
12.2234
13.4371
12.2556
13.5243
13.6608
14.9794
13.0922
13.9934
14.2653
12.3509
12.4515
13.0441
12.3632
13.1258
12.5243
13.7973
12.8896
13.8451
13.0575
12.9836
13.5876
9.0906
14.1256
16.4476
13.9559
14.2874
12.6237
13.9214
13.2887
12.4632
12.6471
13.5206
14.1825
16.1862
13.7006
12.3660
15.4615
14.0741
11.9070
14.8124
14.2609
14.0526
11.3671
12.8366
13.2906
14.5494
