2.7025
1.2069
2.2112
2.6556
2.9132
3.7656
4.9437
3.8524
2.9964
2.9249
3.0827
3.8654
2.9276
2.6975
3.1275
3.7856
3.2729
4.4404
3.7255
3.1861
2.6880
4.0244
2.7532
2.1933
2.2980
3.2596
3.2119
2.9387
3.1826
4.0815
2.1872
2.2458
2.7969
3.2639
2.8243
2.3484
3.1190
2.6116
2.6843
3.5685
3.4942
2.8815
2.5712
2.8419
2.5581
1.5893
2.2001
2.2274
2.5333
2.2240
2.4545
2.4951
2.5598
2.0823
2.9185
3.2118
3.0195
2.2366
2.5410
2.2327
2.7857
2.7877
2.7625
2.3229
2.2721
2.4197
3.3467
3.1941
3.1239
3.4383
2.1649
2.3348
1.9747
2.4194
2.2766
2.0670
2.2884
2.8168
3.2363
2.4236
2.2522
2.7426
2.2294
2.8766
2.1587
2.7659
2.2779
2.5785
2.3056
2.0493
1.7300
2.0455
1.7593
2.5436
2.2105
1.7536
1.8829
1.8374
2.2572
1.9933
2.0706
1.8444
2.4791
2.1864
2.4085
2.2937
2.2823
2.0368
2.5990
2.6688
2.3526
2.5502
2.6105
2.3445
2.1593
2.2897
2.1534
2.2446
1.9643
2.2238
1.7719
2.0219
1.9561
2.5389
1.8829
2.0053
2.3436
2.2070
2.4568
2.0822
1.9122
2.8537
2.6729
2.0656
1.9123
2.3064
2.2545
2.0143
1.8496
3.0564
2.0547
2.5152
1.8520
1.7929
2.0759
2.4477
2.0790
1.6083
2.1938
1.7688
2.6637
2.1518
2.4129
1.9818
1.9776
1.3809
2.2503
2.0201
2.2126
2.2558
1.8109
1.9709
1.8784
1.9245
2.2514
2.2494
1.8170
1.6975
2.4282
2.1715
1.5868
2.2970
2.3134
1.6478
2.2551
2.1592
2.1261
1.5000
2.4638
2.5921
1.7812
1.7749
1.2887
1.9248
1.5697
2.0143
2.1764
2.3212
1.7244
1.8739
1.5519
2.3767
2.0601
1.8054
1.9706
1.9943
1.6813
1.7419
2.0790
1.8644
