0.2005
1.7148
2.6941
5.5766
7.8779
8.7777
9.3190
9.8338
10.0461
10.1395
10.4858
10.6399
10.9325
11.0827
10.9711
10.8193
10.8179
11.3880
11.1562
11.4679
11.3666
11.5140
11.2887
11.4455
11.1729
11.6361
11.6347
11.4057
11.5583
11.8248
11.4257
11.8049
11.7496
11.6512
11.9963
12.2342
11.6653
11.6392
11.8914
11.7903
11.5767
11.7696
11.7516
11.6087
12.0203
11.6789
12.2044
11.8180
11.5355
11.9365
11.9636
11.8467
11.7495
12.3441
11.8160
11.6477
12.0236
12.0683
12.4547
11.8328
12.0959
12.0382
12.2188
12.0305
12.2481
11.9660
11.6978
12.0512
11.9102
12.2261
11.9788
12.2981
11.9520
11.8206
12.1159
11.5898
11.7081
12.3107
12.0329
11.9924
12.5056
11.8703
11.9784
11.9010
12.8572
12.3894
11.6979
12.0572
12.0415
11.9381
12.2033
12.1188
11.9708
11.9999
11.9043
11.4698
11.8830
11.8794
12.1803
11.7135
11.7673
11.7933
12.0376
12.0235
12.3484
12.0638
11.9520
12.2123
11.8320
12.2876
11.7619
12.0597
11.8827
12.0185
11.7891
11.8768
12.1797
12.1494
11.6123
11.8260
12.1946
11.8285
12.0733
11.9395
11.8115
11.6725
11.6153
12.1664
12.0196
11.9775
12.1667
11.8506
12.2096
12.0407
11.7371
12.2350
12.0713
12.0442
12.1397
11.7262
11.9367
11.8936
11.8858
11.7716
11.8337
12.1202
11.9345
11.8559
11.9873
12.0488
11.8243
11.7377
11.9800
12.1941
11.7554
11.8003
11.8958
12.2157
11.8673
11.7792
11.8025
12.0010
11.7605
12.0085
11.8525
11.5067
12.0120
11.4375
11.6801
11.6746
11.7452
12.1800
12.0034
11.5374
12.3848
11.6042
11.9177
11.5807
11.6254
12.7010
12.0435
11.7628
11.8900
11.9020
12.4903
12.0133
12.0119
11.8286
11.7845
11.9361
11.5647
11.7467
11.9000
12.0597
11.5398
12.0312
11.7647
11.3552
11.7560
12.0387
