2.9891
3.3939
6.0099
7.4300
7.5730
7.1240
6.3056
5.8671
5.7138
5.8182
6.0773
6.2126
4.9917
5.7756
5.6733
4.9620
5.0691
4.8746
5.2115
4.6856
4.9913
4.3311
5.5641
4.8098
5.3314
4.3168
4.3586
4.7965
5.1478
4.0270
4.8145
5.5592
4.9656
4.3912
4.3977
4.0666
5.2034
4.2021
4.8239
4.6038
4.7682
5.8274
4.1576
3.8388
4.1318
3.9905
4.3690
4.0382
3.7817
5.1945
4.4411
3.7880
5.3605
3.8675
4.3050
4.3502
4.1164
4.2298
3.7096
4.8305
4.2341
4.0330
4.7794
3.9086
3.9185
4.0374
4.0074
4.8196
3.9017
4.3788
5.4517
7.1766
4.0610
4.3591
4.9752
3.8101
5.2060
4.1309
4.2238
3.7250
5.8016
4.0023
4.3530
3.6769
3.7195
3.8271
3.6241
3.8200
3.7238
5.2049
3.7631
4.3119
4.0360
3.9105
3.6464
4.0058
3.6090
4.2768
3.8253
3.6502
3.4644
3.9119
3.7577
3.1127
3.5536
3.9429
3.9242
4.1286
4.1355
4.1754
3.8464
4.2516
4.2428
4.7607
4.4121
3.9005
4.6168
4.1235
4.0601
5.2609
3.7375
3.8491
3.7933
4.0221
4.2572
4.4732
4.2801
3.7615
4.4108
4.4355
3.5814
4.9774
3.5500
3.4625
3.6632
3.8079
4.0105
3.6323
3.1344
3.6997
3.9423
4.2051
3.6807
3.9002
3.5260
3.8583
4.3619
3.7759
3.4813
3.6759
4.8778
3.6959
3.3383
3.1619
4.3382
4.0971
3.7465
4.1806
3.4823
4.1051
4.7262
3.2801
4.0389
3.7551
3.5182
4.0486
3.6972
3.4302
3.7080
3.8809
4.0884
3.5092
3.9815
4.0469
4.0108
3.1721
3.2305
3.6794
3.1574
3.4033
3.5259
4.1951
3.6599
4.0590
3.8505
3.4879
3.6607
4.4991
4.0189
3.5981
2.9264
3.4722
3.8667
3.5668
3.3306
3.5141
3.3997
3.4146
3.8435
3.4492
