11.7753
13.5676
10.4704
9.0422
6.6218
13.3373
15.7659
16.2554
8.3466
9.8300
15.7536
14.2382
9.1022
11.3518
18.6735
13.5719
7.3273
13.4258
17.2752
10.8176
6.3480
15.0605
12.9910
9.0290
8.5963
17.9315
15.3624
10.3236
6.5395
14.0959
15.9808
16.2110
8.6718
8.2715
13.6271
14.7467
13.9016
7.2974
17.3158
15.5179
12.1081
6.8904
14.3909
21.1927
8.6142
8.8643
14.3319
15.5183
8.9124
9.0968
14.9330
15.1325
11.7521
10.7830
12.9294
15.9520
9.6771
7.8298
16.2473
16.4137
12.8626
11.9611
13.5042
15.9911
9.1270
12.3916
16.6544
17.0328
8.2882
17.7780
15.8740
9.6245
9.1062
16.5091
16.6961
10.7561
5.8335
15.4324
16.5165
8.8605
8.5104
17.8022
14.8402
15.7254
7.1932
15.2727
17.7263
12.7476
6.1940
15.0467
14.5769
8.4983
6.5940
13.0576
17.2095
14.3278
8.5311
12.5241
15.0134
7.2961
8.7989
16.6205
16.7272
9.9723
9.0191
18.0107
14.0137
6.9065
13.8217
17.5582
14.9703
5.7522
16.1932
17.1654
12.9465
7.4292
11.1963
19.1039
6.5704
11.2253
15.6973
15.3130
9.8841
7.9354
15.6440
14.3253
6.1208
10.2918
16.7137
16.8049
12.2981
10.6355
16.3325
13.5157
10.4341
12.8163
15.7802
12.0190
6.9192
13.9590
15.1848
14.1166
9.0838
11.2338
14.2932
17.1238
10.6205
6.8133
16.6639
15.4354
6.4152
12.7616
15.9710
15.6280
10.8624
5.5201
15.1889
17.4417
7.5199
7.6942
16.4766
16.7569
5.9249
9.3541
15.7454
16.4771
8.8168
7.5111
15.7241
17.0210
16.7051
6.2808
14.0390
15.6067
10.6589
6.8353
16.0391
18.8304
5.9666
11.6634
14.9737
16.8423
9.4437
8.3765
15.7686
16.4531
8.0448
16.2839
16.8778
14.9297
7.9941
16.1959
14.4005
8.5648
7.8162
16.4432
14.0749
10.0754
8.2192
16.6775
