1.2993
11.0714
10.5972
10.3211
10.3282
10.1975
10.4286
10.1271
10.3456
10.2274
10.7221
10.1617
10.2722
10.6740
10.3143
10.5249
10.6618
9.9576
10.1941
10.4996
10.6066
10.3214
10.3000
10.3940
9.9483
10.0932
10.1234
10.1940
10.2094
10.2217
10.3256
10.1674
10.0242
10.1833
10.2242
10.2941
10.0347
9.9031
9.9579
10.1224
10.2123
10.2837
10.1654
10.2246
10.4306
10.2703
10.4917
10.0769
9.6199
10.2328
10.1112
10.2919
9.9900
9.7625
10.2847
10.0277
10.3084
10.2373
9.9444
10.0675
10.0185
10.1662
10.0587
10.6988
10.0052
10.2738
10.0078
10.0657
9.9785
10.1135
10.4870
9.9298
10.2129
10.0829
10.1298
9.9005
9.8204
10.2150
9.7281
10.3878
10.0494
10.0916
10.5137
10.1989
10.1088
9.6368
9.9452
10.3162
10.0344
9.7817
9.8544
9.8179
9.9796
10.0998
9.7908
10.2000
9.7940
9.7110
10.4267
10.1595
10.2058
9.7291
10.4609
10.0562
10.3893
9.8590
10.0918
10.0394
9.9981
9.8426
10.0183
10.2385
10.2260
9.7677
10.0066
10.0317
9.8371
9.8860
9.9594
10.3247
10.0606
10.2321
9.4210
10.0053
10.1435
10.1950
10.3960
9.9395
9.9419
9.9623
9.8617
9.8271
9.5740
9.8949
9.5849
10.2392
10.0142
9.2635
10.1682
9.6568
9.8651
10.0034
10.1030
9.9071
9.8428
10.0934
9.9745
9.5552
10.2167
10.0835
9.7012
9.9559
10.2971
10.1707
10.0057
9.9117
9.7456
10.2470
9.8090
9.8162
10.0410
9.9225
9.6431
9.7887
9.7951
9.8231
9.8030
9.8122
10.1868
9.8458
9.9751
9.9935
9.9862
9.7197
10.2198
9.9388
9.9565
10.0839
9.9744
10.3093
9.9773
9.7697
10.0687
10.5067
9.6980
9.8072
10.1240
10.1185
10.1869
9.6217
9.9924
9.9386
10.2252
9.7944
10.1335
9.4515
10.3454
10.2403
9.8917
10.1103
