1.6881
1.6515
2.7289
4.5333
4.8516
4.7701
6.6448
5.6171
3.9495
5.1751
5.1107
4.2867
4.6227
4.1189
4.1650
4.9567
4.7154
4.6360
4.7315
4.7908
4.5799
5.7057
5.2840
4.4122
4.5395
6.5039
4.1804
4.9300
6.0343
5.5156
5.4929
5.3532
5.1652
4.7693
5.0934
4.3988
5.1523
5.5727
4.4450
5.2374
5.5888
6.0987
7.1601
6.3951
5.5947
4.9805
6.1380
5.6602
4.9312
5.3372
5.2639
5.5153
6.4026
5.7177
7.0420
5.0632
5.7447
6.5349
5.3317
5.2171
6.1952
4.5854
5.4578
5.9560
5.8790
5.7289
5.2857
6.4445
7.2776
6.0588
6.0698
8.2338
6.4796
6.8843
6.2352
6.4062
6.7414
6.8389
6.6871
8.5188
7.8281
7.1468
8.4594
8.6901
8.0953
8.4412
9.0550
8.2184
8.1184
8.4188
8.7122
8.6015
8.0885
8.5866
9.0509
8.3767
8.6290
9.4642
8.6703
10.1852
9.7109
11.2188
10.1581
10.4962
10.5038
11.0152
10.0134
12.7148
12.5085
13.5445
12.1690
11.6729
12.1984
11.7239
12.7005
14.6679
12.4479
13.4538
12.7376
15.9691
13.4063
13.5417
12.9655
13.3655
14.8327
13.8575
13.7210
13.8685
15.2003
14.2242
14.2549
15.8584
13.4711
13.7814
14.4871
12.9737
13.7755
13.3873
14.5665
14.6528
14.2766
13.2987
15.6653
15.9754
16.7539
13.9984
14.1155
15.1537
16.4903
16.8598
15.9758
15.2733
14.8698
15.9243
14.1286
15.8576
17.4057
15.7914
15.7953
16.0789
13.8006
13.5992
13.9673
15.4180
15.5936
16.9000
15.6374
16.6345
15.8546
16.9410
15.1592
15.0159
15.9551
14.7549
17.6960
15.5972
15.1102
15.8754
16.4956
16.4588
15.8557
14.0598
17.2086
14.3887
18.2947
16.1452
16.3668
14.3703
17.1776
16.9260
15.4129
14.4097
17.9546
17.4198
14.1145
16.7016
16.1368
18.7110
17.0495
16.3679
