2.3745
3.1690
3.0541
4.9778
5.7438
6.2021
6.2459
8.1971
6.6803
7.2706
6.9733
9.3005
22.4249
7.2610
11.9415
10.2306
10.9531
10.3010
14.2104
9.9115
9.4116
12.1384
10.6953
11.0270
10.0359
10.9152
12.0461
12.8407
12.3197
11.9341
16.1629
12.1690
12.9556
12.1777
12.8112
15.9001
14.4282
11.3017
13.3663
12.5066
15.6059
14.4854
13.1413
15.5493
15.8051
16.1309
15.0129
14.6046
13.9763
14.7569
14.7277
16.3117
13.0954
14.3622
24.3434
17.8291
16.9982
17.0677
17.0090
16.5416
18.9122
16.8088
16.7783
20.3370
17.3690
16.7840
18.1346
14.5487
18.3810
17.9237
17.3712
19.4686
18.1211
16.5527
17.5503
21.0450
19.5287
19.3528
19.2638
17.6996
21.5931
30.0642
22.5306
21.0797
20.2665
21.1368
19.3395
17.4700
20.2034
17.1395
25.9211
20.7050
20.1130
23.3841
17.8945
22.5349
22.6330
22.1119
18.6085
23.2840
19.1451
20.1451
22.0917
19.2222
21.2636
24.5925
20.2245
19.9677
17.4747
21.2612
22.4349
27.4664
23.7716
21.5541
20.0707
20.7297
26.1256
22.4885
26.1113
24.3519
19.1929
22.7754
20.1991
24.1761
21.3171
24.2271
21.9044
23.5011
24.0814
24.2334
22.2338
21.5552
20.2197
21.7721
22.1271
24.1445
20.0313
22.9611
22.5588
21.7689
20.8383
23.6425
24.0412
21.8067
23.1119
21.0941
23.6470
22.2848
20.5682
26.0681
23.8942
25.1810
22.2959
22.2233
25.3437
24.1697
27.4627
22.8634
22.4839
22.7797
25.5797
31.3346
25.2565
25.7005
23.9287
22.3525
27.3202
23.5030
25.1549
23.6895
23.8137
25.7509
22.8189
26.3994
24.5120
28.3919
26.2472
27.2025
23.9910
25.9551
23.0177
29.9745
25.9541
31.9792
22.5132
29.1035
32.0988
27.1204
26.2812
27.4573
23.7672
27.6541
26.3432
31.4052
31.0443
22.7541
25.5490
27.9909
27.5435
27.8426
