8.0356
7.1697
6.2525
7.2163
5.9405
6.1974
5.1233
6.6766
5.7822
6.6891
6.3241
5.1411
5.6850
5.6872
7.9320
5.6560
5.8861
6.0646
6.6931
6.6191
6.2110
8.2725
5.2605
5.8148
6.4598
6.4418
5.5213
5.0262
5.9445
7.0470
5.6545
5.8200
5.6478
7.7184
6.7906
5.1770
5.5883
5.4862
6.4921
6.5086
6.0589
6.0142
5.3589
5.6378
6.0854
5.8506
5.6674
5.8253
6.4185
5.9004
5.8305
4.9901
6.4132
5.0064
5.6326
5.8338
5.6107
6.6935
4.8458
6.1038
5.3848
6.6663
5.5048
5.6341
6.8269
5.6487
7.0055
5.3218
5.9170
5.7494
5.4890
6.9233
6.6635
6.3159
6.6304
5.5993
6.9003
6.0402
6.0074
5.6673
6.0761
5.7082
5.7031
6.1802
5.0944
5.8218
6.2736
5.7305
5.2454
5.4066
6.0716
6.0711
5.2204
5.1559
6.3048
5.4725
5.4688
5.4508
5.9950
5.2744
5.7019
5.3493
6.0715
8.2154
7.3870
6.9083
6.4743
5.0679
6.7610
6.1779
5.5883
5.7598
7.7657
6.1389
6.2975
7.0596
5.6292
6.5883
5.6620
6.1524
6.1545
5.0641
4.7120
5.5534
5.5228
6.0964
5.4057
6.5203
6.3902
7.6266
6.2047
5.3346
5.3719
6.3362
6.3491
6.6919
6.4419
6.4682
5.3935
5.6803
7.8217
5.6297
7.2003
5.5742
5.9540
5.5553
5.2118
4.9676
6.4581
6.5753
5.7630
6.2131
6.0632
5.1317
6.5910
6.3347
6.2908
6.3123
7.4272
5.5271
6.8514
5.1043
6.9000
6.4391
6.0573
7.3950
7.3671
6.5290
7.4045
6.1181
5.8394
5.6460
5.3567
5.6674
5.0515
6.3273
7.8353
6.7726
6.0946
5.1123
5.9123
5.3802
5.3215
6.3154
6.0103
5.8390
5.8786
5.8500
6.4218
5.6036
5.1403
7.4317
6.6096
5.2868
5.7751
6.4331
5.9445
5.9572
5.5053
5.5070
