2.9856
3.0106
4.8422
6.9286
8.2023
9.7596
8.6623
9.7707
10.4415
8.8185
8.5854
8.1963
8.6535
9.9622
8.5686
9.1813
8.1835
9.5766
8.5616
9.1965
8.0173
8.2286
9.0090
8.8806
8.8650
7.4050
8.1011
8.1218
8.5255
8.7054
7.2151
7.8281
7.5262
7.3207
6.4977
7.1201
8.9466
7.2011
7.0700
7.2148
6.6667
6.8440
8.1254
7.1638
7.7194
6.7465
6.7726
7.6789
7.3038
6.1084
6.3772
7.4805
6.2699
7.5141
6.2514
6.7906
5.6791
5.4087
5.2441
6.5831
6.9047
5.7305
6.0813
5.5167
5.9872
5.7754
5.7152
6.2147
6.5038
5.5737
5.7152
7.0378
6.8367
6.1495
6.3177
6.6341
6.6569
5.8274
5.3511
6.0832
5.6964
5.7103
4.9543
6.3044
6.2228
5.1829
5.2480
5.9447
5.8039
5.3132
5.8707
6.4095
5.3899
5.2866
5.8073
6.2426
6.3597
5.8691
5.9451
5.2225
5.7736
6.0492
6.0679
6.9883
6.2893
5.1570
5.3625
4.6031
6.3702
6.9868
6.3375
6.9412
7.2238
7.5504
5.4664
4.8657
4.6060
5.0480
5.5091
4.7523
6.8040
5.9713
6.0616
5.0986
4.6155
6.8797
5.3191
6.3563
6.2349
5.8638
4.9437
4.7317
5.9242
5.5903
4.3924
5.2053
4.7887
6.0076
6.1587
4.7222
5.8440
6.3976
4.8037
5.4564
5.5565
6.7958
7.8058
5.0834
4.9774
5.9890
6.4289
5.6058
4.3966
4.4864
5.6342
5.2596
6.0076
5.2895
5.5242
4.8375
5.3680
6.0362
4.9801
6.6548
5.5252
5.0258
5.4536
6.5999
5.2473
6.8284
6.7206
5.3432
5.1718
5.8064
6.1251
5.5675
5.6784
5.7822
6.1937
5.2209
4.3748
6.2045
6.2523
4.8047
7.0642
5.6780
5.2359
4.5027
5.4085
5.7526
4.5509
5.7910
5.5185
5.7018
6.0274
5.0576
5.2075
5.0419
5.2864
4.6112
