2.7935
3.5880
6.6701
7.3103
8.0317
9.2305
7.1951
12.5102
11.4459
12.9783
12.7497
11.5547
13.3554
15.5425
13.9822
14.9616
12.9603
13.6232
14.0074
14.3386
14.2541
12.0710
12.3861
14.8554
10.7346
11.8765
14.2503
12.6402
12.3700
13.4876
15.0070
12.5814
13.2629
11.7439
11.3816
13.8531
13.2912
12.5600
13.8720
9.9521
11.5929
13.4494
12.6194
13.0446
11.1696
14.0094
12.7415
13.1098
15.1910
13.5363
11.7915
12.4400
13.7984
13.4830
11.9977
13.6181
11.4833
13.6768
13.9524
10.6755
11.7158
12.6149
13.0334
12.4205
12.4615
12.2311
12.5583
11.7623
12.2087
14.7247
12.6084
12.2247
11.8825
12.7372
10.6118
12.6043
12.2801
12.0903
11.7948
12.3278
11.8696
12.0030
13.3239
12.6577
11.9861
12.5770
13.6038
10.8657
12.9554
11.6115
11.6780
13.7207
11.6577
14.0012
13.2695
11.4395
12.3547
12.7690
11.6393
11.8991
13.2014
11.7616
11.9946
14.5441
13.3029
12.6319
12.6757
12.6770
12.8848
12.7472
13.2507
12.2656
11.8566
11.8019
11.3367
13.9909
11.8417
12.1888
12.3079
11.0595
11.4294
12.1004
12.1793
13.5004
10.3228
11.9353
12.5938
12.2415
13.9805
12.9851
13.7953
13.4385
12.1964
11.0839
13.6795
11.6441
13.7398
13.4794
10.8764
12.8370
11.9620
11.6069
12.7598
14.4545
14.6422
12.7313
14.0785
12.2932
12.0817
14.8053
9.9372
12.3037
10.5654
13.5496
12.1463
11.3836
11.9535
12.3354
13.3915
11.6308
12.2411
11.6083
13.5598
10.2338
10.5536
11.1092
11.5770
11.9348
11.5485
11.6981
13.0644
14.1747
12.2725
11.7871
10.9796
12.7589
11.8644
11.4860
11.7020
10.8428
11.5769
12.0527
12.2082
10.5356
12.5988
11.4233
12.0224
12.9263
13.4322
11.9548
11.6943
13.4372
14.8139
12.0707
12.2486
11.7376
11.3415
13.2064
12.1360
11.5469
