1.8225
12.3501
14.5334
14.9459
15.3874
15.3845
14.7475
15.4866
14.7999
14.9898
15.4012
14.8505
14.9709
15.1992
15.1857
15.0652
14.6868
14.9752
14.5082
14.8776
14.9343
14.7022
14.9295
14.9585
14.5277
14.4217
14.7272
14.7662
15.0043
14.5947
15.1516
15.0664
14.8102
14.5337
14.8473
14.6302
14.7690
14.7512
14.6852
14.4912
14.5512
15.1324
14.3129
14.9997
14.8481
14.5487
14.9482
14.7788
14.8661
14.7213
14.4481
14.2866
14.9084
14.5503
14.2698
14.6572
14.5546
14.3216
14.4917
13.8080
14.0401
14.6199
14.4581
14.4552
14.6359
14.6252
14.3587
14.7795
14.8118
14.4470
14.5052
14.6290
14.1717
14.6040
14.0259
14.7237
14.2381
14.6321
14.4048
14.0546
14.5858
13.9558
14.8357
14.1542
14.5435
14.5343
14.7542
14.0720
14.1970
14.9924
13.9138
14.3635
14.5276
14.9290
14.0185
14.2338
14.6738
14.2185
14.2701
14.4200
14.4659
14.3743
14.0607
14.9345
14.3955
14.4846
13.9351
14.3193
14.5542
13.8029
14.6067
14.2098
14.2749
14.5430
14.6610
14.0922
14.4773
14.1067
13.9138
14.0268
14.2383
14.8696
14.3961
14.3009
14.0726
14.4356
14.2013
14.1265
14.1523
14.0993
14.8466
14.3954
14.0274
13.8132
14.5762
14.2981
14.5103
14.3142
14.1422
14.2647
13.7248
13.9893
14.4558
14.4851
14.2170
14.3260
14.4295
14.3726
14.5516
14.1425
13.9012
14.2041
14.3584
14.2960
14.1633
14.1634
14.4135
14.3003
14.3061
13.9223
14.0119
14.2020
14.6195
14.0836
13.7844
14.5153
13.5896
14.3389
14.5653
14.0645
14.0152
14.5311
13.7633
14.2073
14.5007
13.7850
14.4170
14.3332
13.9098
13.8175
14.0803
13.8283
14.3422
13.7723
14.4436
13.9112
14.3976
14.5953
14.1786
14.0757
14.0809
14.4253
13.6846
14.5042
14.0589
14.3077
14.3541
14.0929
14.2248
14.4550
