1.7180
2.0643
3.0094
4.7256
7.3460
9.2312
9.4910
9.7535
7.5888
10.1103
10.4766
12.0516
11.4099
11.5097
14.4651
13.1559
15.1966
16.6067
16.3866
16.7767
15.8266
18.2873
19.0706
20.1459
18.8024
17.7444
17.8456
18.4763
18.5517
17.4988
17.5167
18.5154
19.1656
16.5922
17.0696
19.2507
17.5990
20.5401
20.7028
19.0328
20.8645
17.6105
18.0908
20.8745
20.1344
19.7209
21.1305
22.8650
18.8972
18.1362
19.3785
18.7596
19.0186
22.5990
18.9443
20.4382
19.7489
20.0881
19.6179
19.1154
19.1826
20.4297
17.2275
21.5353
22.6471
20.8829
24.6493
17.5160
19.3211
21.1161
20.2125
23.2699
18.8828
19.7482
25.0937
21.2861
20.3005
23.8048
18.4723
20.0523
19.5038
18.6501
23.1325
21.2800
21.0524
18.4586
22.3739
21.1925
21.3492
19.6280
23.8995
22.2526
22.2585
21.9056
25.6250
23.1680
21.7054
21.0041
22.1655
21.2451
23.1670
19.9260
23.3465
24.3710
26.0340
22.6585
18.9560
21.8377
23.3606
21.6282
21.2333
20.4059
25.7663
20.1477
19.9899
23.2698
22.4008
21.1259
22.6176
21.7791
22.1139
22.0947
24.9275
23.9637
22.6742
21.1146
22.8912
21.2326
23.3622
21.5845
24.7536
22.3485
23.2525
22.5207
22.9658
26.5964
23.5456
22.4562
25.2460
21.7949
20.8485
24.8857
21.7726
23.7107
24.5180
22.8443
22.8436
23.4514
23.5716
23.2918
25.4170
22.5732
24.3073
22.2423
22.3941
21.8931
21.5575
22.2114
22.4881
23.3567
22.6918
23.1164
25.3406
24.7322
22.5867
19.2899
23.2820
23.3796
21.9584
22.8679
21.2640
21.7912
26.4525
19.4773
22.2010
19.3508
22.7462
21.7642
19.2974
22.1993
23.8429
20.5657
22.3698
21.9588
22.8971
23.1509
22.9019
23.1822
23.3259
20.3875
23.7230
21.0045
23.4218
23.5961
21.9734
23.8732
21.2095
21.2643
22.3741
25.1518
