18.2251
13.0935
9.9967
9.3388
10.3703
10.5955
6.0477
7.7750
7.7663
7.3731
8.5035
7.0611
7.9652
7.3741
8.6768
7.7121
7.6942
7.1924
7.9265
6.7110
6.2832
7.1253
7.7496
7.9171
7.1392
6.3135
6.0393
7.4203
7.1985
6.6633
7.4817
7.7804
6.6349
5.3219
6.1104
6.9251
7.2035
5.0164
7.0453
5.4629
6.6002
5.8455
7.1497
6.2250
6.4430
5.8936
6.2635
6.5973
5.4112
7.9337
4.7938
5.5926
6.4681
7.1057
6.2733
7.4489
7.1180
6.2801
5.1599
6.3509
4.9079
7.1281
6.7417
6.6367
5.5469
6.3286
4.5197
6.4668
6.3597
4.1748
7.0755
5.8734
6.4579
5.7589
6.2156
7.0241
5.5203
6.4112
4.8852
6.6386
4.7174
5.1485
5.0717
6.3645
6.2624
6.2118
6.0953
5.3362
7.2129
5.4244
6.1476
5.1210
5.7367
3.7383
5.0273
6.2987
5.2066
7.5315
6.4384
4.7984
6.2971
5.0408
5.6557
4.6141
5.5785
5.6704
5.1241
6.5042
5.3226
5.3917
5.3402
5.6194
5.4621
5.9330
5.8887
5.9431
5.4065
5.0885
5.6275
5.7697
6.3084
5.8626
4.7790
5.3180
6.6011
5.3568
5.6075
8.5320
5.1294
5.1755
6.3324
6.0695
5.5094
4.7277
4.9594
6.0849
4.5705
5.0316
5.3750
5.0186
5.6983
6.3882
5.5559
4.9474
5.0487
4.3989
4.6746
5.7271
5.4459
6.5207
4.9420
5.1763
5.6183
5.8128
4.6503
4.2316
6.5438
5.3630
5.4947
6.3007
6.0959
6.3468
5.2205
5.3965
4.8821
4.7963
3.8517
4.7610
5.7046
4.4275
5.0104
6.7647
5.8706
6.3063
5.0209
4.9088
4.4558
4.9997
5.3353
3.7818
5.5155
4.7708
6.1771
5.5036
5.9387
4.9887
4.1561
5.7649
4.4183
5.9069
5.0226
5.3713
6.0461
4.8890
6.0201
4.5955
5.6315
6.1078
6.7078
5.7105
