16.3362
7.1471
6.6334
6.6748
5.5016
5.6896
6.1819
7.6350
5.3941
6.4222
5.3819
4.7063
7.5531
5.3902
6.2731
5.8391
5.4215
5.9112
6.0729
4.8786
6.0627
5.2294
5.5915
4.4501
5.2471
5.7358
5.2958
5.3508
4.3858
5.8593
5.5557
7.0231
4.9624
4.7933
5.2197
5.1541
5.6150
4.4228
4.8853
3.9439
6.0165
4.9361
5.3942
5.2806
4.5589
4.7879
4.0172
4.7287
5.5080
4.5043
4.9535
5.1307
6.3283
6.2778
4.8978
6.1314
6.3523
6.2896
5.9848
4.3451
4.6940
6.0461
7.5532
5.8822
4.5347
6.0582
4.5211
4.9689
5.3568
5.4314
4.7184
5.3904
4.8473
5.4903
6.3448
4.5665
4.2715
4.5517
5.3414
5.0182
5.4507
5.7547
5.3838
5.0263
5.0285
5.3864
5.3214
4.5209
6.9214
5.5009
5.4881
5.2363
7.7166
4.7335
5.1038
5.8476
5.0644
5.8791
4.5162
4.8252
5.0914
4.6367
4.5890
5.2932
6.3157
5.4925
5.3287
4.8179
4.3553
5.3592
5.2303
4.9162
5.3676
4.2908
5.2305
4.4997
4.4051
5.6102
5.5693
5.6940
4.7253
4.5917
5.2649
5.1218
5.0514
5.2670
3.9513
5.1401
5.8246
5.5743
5.7064
7.1163
5.2159
5.2522
4.8397
5.7155
5.3297
5.2719
5.7746
4.3095
4.6117
5.6134
6.2281
5.0111
6.0936
6.1593
5.8973
5.6772
7.0624
5.7087
6.5709
5.1290
5.6185
5.5005
5.2767
4.7837
5.4439
5.7949
4.7999
4.3267
6.2104
7.8054
7.7066
7.4908
5.0043
4.9486
5.5427
5.5710
4.9361
5.0008
5.1998
5.8656
5.0360
4.8729
6.0979
7.2249
7.9596
5.4820
5.9963
5.0918
5.6008
4.9722
6.8267
4.6619
5.9890
4.0421
4.5351
4.7413
6.9952
4.4985
4.4841
5.5312
5.4625
4.5520
5.5834
4.4419
5.3815
5.1429
4.9815
4.1345
