2.7343
3.3776
5.9918
8.0184
7.4604
7.9975
8.9731
8.2729
8.5029
8.2032
8.1911
6.8273
7.0673
7.1011
6.7388
7.3203
6.9757
6.3626
7.4588
5.8286
5.8804
7.5050
5.4136
7.4506
6.9902
5.8332
6.1008
6.0472
6.8328
5.9572
5.4122
5.8721
7.7873
5.0545
6.9794
5.3052
6.1097
5.4534
5.5563
5.8821
5.6372
5.5232
6.0740
6.1206
4.3863
5.6002
5.1186
4.8463
4.2991
5.0585
4.7943
6.4919
4.8888
6.6367
5.8689
5.2426
5.3466
5.1507
5.6257
4.4390
5.8264
5.2725
5.0758
6.2655
3.8522
5.2932
4.0466
4.9173
7.4672
6.8995
5.4184
4.5949
6.2952
4.9864
4.1660
6.7150
3.8182
4.9084
6.2006
4.7872
4.4020
5.2603
5.6647
4.8083
5.0017
4.8252
6.2834
5.9482
4.3406
5.0368
4.4703
4.7563
4.5170
4.7046
4.7064
4.6631
5.4952
5.3804
5.6188
4.7164
5.2603
4.8870
5.2647
5.0446
5.0761
4.4245
3.8819
5.6297
4.9094
3.7490
4.5192
4.6022
4.2077
4.9339
4.0154
5.4156
5.2191
5.9393
5.4147
5.5229
6.2541
4.7166
4.4039
4.4724
3.8435
3.5518
4.3972
4.4362
5.1183
5.0962
5.2037
5.3755
4.4552
5.4918
5.0814
4.4334
4.6553
3.3745
4.3452
6.0858
6.2039
4.5010
5.5465
5.6404
4.4445
4.0824
4.7751
6.1576
3.3661
4.3225
5.2604
6.4514
4.2900
4.7129
5.2757
6.1757
4.5013
5.8523
4.4372
4.4889
4.5102
4.3412
4.0588
3.5596
4.2314
3.4960
4.7901
5.1516
4.6321
4.2050
5.1447
5.1456
5.4061
4.5864
5.3074
4.2918
4.5207
5.7260
4.4753
4.7327
3.9301
4.5409
5.0170
4.9321
4.4115
4.4601
3.8027
5.4200
5.6919
4.1889
5.6471
6.0842
3.7456
4.3786
3.5204
5.6004
3.8203
3.9009
4.2618
4.6756
