19.3026
8.6751
5.8188
6.6416
3.4866
5.6346
5.4501
5.5084
3.6444
4.5072
2.7558
5.8057
4.0135
4.9728
4.1803
3.7556
3.5912
4.8178
4.7390
6.1209
2.6961
3.0852
4.2423
3.9517
4.0728
4.1194
4.3883
5.2082
3.4402
4.1718
5.1969
3.6778
3.2160
4.7982
4.5541
2.4541
4.4266
4.7712
2.8590
3.2548
5.0080
3.1782
6.3345
4.0696
4.3988
3.3631
3.1649
5.7480
3.8529
5.8787
3.5450
4.5486
4.7251
3.1042
3.0964
5.5191
4.1566
4.4051
2.8401
3.2274
4.1376
4.5046
3.3141
2.1602
2.7900
4.0828
4.2221
3.8468
4.4619
3.9162
2.4026
3.9615
2.7710
2.3531
4.8170
4.3335
5.7330
3.9298
3.1051
3.6394
3.5762
4.3846
3.8464
2.7706
3.3540
3.5330
2.7404
3.3262
4.5986
4.7633
3.1106
4.4712
4.4710
3.5235
5.8009
3.7391
3.6300
4.1712
4.5490
3.6206
2.6235
4.4858
3.6948
4.7448
4.5986
4.9800
4.6095
4.4552
3.3513
2.6774
2.9889
2.9772
3.9365
4.0531
3.1286
2.8754
3.8494
4.2994
3.2933
4.2656
3.3340
3.4785
4.8030
3.8856
4.2136
3.7593
3.2103
3.6573
2.5678
4.0156
2.4322
4.4831
2.6478
3.0551
2.9582
3.2649
4.6224
2.8175
4.8076
3.6688
2.7969
4.0443
4.2728
4.1132
3.6430
3.8527
3.7927
2.7178
2.5673
2.5990
3.2057
2.8670
3.8570
4.7344
3.2949
4.1315
4.3296
2.8020
3.8820
3.2508
3.7093
4.3774
3.3322
3.3112
4.7407
2.4914
3.6376
5.7532
3.2156
3.3053
2.3007
4.1870
3.7544
4.0462
3.8155
3.2769
2.9043
4.3678
4.1688
3.3009
3.3050
4.8233
4.6085
3.6544
2.7238
3.9915
3.2279
2.8761
3.1808
3.9138
5.6301
3.4689
3.0688
2.0385
4.0025
3.6023
3.7526
2.8605
2.2061
3.2815
