5.2393
3.2208
4.6310
6.2891
11.7115
21.9632
25.6292
23.4857
28.3312
30.0716
30.9706
32.6458
32.7561
36.9347
38.3486
34.4857
39.7395
44.5328
37.3444
45.8302
16.2755
14.4004
11.6825
10.4436
16.4446
12.1288
20.6807
15.4408
12.6259
13.1847
12.6621
13.2910
9.3414
10.3198
12.3194
11.8045
11.9182
11.0931
12.8792
14.0074
12.6879
12.1108
12.0166
10.6400
12.5671
11.8873
12.0382
11.6909
13.5105
11.5183
11.8495
11.3787
15.1079
11.8046
12.2480
11.8817
15.0355
12.7254
13.5097
11.1235
11.4128
11.9855
11.2371
11.9935
13.6807
15.3231
12.4079
11.8198
12.6445
13.7256
12.6777
11.0020
12.1016
14.8267
16.8282
11.1855
11.5567
14.6043
12.3031
14.1691
13.0002
11.7289
15.2266
16.3532
14.1165
13.5335
14.6192
13.4616
14.9037
12.7268
13.5389
14.7602
15.0810
14.3076
14.6531
14.5522
14.7391
16.4904
13.7632
13.9573
16.8446
17.6558
15.6779
12.6495
16.2034
15.9970
16.8566
14.3013
17.0993
16.2394
15.3600
15.7873
16.6455
17.0958
17.2503
17.7246
18.0546
15.1403
18.7885
16.3035
18.0444
19.8282
15.6727
18.1316
17.6789
15.1895
16.0870
16.5186
14.9257
15.0089
16.7779
16.4334
21.7533
14.9182
16.7641
19.4235
18.1540
15.0107
19.3427
17.2591
18.5529
19.9839
17.4002
19.0381
17.3681
18.6172
22.2144
18.3144
16.2890
15.6871
22.3264
17.0372
18.8406
24.0060
18.4463
18.5924
19.1260
20.0591
19.4900
19.3583
18.4079
21.6082
20.0985
18.6115
16.8198
17.3399
23.6339
20.9395
19.6416
18.3392
21.4301
17.7905
20.5427
17.9850
14.6807
13.1104
16.8864
13.4703
17.8244
16.7845
16.1161
13.2757
20.7617
18.4481
15.4275
19.0140
15.0699
17.2348
17.9886
19.6446
18.1266
22.4819
14.5566
16.3653
18.5529
18.7369
19.8590
17.9418
19.5214
18.1469
