2.6625
4.2284
8.2725
13.4932
16.0527
16.3256
19.3358
14.0604
15.6602
20.3463
15.1226
16.0744
16.8444
17.8997
15.8728
17.8667
18.0256
16.2517
16.9675
17.6323
19.6604
17.5517
16.0603
16.1127
20.8874
17.2705
15.6847
15.7085
16.1779
15.3293
17.2845
18.1185
18.6372
18.6168
13.4146
15.7135
16.0872
13.9418
15.5456
15.1999
10.7574
18.0945
17.3341
18.2744
15.2486
17.8046
15.7755
16.4669
16.5025
12.5765
16.7738
16.4639
14.5821
15.1110
15.3008
10.6528
13.7538
15.2201
13.8812
13.4698
16.7820
14.3462
15.9620
15.6254
14.3623
13.7250
12.7093
15.1186
16.1901
16.6039
14.2502
11.2563
12.9563
13.7069
14.4949
14.0040
13.4180
12.2184
16.8575
12.2463
13.6672
11.4990
14.0875
13.1380
11.3429
13.1679
13.5293
12.7171
13.8429
14.4831
14.0222
14.8662
11.6164
11.1127
15.8882
14.5527
14.9580
16.5634
14.1969
11.0913
12.1450
12.7312
16.5185
14.5444
14.7401
13.3214
12.6869
11.7554
14.6631
13.6071
13.3660
13.4390
12.1129
13.6041
14.0030
14.1681
13.4086
14.3249
9.4653
15.0666
12.9939
14.4753
12.7685
13.2660
11.3579
12.2257
14.4162
11.8905
12.8465
12.7612
13.4589
13.8695
14.6933
13.5563
13.4840
11.4464
10.2548
13.0972
11.9371
13.0811
12.1688
14.1582
13.8152
13.5216
14.0490
11.8950
11.3914
11.5618
10.5637
13.7121
13.6751
11.9882
9.4419
14.1107
13.7466
12.8456
9.3491
12.6648
11.4278
10.1817
13.2376
13.0050
13.7299
11.7245
13.3166
14.0019
11.1389
10.6930
13.9440
9.3479
12.8654
14.4923
12.5687
15.8190
12.4416
11.2758
13.3186
12.9453
10.6591
13.7708
8.6430
11.4651
9.9915
12.0569
13.1043
10.7993
11.9108
12.7995
13.9370
13.3422
11.3984
11.1351
12.3384
10.4780
11.1994
13.2761
13.4953
12.9509
12.6617
9.0025
