14.6054
11.2062
9.7601
11.6279
7.8930
10.9434
11.6961
10.0539
8.8780
8.2990
10.1279
9.0374
10.1512
11.8670
8.7131
9.6029
12.4648
11.4383
11.6826
8.6366
10.5202
9.7133
8.7270
9.6965
10.1134
10.2568
8.7554
10.7781
9.2333
8.8436
10.8440
9.8458
9.7135
11.1891
8.6452
8.1898
7.2852
12.0760
9.4979
10.5450
9.7133
10.5411
8.6708
7.6970
8.3940
8.0884
9.9113
12.8109
10.6519
9.2020
9.8064
11.6132
10.7773
9.4833
13.2920
10.7309
8.6519
9.7783
9.0389
10.0193
9.9399
11.0472
10.3159
9.1615
10.7803
8.7548
10.3514
9.3580
10.5312
8.8639
9.5281
7.3291
11.8102
12.2189
12.0562
9.0263
8.2679
8.1792
9.3552
11.1808
8.3568
11.0006
8.9083
10.1053
9.1380
10.2708
11.9669
9.4468
8.7477
11.0458
10.8649
10.7947
10.1299
10.2147
10.0818
10.4169
10.1144
10.1148
8.7000
7.4675
8.1715
10.6300
8.8451
8.6983
9.3877
7.9607
11.0373
9.5414
10.9343
9.5189
12.7837
9.5106
12.0044
10.7522
8.1612
10.3592
11.5894
9.2405
9.6951
9.1186
10.5966
7.2096
10.2867
10.5385
10.5367
8.7259
12.1806
9.1548
9.3623
7.8141
8.1251
9.6383
9.3719
10.7839
9.6891
10.8893
9.6686
8.1951
10.7115
13.0226
9.5455
7.7326
10.4050
12.1785
8.3356
10.4494
11.2284
8.1208
9.9113
9.7787
8.5142
9.0637
7.3021
10.3752
9.1891
9.0615
9.2402
8.4183
10.9814
10.9183
9.9514
8.9788
9.1557
9.7344
10.1036
8.7986
9.0577
8.3147
9.1360
8.1023
10.6172
10.7807
11.0920
10.3756
11.1335
8.5529
9.0978
8.2448
11.1220
9.9997
9.4498
10.3504
10.5544
9.1369
7.1844
8.8567
8.6689
10.8895
9.0156
10.8214
8.7703
9.3962
8.9698
10.1542
9.8042
7.7407
9.5179
9.9517
8.2465
8.9427
