9.7963
9.7344
9.5808
9.7963
8.7287
9.5289
9.3392
9.9557
9.3697
9.2456
9.0578
10.0584
10.1347
9.5491
9.6072
9.3207
10.1401
9.4635
11.0994
9.3374
8.8320
9.7587
8.4239
9.0232
9.9159
9.8635
9.2177
9.3512
8.9315
9.3483
9.0096
9.6923
8.5942
10.1903
10.1829
11.5156
9.5281
9.1826
8.4959
11.0044
9.0177
9.4657
9.2059
10.5226
11.3736
9.6949
9.6997
9.5873
9.5068
9.9244
9.3556
10.4158
10.1469
8.7242
8.5409
8.5539
8.8649
10.9704
10.3734
10.9388
11.8015
10.4425
9.8236
11.0232
11.2398
10.9538
9.9898
9.1515
12.8116
9.8108
10.4206
8.4855
9.8064
9.5679
9.5211
9.6317
9.6337
9.5370
9.4797
9.5206
10.1402
8.9064
9.9802
8.6941
11.7139
11.4161
9.7990
10.8263
10.5169
10.1127
9.6651
10.6375
9.2375
10.0333
9.8111
9.0076
9.9418
10.1611
9.7500
9.1538
9.2877
10.0917
9.7492
9.9204
10.3696
9.4920
9.5430
10.8812
9.3523
9.4705
10.3915
9.3762
9.6063
11.0103
9.8014
9.8961
9.3292
9.0467
9.8545
8.5116
9.2635
8.6063
7.6456
8.8110
10.5892
9.4191
10.3705
9.7752
9.8489
9.1365
9.5052
9.5046
9.5300
9.6779
10.0079
10.6824
10.9569
9.7134
10.0349
9.5101
10.8316
8.3536
10.0022
10.0343
8.7700
9.3497
9.6351
9.6192
10.4682
8.9651
10.0000
10.1787
9.3400
9.8637
10.1776
10.9949
8.4146
9.7464
9.8973
8.7200
9.6970
9.5078
9.5576
10.0493
10.1462
11.2319
10.5067
10.2684
9.8535
8.0815
9.4614
9.7060
9.1935
10.4890
9.7067
9.6937
12.1799
10.4961
11.2636
9.2092
9.6488
10.0668
9.4088
9.4267
9.8801
10.0585
9.9206
9.8395
8.6165
10.2699
10.0257
9.6551
10.2123
7.1223
9.8376
9.4326
9.1460
8.7034
10.0118
10.3832
