2.7239
5.6600
8.3851
13.6227
11.0287
9.5614
10.4586
7.1521
8.6464
7.8968
9.7078
8.0019
10.3385
8.2553
7.4630
5.3554
9.2528
7.2452
4.2830
9.4688
3.7724
5.1587
8.0345
4.6279
3.9321
4.5054
2.9669
4.5349
6.5438
5.1996
1.9562
2.8733
5.0730
4.8652
4.8423
4.0206
4.6487
5.2031
4.9397
4.8602
3.5087
4.4680
4.4204
4.6656
4.9631
6.0012
3.2586
4.7403
3.8933
3.8564
4.2146
2.4056
4.3502
2.8931
3.6546
6.7295
2.5060
7.3210
3.2744
2.9124
4.8318
3.1890
4.1385
5.8488
3.3275
2.7241
2.6040
3.1127
6.2525
2.6675
2.7192
3.0684
4.9427
2.4089
3.2969
3.4650
3.8268
3.4539
4.6007
1.9686
4.3317
3.3118
5.8447
3.1318
5.4675
4.2827
4.5239
2.1641
3.8917
5.2617
4.1836
4.1122
2.6328
3.1930
3.0739
5.6472
2.5761
3.4281
4.8675
3.5340
2.4524
1.4765
5.0487
2.5395
2.3601
3.3594
4.6627
2.8844
5.0788
3.5755
4.9580
3.8431
4.0279
4.1692
4.2159
3.1002
4.1041
3.7597
2.1557
3.9416
3.9481
5.0094
5.4468
4.4009
1.9309
3.2079
5.7469
3.5021
7.8310
3.4255
2.0580
4.1691
2.4376
2.6422
4.1484
4.1962
4.5902
4.2224
5.2739
1.4554
2.8107
5.1359
4.7625
3.8407
3.5827
4.7977
2.8761
3.4114
4.0282
5.5594
2.9734
2.9542
3.0903
1.9037
3.2007
2.3947
3.4892
4.8316
2.8554
2.8932
4.8604
4.3307
2.6108
5.7563
6.1127
2.8700
2.2346
3.0319
2.3527
4.5228
3.4936
3.7880
3.4687
3.5015
3.7116
4.9258
4.7531
5.5410
4.2017
4.8393
3.6140
2.0620
3.5117
1.8574
2.3219
4.3614
4.6496
1.8049
4.1446
3.7079
3.7630
4.7206
6.8666
3.5102
4.5121
5.1272
2.8960
4.6525
5.1798
2.9161
