2.7343
3.3437
6.1957
8.9869
7.4695
7.1714
7.2487
6.4498
6.1607
5.2592
6.2927
7.4204
6.9046
6.5522
6.0028
5.3595
5.3724
5.3505
7.2313
4.2785
4.9232
5.5911
6.1987
6.8174
5.8125
4.5128
5.3606
4.7094
5.5694
4.6223
4.0609
4.3188
4.8022
4.8000
5.1926
4.7518
5.7249
4.9949
4.1111
4.3565
4.4142
3.9131
5.2243
4.6503
3.6471
4.0503
3.7902
4.4049
3.6336
4.1404
4.2979
5.3111
4.2662
4.1024
3.9090
3.8979
3.6141
4.4264
3.7799
3.5516
4.4699
4.2089
4.2639
4.0681
3.4488
3.7460
3.0442
4.0828
4.9884
4.8478
3.6006
3.7461
5.0104
3.7513
2.8368
4.3187
3.1768
3.9055
4.7011
4.7510
3.1199
3.8491
3.6549
4.1102
4.4218
3.3637
4.7309
4.3047
3.6892
3.8939
4.8346
3.6851
4.0471
3.5123
3.0060
3.6696
3.1177
3.6119
4.2551
3.5122
3.8532
3.2902
4.1922
3.8106
3.5388
3.4443
5.5385
4.0353
3.4082
2.9291
3.1699
3.3845
3.3407
3.6730
4.0393
4.4840
4.5709
4.7702
4.2106
4.2459
4.3444
4.1863
3.3041
3.7832
4.1806
3.8725
5.0518
4.7518
5.3138
4.4081
5.1566
5.6328
6.0835
6.6085
6.0458
6.0525
5.8229
6.4367
5.5964
5.4086
5.3214
6.3998
5.5672
5.1226
6.6433
6.1672
6.2271
6.4025
6.1752
5.3214
6.7458
6.2101
5.8803
6.3377
6.0328
6.0324
5.6053
5.5737
6.1801
6.3880
6.2847
5.0613
5.8294
4.7275
6.0422
5.3712
5.3618
5.4855
5.6858
5.1459
5.6355
5.5179
5.8598
5.2767
5.3142
5.0293
6.0425
5.7259
5.9189
5.2816
5.2436
5.3024
5.5295
5.3667
6.1688
5.0300
5.6566
5.0695
5.4095
4.6871
4.8185
6.2750
4.7285
4.7897
5.4236
5.6728
4.5255
5.6862
4.7923
5.3978
