5.0252
12.6021
17.7378
21.9038
22.8260
27.6525
26.5258
31.2059
30.5463
35.5561
25.1593
27.3860
29.5495
29.3378
34.7803
28.4049
25.0127
27.1832
32.2019
22.3495
20.3404
37.0651
35.6586
22.3679
37.6337
36.6221
24.0679
35.5900
26.6024
43.7610
32.9181
26.5928
27.8625
29.3357
36.9256
35.2266
26.8365
25.0695
35.4809
38.1089
32.5401
24.8506
38.4483
34.8652
40.2284
27.5015
27.8986
29.8538
24.1501
25.6254
27.7329
29.9659
24.4189
18.3887
31.7662
42.2326
27.0446
30.5791
37.7384
28.6294
35.7770
28.7183
32.2415
30.6357
36.6223
30.3219
27.3416
45.7661
29.5756
28.6764
29.2237
32.0519
33.1908
32.5048
27.9373
27.1357
31.3598
25.3452
20.2219
25.7702
22.6931
40.4212
33.3010
29.2689
22.8571
15.9748
32.7725
24.5917
24.1306
28.9588
32.8987
23.6111
26.0633
24.1422
23.1787
33.1491
19.0444
26.1171
29.8895
24.2290
41.2742
31.0429
35.3205
14.2189
29.6852
22.4989
16.4309
29.6413
20.5915
29.1771
36.5442
27.9874
31.9971
34.3614
20.2427
30.6581
28.2648
18.3869
31.6308
25.6634
34.3705
27.6884
30.5115
29.2116
22.9964
27.1426
34.3000
27.1635
31.9889
25.2635
22.3167
30.6400
26.3275
40.6437
21.6580
34.1096
28.2658
25.4456
42.1761
33.4093
17.0318
33.5687
29.5263
46.2130
19.8238
38.5662
17.5918
20.5625
18.3865
29.1604
25.3396
36.8158
24.2526
26.0142
28.1349
34.9664
24.4165
24.7459
34.4087
39.7418
22.0692
27.7746
15.9832
23.1474
24.0935
17.7588
17.7233
28.0346
25.5361
22.9586
27.7364
23.0848
17.1905
16.3766
19.7613
25.4456
17.2741
29.3431
19.0181
23.6155
14.6434
19.9527
25.7047
29.8845
21.7010
31.9481
16.1297
33.6412
25.0078
19.2978
20.5699
29.6569
23.0948
25.0287
30.8387
44.5272
35.9502
28.5499
30.9874
19.3686
