2.3745
1.3896
1.9377
2.2208
3.3458
4.3516
5.1087
6.0042
4.4998
5.5335
5.0839
6.0337
5.0981
5.4722
5.4008
5.7613
6.0932
6.0920
5.8823
6.7306
6.0546
8.1244
7.1923
6.5831
6.2016
7.0947
5.7599
6.1264
6.5750
6.0259
7.3695
6.8825
6.6396
5.1890
5.8807
6.6691
5.3801
5.9816
6.2229
5.7456
7.0610
6.1766
6.7158
5.4600
5.6013
6.4765
5.7949
6.2972
6.9854
6.9148
6.0824
6.5627
5.6876
5.8443
6.0011
6.3124
6.4853
6.7546
6.4710
7.3443
6.0978
6.9571
7.1760
7.8104
7.2218
6.2273
8.0414
6.4127
6.7782
7.2458
6.2465
5.6138
6.1183
6.9339
5.6350
6.7695
5.9633
6.9080
8.5316
6.5272
7.2129
8.0307
8.2296
7.4694
7.2738
6.1954
6.5629
6.2075
6.7158
6.9598
7.2248
7.6268
6.5035
7.4451
6.7165
8.4697
8.0416
7.6253
7.4970
6.6769
6.3656
7.8429
7.7788
6.8194
7.0073
7.6258
6.7993
7.4629
5.9837
6.3783
7.4932
8.9517
8.0383
6.9481
6.4465
6.9659
8.5377
7.2911
8.2156
6.6965
5.9158
7.4346
6.7033
8.9840
7.7837
8.4684
7.4281
7.9482
8.2423
7.4214
6.0809
6.9353
7.0360
7.4779
8.2269
7.5662
7.9649
7.1310
8.1192
7.2748
6.0540
7.7516
8.3213
8.0807
8.3438
7.9162
7.2927
7.9671
7.9620
7.9435
7.3272
8.9672
7.7744
7.7168
8.4903
7.9871
9.2131
7.7278
7.0877
7.6056
8.8580
9.3570
8.9996
8.4555
8.1145
8.4782
8.9596
7.9275
9.3050
7.0766
7.9998
7.7424
8.9487
8.6412
8.5490
8.1378
9.5070
8.0224
8.2718
8.7257
7.4292
8.6365
8.2541
8.7345
8.6502
9.8302
9.1264
8.4551
10.2018
8.6759
7.5981
8.3185
8.8052
9.1584
9.9593
8.2555
7.5180
10.6417
9.4818
9.5548
