9.7725
6.7396
6.4393
6.8251
5.9925
6.0455
6.3355
6.0104
7.1479
5.7439
6.5178
5.8686
6.7042
7.5575
7.8898
5.9904
7.1950
7.2138
6.6926
5.8867
6.7938
6.8163
6.6688
7.0606
6.0694
6.4468
6.2918
5.6908
5.9637
6.7216
6.4542
6.3971
6.8253
6.3572
5.6771
6.3105
6.0479
6.4928
6.2333
6.2359
6.6093
5.7211
6.6893
6.7519
5.1741
6.6561
6.5040
5.9652
6.6408
6.5563
5.2133
6.2963
5.0619
6.9535
7.2597
5.6581
6.0412
5.4949
5.7081
5.6574
8.1594
7.2355
5.9474
5.7525
6.6593
6.2820
7.6976
5.8421
6.7217
6.8170
5.3175
7.2647
6.7129
6.3385
5.5042
7.1614
6.3433
5.9732
5.8238
6.1194
5.7622
7.5363
6.7993
6.9864
5.6062
6.6796
5.4150
6.7723
7.4984
6.5246
5.8992
7.1232
6.5757
5.7648
6.9173
7.4327
6.5613
6.6700
6.8072
5.1665
6.6220
6.7064
7.3206
7.0971
6.3028
5.7707
7.3634
6.6362
6.4467
7.3337
6.2293
4.9950
5.0991
6.0450
7.0201
5.8279
7.0152
7.2391
6.8352
5.8476
6.9027
6.5366
7.1886
6.1240
6.3320
7.0021
7.4570
5.6553
6.8095
5.9435
6.2483
6.8294
6.7665
7.5510
6.1726
6.4564
7.7443
6.8765
6.1503
7.2302
6.4765
6.2990
6.2458
6.0585
5.5668
6.4289
6.9217
7.6148
6.0662
6.5949
6.7211
6.8505
5.9068
5.9355
7.3448
6.5645
6.9773
6.4251
6.4437
5.3776
6.2650
6.8310
5.5138
5.9803
5.6400
8.0972
6.7742
7.7441
5.8999
5.9249
6.5597
6.8185
5.2191
6.5408
6.4627
6.3184
4.8952
6.7352
4.9796
6.6463
5.9815
6.3134
6.8892
6.9336
5.6625
6.1671
7.5122
6.4759
5.0916
5.4583
5.4241
6.3162
6.4879
6.0357
6.3322
6.2131
5.7839
5.9584
6.6832
5.6787
