17.1656
9.4966
6.9897
6.7389
7.3066
6.1318
7.3999
7.6501
6.0804
6.0139
5.3736
4.3795
5.6272
7.0448
5.2012
5.9126
6.7904
8.5734
6.6062
6.7767
7.1202
4.4095
6.4666
7.2987
4.7758
6.0379
5.3500
6.6572
6.0441
5.6984
6.4872
5.4820
5.4850
7.0513
6.2634
5.5176
6.2014
5.0179
6.2639
7.1899
5.7833
6.3839
5.4020
5.2560
6.3889
5.4743
6.0346
5.0562
4.7669
4.2063
4.7218
4.2175
4.6449
5.5503
6.1531
4.5716
6.4581
4.8693
7.0791
6.1072
4.8829
6.2964
5.6696
6.3887
6.3147
5.0249
7.0367
4.6326
5.2793
3.9762
4.9898
6.3555
7.0613
6.5214
7.3651
6.2609
5.2462
5.4914
5.7400
4.6358
6.2426
5.5476
4.3307
5.1930
4.9447
6.7770
5.3985
5.9790
4.7373
5.0677
7.0423
5.0795
6.3691
5.3150
7.2964
5.1203
4.7299
5.3776
6.7375
6.6527
6.0240
4.2127
3.9237
4.7626
7.2336
5.1910
5.4577
4.7173
4.8088
7.0109
4.8054
6.0473
5.4594
5.0775
6.2517
3.7668
6.7837
5.6019
4.4072
7.1275
4.8693
6.2927
6.4466
5.5764
7.0515
4.6812
4.7667
5.9801
5.0467
5.4707
5.0730
7.1875
5.4516
5.2820
4.9171
5.6901
4.1363
5.3519
5.5197
6.6420
6.8780
5.7744
6.4074
5.8676
4.9148
6.4806
5.8365
4.5736
5.3368
4.9385
5.7711
5.6655
5.5915
6.4429
6.6101
6.4510
6.2108
5.0742
5.0278
4.3722
4.1809
6.2455
5.3730
7.8162
3.6987
4.0171
4.8334
4.7862
5.6502
7.2896
5.8825
5.5080
4.6372
4.9230
6.2693
5.0956
6.4599
6.3891
6.4716
6.3745
5.2242
5.3677
5.3596
4.5851
4.9079
4.1982
4.8785
5.3079
5.8035
6.4352
5.6675
5.6447
5.1629
7.0040
4.7539
5.4408
5.3172
5.5119
5.2280
5.6704
