0.2706
3.7949
7.5495
8.4606
7.5485
7.3112
6.8410
6.6188
6.4759
6.5081
6.6254
5.9057
6.0025
6.2959
5.8342
5.8814
5.8123
5.9489
5.6773
5.8500
5.7044
5.4671
5.3909
5.4845
5.4102
5.5106
5.0132
5.5146
4.9271
5.2276
5.1466
4.9238
5.1358
5.1935
5.0764
5.1330
4.9324
4.8566
5.2970
5.1390
5.0209
4.8687
5.0257
4.8094
5.4261
4.9870
4.7962
4.9141
5.1494
4.9520
4.6931
5.0579
4.5241
4.5699
4.5927
5.0322
4.8061
4.6374
4.7910
4.8915
4.7094
4.5944
4.8045
4.8002
4.6390
4.7539
5.0095
4.7079
4.2357
4.8115
4.3498
4.6640
4.8902
4.5354
4.5518
4.4017
4.0486
4.4709
4.5079
4.5645
4.3958
4.3395
4.3223
4.4340
4.2967
4.4309
4.2664
4.2559
4.4232
4.3839
4.4134
4.5232
4.5838
4.3150
4.1801
4.5164
4.4273
4.3676
4.4074
4.1662
4.3905
4.5535
4.1633
4.3000
4.1937
4.0988
4.4794
4.2342
4.1913
4.3805
4.3214
4.3038
4.1028
3.8588
4.1807
4.3117
3.7732
4.1794
4.0213
4.0763
4.3716
3.9569
4.2426
4.3973
3.9337
4.3101
4.1681
4.1032
3.7786
4.1348
3.8482
4.2250
4.0076
4.3155
4.1859
4.0768
3.8942
4.2440
3.9563
3.6645
3.7839
4.0587
3.7881
4.1218
3.9620
3.7916
4.0710
3.8836
3.8665
3.9270
4.0063
4.1202
3.9846
3.7695
3.9670
3.9240
3.9659
3.7486
3.8967
3.9418
4.0346
3.7752
3.8966
3.8126
4.1802
4.0714
4.1063
3.7618
3.8180
3.6581
3.7597
4.4934
3.7817
3.5872
3.9384
3.8503
4.0035
3.6839
3.6192
3.9244
3.7963
3.6227
3.6068
3.8297
3.6842
3.7150
3.9748
3.6925
3.8523
3.6992
3.7130
3.7145
3.9115
3.8664
3.9616
4.0332
3.8835
3.7821
4.0542
4.0889
