17.3201
10.6338
10.8510
12.1647
10.3009
11.4061
10.8609
10.7551
9.0245
10.5548
9.8143
10.0741
8.7643
10.1134
10.3025
9.0173
9.6023
10.0119
8.8075
8.6495
10.4414
10.9935
9.6290
10.9935
10.2142
9.0401
8.7073
8.9157
9.7383
10.5093
9.0873
9.4858
10.1301
9.1563
11.1086
10.6101
10.3181
7.7091
9.1450
9.3373
9.1119
8.9968
8.9427
9.2933
7.4897
8.1961
10.7391
8.9001
9.7155
9.3133
8.7542
9.7426
8.9936
9.3083
9.2800
8.6201
10.3867
8.6033
9.8773
10.3111
10.0550
8.3680
9.7035
9.3367
8.3334
9.3364
9.6436
9.2220
9.3128
10.3177
9.4639
8.9990
10.6037
8.9952
8.9681
8.9474
7.6119
7.6590
9.9805
8.3659
7.6221
9.1302
9.3704
8.2706
8.8896
8.3708
9.1784
8.8491
9.7671
9.7261
8.1612
8.9235
10.2204
9.7385
8.2742
9.6787
9.7658
8.0113
8.5660
9.5465
7.9897
8.8311
8.9454
8.1989
9.9198
10.2534
8.7125
8.8625
8.4080
8.5398
8.0995
9.8891
8.3428
9.2666
9.8560
8.2527
8.9985
7.9946
10.0383
10.1683
10.6546
9.5468
8.9475
9.6032
10.0233
9.4895
9.1122
8.2191
8.5235
8.3341
9.1175
8.7987
9.3650
8.3249
11.0651
8.4458
8.3765
9.5979
8.5731
9.6570
9.1816
10.2598
8.9856
8.4414
9.9833
9.1372
9.1228
9.0446
7.2953
8.5941
8.5921
8.4919
9.1176
9.9703
8.4253
8.6094
9.5671
7.9446
9.1907
9.2372
9.6893
10.0919
8.5991
9.7555
8.5924
8.8049
7.7858
9.8473
10.0851
7.8002
7.8750
7.9369
8.9757
9.3229
10.3516
8.2864
10.4372
7.6056
8.5051
8.3769
8.7184
9.7202
10.1672
10.6782
8.9515
8.0632
9.6363
7.1368
8.9637
10.1840
8.4576
8.1597
8.2715
8.9692
10.4398
8.4226
8.5729
8.6936
8.7722
9.5601
