3.0284
2.9512
5.7211
8.0129
8.5050
9.0412
8.0397
9.3586
8.1218
8.7619
8.8869
6.6870
8.3222
6.6678
7.0671
6.0490
6.6630
9.1048
6.7780
5.3062
6.2000
5.3367
6.0622
5.6926
5.8072
6.2405
5.1209
5.1014
5.2158
5.4205
4.9842
6.0087
4.3486
5.0132
4.8352
5.2723
5.5384
6.4157
4.4989
5.5093
5.6054
5.0401
6.2695
4.3191
5.1026
4.2175
5.8281
5.9361
5.0268
5.2561
5.8412
6.2579
5.3341
4.5293
5.4544
5.2264
5.0817
5.1851
5.1275
4.9578
4.5912
6.2486
5.8098
5.1765
4.5063
4.8104
4.9659
5.1749
5.6651
4.9330
4.4333
5.6464
5.1054
5.4141
5.3434
5.3123
5.8873
4.9081
4.5919
4.5072
5.2533
4.4959
5.5713
5.0933
4.9068
4.4539
5.3366
4.0408
5.0514
5.2263
4.6269
4.0428
4.7223
5.1684
4.9237
5.2667
4.3303
4.2423
4.6912
3.9671
4.6384
4.5930
4.7863
4.9594
5.5057
5.0734
4.4149
4.5213
4.4147
4.0540
5.0901
4.6881
4.3954
5.2755
4.6247
5.0568
5.9461
4.9793
4.6478
4.9048
4.3033
4.1124
4.3182
4.9125
4.7031
4.7531
4.4332
4.0133
4.7121
4.9593
5.0766
4.5724
4.9207
4.4461
4.1267
4.9139
4.3943
4.9675
3.8484
4.9227
5.1909
3.7995
4.3921
4.4807
4.4790
3.9425
4.8485
4.4815
5.0428
4.1127
4.7196
5.5201
4.1358
4.0875
4.5131
4.5028
5.1817
3.9573
4.0859
3.9368
4.1645
4.1305
5.2721
4.7051
3.9196
4.8362
4.3342
4.2579
4.2369
4.3349
4.7535
5.2435
3.8746
3.8732
5.2009
3.9379
4.7925
4.7503
3.6013
3.8295
3.6661
4.2021
4.3592
4.2261
5.7801
4.3839
3.9273
3.4976
3.6388
4.6182
3.7086
4.6382
4.5536
3.8021
4.1468
4.0345
4.6358
3.6168
5.2196
3.7516
