1.9186
2.6351
4.1644
4.8481
6.0010
5.5547
5.4833
6.8076
6.9237
6.3563
8.3978
6.6935
6.8470
7.9543
7.5221
5.5766
6.8625
6.8377
6.9492
6.7682
7.3557
5.6497
6.6520
5.6433
7.3387
7.2848
5.2296
6.6987
5.3917
5.6838
6.8585
4.3973
6.3055
6.0760
5.9023
8.5859
4.2506
5.2644
6.3775
7.3033
5.5258
4.9148
6.7960
6.2772
6.4041
4.8122
5.6126
6.4489
5.2076
5.5672
4.9826
5.1253
4.8924
6.4052
5.8199
3.7638
5.2199
5.3574
6.9621
5.1232
5.7750
5.1515
5.9895
4.2574
5.0270
6.2314
4.7490
7.1015
6.5957
5.1200
4.3624
3.8637
5.4453
4.9541
5.5563
4.4918
5.6057
4.3943
4.9438
4.3349
5.2551
4.0254
5.0536
5.1495
5.7679
4.7044
4.8329
4.9952
5.3782
4.4109
4.8012
4.0694
6.1919
4.7108
4.4385
5.0694
4.7134
5.0419
5.7687
4.6577
4.7266
4.8755
3.8719
4.4437
4.0206
3.8261
4.2483
4.1658
6.2293
4.1469
3.0082
5.4468
4.5723
3.7060
4.4820
3.9306
3.6291
6.6225
4.2373
4.0988
4.2080
5.8527
4.9187
5.3605
3.8185
4.6210
3.9348
5.0108
5.2046
4.2750
4.5793
4.2961
4.2966
4.2796
4.2058
5.0225
4.4168
2.9164
5.1940
4.1794
4.8279
5.5829
5.8502
4.7011
4.3391
4.2390
4.8609
5.1099
4.3085
3.6152
4.3941
4.2000
3.8126
4.7586
4.0591
3.8193
3.1967
5.2780
5.7557
4.4000
4.7716
3.8072
5.8595
3.3803
3.4941
4.1031
3.9559
4.3278
3.8444
4.5574
5.2082
4.0276
4.0342
4.6037
4.0844
4.3821
4.3649
6.0380
4.5011
4.8910
5.6712
5.3665
4.0151
5.6033
4.2660
4.7961
5.4047
3.3158
4.4342
4.5882
5.2581
4.8566
4.5695
4.5309
4.3079
5.3976
4.5862
4.0292
4.8906
4.4707
