9.3442
7.4529
6.5091
6.6968
8.2436
7.5991
6.6081
6.4720
6.8156
5.9977
7.2817
8.0506
7.9240
7.1336
6.9558
7.9122
6.9494
6.2821
6.3599
7.0259
7.7474
7.6866
6.7645
6.4359
7.2305
8.2257
6.8886
7.3926
7.3062
6.4569
6.7827
6.2343
6.5547
7.7040
6.8138
7.0013
6.9439
6.5303
7.5071
6.7888
7.6797
6.2191
7.6574
8.2729
6.1864
6.1449
7.8740
8.0286
6.5666
6.7609
6.3680
7.0271
7.3878
7.1566
6.7317
8.9558
7.5691
6.6967
6.6362
6.6443
6.4034
8.4368
7.2527
6.6109
7.1716
6.8992
6.3990
7.1733
6.6353
8.3811
6.7599
6.1809
6.6612
6.5464
7.4942
7.8225
6.3344
6.9803
8.1817
6.4720
5.9820
6.0923
6.4442
6.1776
6.7054
6.8611
7.0128
8.0234
5.7051
6.0434
6.1457
6.8359
6.8129
6.0629
7.0811
6.7040
5.6480
6.7465
6.3876
6.5505
6.6660
6.9034
7.4110
7.3483
6.7638
6.6695
7.3677
7.5569
8.5183
7.6055
6.2826
7.3616
7.5206
6.5136
7.6699
6.6706
6.9533
8.3925
7.0311
6.8741
6.9276
6.5844
7.2985
7.4956
7.3732
6.7465
7.1932
7.0506
6.4518
8.3585
7.4481
6.6876
6.2644
7.9066
6.5905
7.1717
7.0139
6.7163
6.9881
6.2368
7.1708
6.2144
6.4494
7.2743
6.9755
7.4291
5.9986
7.2369
7.6881
7.8054
6.5124
6.6168
7.1239
7.1100
6.8311
7.0015
7.1021
6.4000
6.3530
7.2435
7.0074
6.9259
6.8558
6.8313
8.7458
6.0159
7.4443
6.7157
7.9074
6.3625
6.8205
6.9756
7.8094
7.8583
8.0225
7.8424
7.3334
7.6580
5.7667
6.6867
7.4179
6.9432
7.8332
8.8161
6.8347
7.3975
8.1246
5.9853
7.4562
7.1135
6.1160
7.2156
7.9056
6.9591
6.0287
7.0758
6.6911
7.3593
6.3267
6.2122
