4.3088
4.9531
7.4359
10.3327
12.3332
14.9340
16.7790
17.3173
18.5471
19.1225
22.8104
25.2636
22.6844
24.7506
24.3964
24.5376
24.2793
25.3203
25.8517
27.5358
26.3359
29.4986
27.3730
26.0566
26.0811
26.1776
25.5105
26.9714
26.3397
28.7163
29.0700
30.5091
27.7762
32.1040
28.7980
30.3477
28.6668
29.1679
28.9323
30.0850
32.2864
29.0345
30.0835
32.0593
31.2381
30.1090
28.3348
29.2265
31.5628
32.7077
30.3977
36.6366
32.9456
33.4937
30.6607
33.1822
32.2875
31.3834
34.0078
30.9706
30.7167
30.9091
34.4385
29.6931
35.2175
31.2161
38.2255
33.4351
34.9473
31.0283
32.5055
37.8578
37.1416
33.1158
35.3443
33.6996
33.8126
35.4911
35.9265
31.5793
35.8491
35.4470
36.8747
39.4098
37.2181
33.5182
33.9075
32.3237
33.5693
33.6862
34.1811
35.2184
30.5683
29.0413
36.7767
35.0166
31.8712
34.7455
39.2390
37.6792
33.9664
35.7042
31.2144
34.1053
28.5835
35.1228
37.1512
38.0736
36.4535
38.3710
37.3206
35.3645
35.8564
33.2868
34.6046
33.6996
30.2896
35.9598
33.4988
34.4442
39.6924
32.3794
35.3002
34.0651
35.7819
35.3544
37.0790
35.4528
34.8519
37.2922
41.8995
36.4954
35.7568
30.2717
47.4878
38.3660
36.7446
35.1836
34.1296
37.9842
35.5107
33.4661
38.2633
31.2388
38.3834
44.5454
40.9589
37.7821
31.8965
37.7680
32.9383
32.9347
37.9353
30.6233
39.6795
36.4847
39.2073
36.2918
33.5372
34.4214
40.4714
33.8942
32.7691
39.8036
40.6611
40.6271
41.2878
35.1504
33.8363
38.5916
43.6276
36.4611
35.5314
34.7367
38.0005
33.4072
32.6284
35.8390
38.8908
36.1286
34.4567
38.2586
36.8503
35.2570
36.6978
35.1008
39.8221
41.0685
36.6428
42.6896
34.2500
29.9808
37.2015
32.6058
33.4764
38.4513
38.5768
40.2914
32.1964
35.1363
