1.7716
3.3815
6.7042
10.2267
10.1050
11.2068
10.8260
13.0001
11.5240
12.1442
13.9293
12.2676
13.3750
9.9976
10.9537
13.2098
12.4205
10.1895
12.8223
13.9207
10.2310
11.6925
9.9490
11.9002
10.4940
9.9687
12.8343
12.3030
11.2814
9.2185
11.3478
10.9042
11.0823
11.2686
9.3504
11.3113
10.5781
10.4570
10.1268
9.7174
11.5894
10.4106
11.6795
9.5109
11.0669
8.9138
10.3524
9.5107
9.1893
10.8958
10.8236
10.0813
8.8831
9.7387
10.3335
11.7039
9.9939
11.6661
10.6637
10.1737
8.5161
8.9061
10.6727
9.9875
9.7964
9.8097
9.8893
7.9908
12.3299
11.3845
11.2427
11.3765
10.2957
7.9661
8.9539
9.8455
8.9592
8.8621
8.9998
10.7796
9.0265
11.9016
9.8927
9.5802
10.9235
8.2038
8.7465
8.6626
10.5626
11.2028
10.5182
10.5047
8.6343
8.4182
9.8728
8.8368
8.6954
8.9389
9.9858
10.1830
9.9013
9.6367
10.4468
9.7752
7.6538
10.9996
8.7279
10.3068
10.3685
8.5797
10.2220
8.6729
9.5063
10.0926
8.8421
9.4847
9.5625
9.6172
8.6028
7.6111
8.6563
9.5007
7.8094
10.4552
9.5135
10.1175
9.4333
11.9912
9.7043
8.8852
9.6252
8.9510
10.4312
9.8657
9.9354
9.7554
9.4525
8.1894
9.0714
9.5108
9.2049
8.8975
10.8302
9.7655
7.7357
9.9767
9.4925
10.0161
7.6990
10.2125
8.1049
9.2389
8.4744
9.6897
9.4172
8.2457
10.3707
10.6472
9.4956
9.5921
9.6962
7.9688
9.3955
9.4927
9.5907
9.0431
9.6698
7.8651
8.6644
10.4648
10.1551
8.7946
9.2444
8.9381
9.4670
8.3661
9.3498
8.5110
9.5593
9.9780
8.5230
8.0579
9.0883
9.7881
7.7730
8.2255
8.3696
8.8375
6.9414
8.6340
8.5184
10.9484
8.2817
9.5495
9.8659
9.3832
9.1381
9.7062
8.4042
9.5726
