0.0932
0.2491
0.4091
0.4896
0.5631
0.5367
0.6245
0.5471
0.5667
0.5523
0.6001
0.5455
0.5894
0.5279
0.5930
0.5813
0.5830
0.5690
0.6669
0.5368
0.5595
0.5492
0.5315
0.6210
0.5458
0.5218
0.5836
0.5995
0.6294
0.4620
0.5458
0.5880
0.6797
0.5836
0.6002
0.6450
0.5653
0.6009
0.4846
0.5785
0.6571
0.5436
0.5447
0.5249
0.5649
0.4558
0.5376
0.6128
0.5547
0.6356
0.4875
0.5334
0.4634
0.4970
0.5513
0.5451
0.5164
0.5133
0.5291
0.6241
0.4999
0.4653
0.5850
0.4631
0.5209
0.5134
0.6022
0.6129
0.6082
0.5709
0.5763
0.5198
0.5072
0.4485
0.4378
0.6021
0.5005
0.5635
0.5423
0.5212
0.4904
0.4870
0.5421
0.5207
0.6574
0.5383
0.5678
0.5957
0.5625
0.4514
0.5289
0.5670
0.5114
0.4709
0.5065
0.4481
0.4864
0.5935
0.4541
0.4502
0.4268
0.4243
0.5143
0.5364
0.4311
0.4697
0.7025
0.4620
0.4987
0.5430
0.5379
0.4500
0.4239
0.5260
0.4539
0.4548
0.6041
0.4835
0.4605
0.4540
0.5413
0.5392
0.4984
0.6257
0.4668
0.4545
0.4967
0.4141
0.4572
0.4892
0.4600
0.4403
0.4826
0.5283
0.4577
0.5378
0.5081
0.5584
0.5472
0.4798
0.4259
0.5825
0.4691
0.5084
0.4405
0.4127
0.4480
0.5113
0.4715
0.5259
0.4411
0.4488
0.5138
0.4608
0.4151
0.4749
0.5963
0.5403
0.4829
0.4497
0.5507
0.4551
0.5778
0.5157
0.5023
0.6446
0.4171
0.4220
0.4086
0.5468
0.4727
0.4879
0.4232
0.4310
0.5377
0.4781
0.4535
0.5234
0.4834
0.4718
0.4369
0.4339
0.4978
0.5304
0.4465
0.5398
0.4365
0.4450
0.5246
0.4499
0.4140
0.4774
0.4129
0.4441
0.5060
0.5156
0.5263
0.4543
0.4954
0.4455
