6.8843
8.1505
10.4799
12.8389
13.0904
14.1359
15.3276
15.3133
16.2124
13.9611
15.2113
15.3662
17.1339
16.7408
14.8470
15.3664
15.4575
14.3672
15.4955
14.8001
18.4100
17.0343
21.4762
14.3201
15.9150
15.9891
17.8929
15.3796
16.1941
18.1577
17.2498
16.4232
18.1781
16.4383
16.9100
16.8983
16.7666
18.3749
15.7861
18.3730
19.0407
18.7135
17.4077
17.6175
16.4671
19.1578
18.6896
18.0689
20.4859
17.8831
19.8598
20.5887
19.4023
19.9153
22.8875
23.1929
19.7848
20.9076
22.7102
20.5940
21.2408
22.5624
20.1946
21.1599
21.4055
21.1340
22.8195
21.2877
20.6236
22.6915
22.2489
22.4275
23.5653
23.8480
20.9784
20.6272
21.6876
22.6547
22.7816
23.5298
22.2439
24.4828
22.9921
21.9017
22.4605
28.0844
25.7446
24.6897
24.6879
21.8972
23.2463
22.1220
23.3555
22.0050
24.5509
23.1694
23.0111
27.4925
25.5366
25.5931
32.0801
23.7122
22.7933
23.1384
25.6460
23.8427
21.9534
24.0548
25.5054
23.4989
27.4582
25.5443
28.0582
29.6645
25.7693
23.7442
26.5002
24.0129
26.7374
28.5936
22.5771
22.4605
25.1600
28.3893
24.8545
26.3163
21.3109
22.2087
27.6881
24.6952
24.0274
26.6272
24.8681
25.5776
27.3171
28.6228
25.0965
22.8892
22.9494
27.0129
20.0016
27.2124
29.0878
24.1087
26.2215
33.6581
25.5915
26.6136
25.6203
24.1498
28.7962
27.9210
26.3435
25.7836
28.9150
23.7446
25.2987
22.9852
23.5253
29.4564
27.0946
26.2447
30.9911
24.4153
27.9437
28.9192
23.1622
27.0222
25.1354
21.3282
22.0499
24.6289
25.4157
22.8875
20.3855
20.9886
22.0236
22.5377
23.8691
24.9951
28.8505
27.5158
26.4426
28.0724
23.5791
26.6596
23.0140
26.6983
35.3854
24.5057
32.5014
27.4437
23.1634
25.4671
25.9145
24.8384
24.8149
25.2700
26.6461
31.1913
