7.4813
13.9708
11.5227
9.3863
9.8195
10.5696
10.3053
10.8615
10.1260
9.5119
9.8579
9.5920
11.8450
12.4478
8.8443
9.5108
10.0409
10.2700
11.2406
10.6964
10.8956
11.0791
11.3665
11.2120
12.2664
9.3458
11.8326
10.2985
9.7533
10.9267
9.6800
9.4976
11.0947
11.3774
11.0856
10.4803
9.7057
11.6489
10.9107
11.4146
10.5732
10.1933
10.3920
11.4094
10.1412
10.2672
11.1263
10.2289
10.7254
9.9673
13.3394
11.1516
10.2063
9.8786
10.6352
9.2297
10.5053
11.2409
10.5204
11.0535
13.2496
10.2800
10.2162
11.7000
10.9297
10.9111
9.4107
9.9384
10.8380
11.5070
10.9613
11.1005
10.5108
11.3865
10.2770
10.3214
10.9075
10.9845
10.5733
9.5883
11.6422
11.2829
9.0041
10.5205
10.9968
11.2020
11.2529
11.5870
10.8442
9.4347
9.8015
11.9740
10.6108
10.4358
13.6429
11.4440
10.9241
11.9662
10.9543
11.5200
10.7143
10.4143
10.8495
11.4239
11.2943
11.7894
12.2780
12.1472
11.8317
11.7744
11.3323
11.1915
11.0790
10.6039
10.8992
10.2712
9.7999
9.2745
11.4201
10.4897
10.0111
10.8385
11.1185
11.0991
9.6184
10.6753
11.2214
10.3932
10.8743
9.6262
10.4335
11.7658
9.2245
10.2459
12.0722
11.1220
10.9961
11.8717
9.1006
11.4733
11.0230
9.5056
9.7436
10.0974
10.0109
9.6483
11.0506
11.8812
11.1585
12.0607
10.9087
11.4268
11.0150
10.8227
11.2079
11.0364
11.1290
10.3433
11.4125
11.7524
12.3693
11.8284
10.4373
11.0636
12.8134
10.0278
11.8943
10.3404
10.7236
11.3779
10.5692
11.9531
9.1116
10.5150
8.4559
11.1844
9.7727
12.1526
11.3533
10.7585
11.2308
10.0480
9.8217
11.7582
10.0347
10.6612
10.3427
10.4271
10.9635
10.1201
12.2883
11.1991
9.5922
10.7852
11.0675
12.8587
11.0570
10.0137
11.9515
11.9779
