14.4468
12.8770
6.0405
5.4319
4.5036
5.2119
3.2626
10.5590
7.3545
5.1479
4.0810
4.9845
4.1082
3.7458
3.7805
5.9540
7.8698
3.2619
5.6849
3.2465
2.8691
3.3209
3.1423
3.1428
5.7561
4.3212
5.7143
9.6937
6.6792
4.2751
2.6521
2.9542
2.3174
1.9691
2.7203
9.3334
12.4147
8.6673
4.8163
5.7934
4.5238
3.4712
2.4814
2.5472
4.1563
4.7094
9.8557
9.8020
4.5230
5.2417
4.3938
3.5984
2.2861
2.1581
2.8384
4.1581
3.7312
12.0215
11.2753
8.3783
7.4290
2.1163
3.0099
2.9998
1.7076
2.8780
2.5086
4.9074
5.3531
5.8086
6.1838
11.0717
3.6718
3.7393
2.1579
2.3810
2.5946
3.6200
3.4914
4.0615
5.1136
11.2791
6.7306
3.9440
3.5253
2.5551
4.0061
2.2905
4.8128
2.0286
5.0286
10.0021
3.4938
3.1002
3.7548
2.3617
3.4927
3.6135
2.6257
3.6117
8.2217
4.6946
6.8401
5.4473
9.7687
4.1416
3.5700
3.5470
3.8281
3.1684
3.0033
4.1612
9.8645
7.0153
4.9379
2.2390
3.2800
1.9642
3.0189
3.0337
2.8881
2.5846
5.4223
3.9086
13.4895
9.6280
7.3094
3.7160
2.2411
2.8468
3.5450
2.9118
3.2977
3.4558
3.0456
3.6361
3.0762
5.7988
11.6399
5.5253
3.7144
5.0669
2.6551
2.7610
3.2160
3.4617
7.2531
8.9923
6.3904
4.4479
1.7774
3.0725
2.4430
2.9897
3.2697
7.3343
6.2568
6.2738
7.5680
3.5653
3.1201
4.3264
2.4483
2.7944
3.9270
3.3288
3.7376
1.8281
3.2391
5.3309
5.0041
3.6980
3.2925
3.3462
2.4793
2.6065
2.6606
5.8676
7.6665
5.0705
3.3746
3.3850
3.3458
2.5512
2.6477
2.9748
4.3513
3.8067
3.6590
6.4632
4.7122
3.1316
2.4366
2.9576
2.4466
2.9452
2.6703
1.7324
2.7464
4.7998
