2.2028
4.6142
8.6316
8.7777
9.6169
8.6810
9.7647
9.2416
6.3487
8.6197
5.5315
7.7060
6.9828
8.0931
6.6004
7.2258
5.6406
7.9873
8.6273
6.9198
5.7294
7.5378
7.1215
7.0888
6.5602
6.2533
6.8569
5.6783
7.0862
8.0277
4.7043
4.8807
4.7412
3.7573
5.4055
7.1039
7.3856
7.4783
6.0716
8.5399
5.8063
4.8673
6.2091
5.5300
6.4507
4.8032
4.8916
4.5507
5.1190
4.5215
5.2612
3.6477
5.6732
6.5308
4.0338
4.9383
5.3813
6.1736
4.0829
7.0555
6.5999
4.8561
5.3179
5.2485
4.1813
5.5871
4.1592
4.6870
3.0483
4.8124
4.9599
6.7784
4.1617
3.5807
5.3596
4.1214
5.6726
4.1852
5.8389
4.1806
5.8367
2.6382
3.1703
3.9324
6.0248
7.4312
3.2514
4.1966
5.0046
4.9548
5.2045
5.3121
6.3496
3.6237
4.8139
4.2953
3.8613
4.3572
3.9010
5.3370
6.8472
3.0154
3.7755
4.4724
5.3499
7.5064
4.9502
3.2060
3.1725
2.6061
3.3462
5.7755
3.7375
3.2534
5.8401
4.4610
4.5024
4.3802
8.1682
4.6932
3.6116
4.1238
5.8191
4.6052
4.5677
3.2705
4.8063
3.2324
4.7830
4.1733
4.8079
4.2877
4.7763
3.4978
2.4144
4.6761
6.7247
3.5796
4.3209
10.1063
4.3543
2.9588
3.6991
7.8730
4.9141
5.4751
3.9512
4.5154
3.5961
3.5455
4.7770
3.8839
4.2162
3.4168
4.6208
4.7662
3.9202
2.8261
2.6344
2.9545
2.8057
4.3172
5.0521
2.7512
4.5296
2.4074
2.9913
3.4516
5.0082
4.0925
5.9111
4.9285
4.0174
4.0514
5.0728
3.6601
2.7842
5.9827
4.3978
3.3914
3.3116
3.6260
5.1318
5.2685
5.0699
3.1376
6.8744
4.9096
4.0519
3.9242
4.5088
2.0622
6.3233
5.0665
2.7128
4.5614
5.7940
3.8467
4.3946
3.5931
