1.8225
15.6189
15.7784
15.7251
15.9849
16.0766
15.3008
15.9898
15.2623
15.6414
15.8958
15.5181
15.5120
15.7372
15.8591
15.5674
15.3108
15.5590
15.6814
15.4948
15.8592
15.3416
15.7431
15.6538
15.1428
15.1262
15.4849
15.8346
15.9363
15.6374
15.9947
16.0335
15.6710
15.6266
15.7929
15.5167
15.9083
15.7406
15.7716
15.2484
15.4995
16.0194
15.4216
16.0079
15.6392
15.7359
16.0236
15.8261
16.1967
15.9443
15.7102
15.4500
15.7953
15.6225
15.4725
15.6780
15.6588
15.9529
15.6924
15.2367
15.5008
15.6533
15.5775
15.4765
15.8496
16.0728
15.4692
15.8224
15.8673
15.8384
15.6185
15.6755
15.3512
15.5473
15.3460
16.2168
15.6836
15.7742
16.0488
15.2220
15.6810
15.2653
15.9913
15.2988
15.7080
15.5994
16.0087
15.1122
15.7174
15.9765
15.2958
15.5395
15.4557
16.3273
15.2084
15.3390
15.8621
15.5411
15.3453
15.4710
15.7014
15.4775
15.2967
16.1426
15.6528
15.6242
15.1449
15.4277
15.8852
15.4326
15.9099
15.6706
15.6143
15.7401
15.7886
15.5008
15.7227
15.2579
15.1211
15.2424
15.4397
16.2358
15.6234
15.6823
15.3880
16.1508
15.4832
15.1554
15.3983
15.4756
16.0902
15.5705
15.3160
15.1544
16.0683
15.7131
15.6120
15.6739
15.8710
15.6391
15.0138
15.4576
15.7742
15.7760
15.4529
15.4647
15.8644
15.5490
15.7628
15.5496
15.2653
15.4588
15.5930
15.6390
15.5588
15.6467
15.5460
15.6199
15.4293
15.4009
15.2537
15.4850
15.4685
15.5131
15.2501
15.7419
15.0068
15.7783
16.0965
15.7340
15.2656
15.8696
15.1429
15.4355
15.6772
15.2292
16.0840
15.8663
15.4747
15.3827
15.3710
15.3100
15.5463
15.2504
15.5760
15.4192
15.5948
15.9590
15.5897
15.4961
15.2605
15.6290
15.0221
15.8281
15.3728
15.7261
15.9686
15.4520
15.5973
15.7413
