10.6253
13.0119
9.8887
10.9233
10.3925
9.3523
11.8380
10.0311
11.5608
11.0315
11.9958
12.2015
12.3997
11.0217
12.3824
12.3987
10.5612
10.4025
11.0566
11.4396
10.1282
10.6911
10.9987
13.3054
12.0161
12.4553
14.3308
11.4392
13.0342
11.8093
11.1673
11.8345
11.8475
13.4734
11.4608
12.9012
12.1518
10.9803
12.2056
12.2277
10.5505
11.5200
11.3989
12.9001
11.1315
11.6449
10.1875
12.1718
9.7160
8.7040
10.4147
11.1972
10.6881
11.5074
10.7786
14.1342
12.7801
12.4907
9.9258
11.3993
14.3105
12.4211
11.3832
10.6777
11.8476
11.9687
10.8219
11.2128
11.1782
12.6862
10.2636
11.8479
11.4340
10.8025
10.8035
12.3012
12.4954
11.8676
10.8647
12.9541
11.7452
12.8022
12.0305
10.7798
10.8077
11.6615
13.1927
12.6893
10.5225
11.2740
11.0407
14.0666
10.3192
11.5490
10.9564
10.5133
11.6815
11.6348
11.6181
11.2404
11.2276
11.7870
10.8830
12.2044
12.0912
13.7132
10.9656
11.3784
13.0562
12.0386
11.4441
11.1415
11.7173
10.9655
12.0662
14.3747
10.7426
12.2229
11.0811
13.1879
13.2859
12.3084
14.2234
12.7102
11.4775
10.4661
11.3117
11.9209
11.2483
11.5489
11.9678
11.4179
12.4424
11.3016
12.3100
9.9275
11.8335
13.5884
12.3630
10.8756
14.9909
12.2646
11.9939
9.3716
12.9580
11.4575
11.0805
11.9325
12.5477
12.0992
12.0256
10.3726
12.7642
12.8787
10.4548
11.3606
12.3057
10.3704
10.9800
11.5065
11.1715
12.0047
9.7655
11.8415
12.5781
13.6157
12.5483
11.3761
11.4446
12.9117
10.5481
11.5405
11.7062
12.7321
12.0244
12.1333
14.0959
12.3273
12.1387
11.1818
12.8864
12.3486
11.3869
11.0941
11.9986
9.9711
10.7838
12.6622
13.8542
11.9570
12.7932
13.0146
11.2540
11.3061
12.0706
10.7075
11.5164
10.9388
11.6054
10.7777
