1.0625
7.4038
7.0491
7.2734
7.9637
9.1008
10.1425
10.7489
11.1284
11.2732
11.3055
11.7374
11.4933
12.2334
11.6613
11.4307
12.1649
11.9110
11.9867
11.9881
11.7530
12.0717
12.2673
11.8874
12.2221
11.8710
12.7168
12.7967
12.5110
12.9449
12.5359
12.5369
12.2353
12.3223
12.6210
12.6774
12.4009
12.5505
12.1646
12.6590
12.7173
12.6572
12.5549
12.5518
12.6270
12.4597
12.7680
13.0582
12.7235
12.8377
12.5834
12.7583
12.3319
12.5738
12.6814
12.8844
12.7465
12.6673
12.8167
12.8911
12.9179
13.2412
12.7304
12.5287
12.4518
12.7452
12.4018
12.7468
12.4165
12.5383
12.2720
12.9522
12.8343
12.8351
12.8108
12.9202
12.7173
12.6351
12.7566
12.6106
12.7101
12.7679
12.8124
12.8825
13.0035
12.3919
13.0030
12.7236
12.6580
12.8635
12.9637
12.9975
12.8774
12.9284
12.8015
12.5584
13.0782
13.2257
12.9951
12.8293
12.7774
12.7779
12.8271
12.4501
13.1321
12.9126
12.9158
12.4342
12.9829
12.8420
12.5745
12.9108
13.0033
12.5680
12.8185
13.2605
12.6900
13.0241
12.7616
13.0363
12.8631
12.6307
12.6499
12.6979
13.1361
12.8278
12.7948
12.9885
12.8751
13.4165
12.6744
12.9071
12.9696
12.6325
12.8011
12.8374
12.7412
13.0013
13.3137
12.5429
13.0051
13.1196
12.8255
12.3569
13.1467
13.4092
12.9278
12.8831
13.1876
12.8843
12.7522
12.9560
12.6989
12.7197
12.6210
12.8983
12.9309
12.9281
12.7314
12.9582
13.2038
13.3189
12.8904
12.7372
13.4531
13.2603
12.8763
13.1191
12.6675
13.0055
12.9949
12.7557
13.3029
12.7533
12.7273
13.1191
12.9968
12.8658
13.4272
12.4991
13.2545
12.9895
12.9131
12.9542
13.0659
12.6648
12.6122
13.1379
12.9984
13.0579
13.4368
12.9255
12.8598
12.9941
12.8809
12.8921
12.5123
13.0343
12.8348
13.4728
