12.4554
7.6966
6.8975
7.5117
6.8249
7.7541
7.1232
7.1190
6.4727
5.7289
6.4858
7.2207
6.3026
7.5040
5.7717
6.7242
6.0443
6.5867
5.8755
7.2600
7.3781
6.2286
7.8878
7.5599
9.7237
7.8829
9.2962
6.6758
6.9381
6.8847
6.9598
6.5745
6.9107
6.5077
8.1763
6.8131
6.1039
7.2643
6.0959
6.1703
5.7695
6.8768
5.6436
6.9038
7.1744
6.8925
5.6587
5.6888
6.0434
7.3153
7.2691
7.1619
5.4517
6.4369
6.5143
8.2931
6.4571
5.5843
6.0914
7.9660
5.6887
5.8869
6.6491
6.3894
6.5127
6.5615
6.7385
7.3635
6.9654
6.4562
7.3651
5.3504
5.9207
7.0897
6.2114
5.9687
7.1199
6.3708
6.0703
5.9558
5.3376
5.9459
6.5602
7.5492
6.4805
5.8331
6.0923
5.6562
6.6752
6.4131
6.2740
5.8795
6.4771
6.4865
5.9348
6.4473
5.1497
5.6550
5.5793
5.3553
7.2913
6.0934
6.4686
7.2379
7.7485
6.3164
6.7299
7.0130
8.6437
6.0496
6.6790
5.7155
6.7578
6.7530
6.5773
5.9497
6.7713
7.1955
6.6706
6.6259
5.7493
6.2262
7.1219
7.7129
6.6646
5.8318
5.8930
7.5284
5.9130
6.5168
5.6819
7.9735
5.9252
4.9933
6.0878
5.9322
5.9662
6.3453
5.8404
6.3974
6.6889
6.0122
6.2830
7.8152
7.4830
6.5665
6.4022
5.1184
6.4383
7.1263
6.3075
5.8112
7.1773
5.9825
6.8775
7.5452
6.5432
6.2052
5.4860
5.6444
6.1061
5.4265
5.9774
7.2811
6.5433
6.7003
7.5290
5.8600
6.9920
6.7247
6.9786
5.7654
6.2639
7.1748
7.6303
6.9545
7.8347
6.7820
7.7488
6.3414
6.3388
6.2531
6.0344
6.6250
5.6163
6.4184
7.6523
6.2502
6.0438
6.1821
6.3280
5.3679
7.2601
6.1419
5.5828
6.1768
5.9381
6.9062
6.8181
6.5193
