13.6539
5.8426
5.6554
5.5676
3.6358
2.2458
4.0541
4.6637
4.4445
3.4360
3.9582
3.7309
3.1216
4.7673
3.1809
3.7871
3.7490
4.1414
3.7340
4.6150
3.5898
3.1232
3.1807
1.9911
3.8463
4.9997
2.2410
2.1590
3.6938
3.7272
4.2464
3.7110
2.7003
2.2059
2.8958
4.2950
2.9761
2.2412
1.6662
3.1115
2.7231
1.8081
2.1961
3.8613
3.7672
4.8721
2.2145
3.3037
3.1787
1.8677
4.8638
2.9907
3.4553
3.0239
3.0862
3.5136
2.8935
3.4503
2.8730
2.7942
3.6373
1.5222
4.7130
2.4065
2.6570
2.4994
3.5662
3.2339
2.2003
3.3399
3.2929
2.4257
1.5573
2.7731
3.7060
3.2480
4.4534
2.6915
3.4539
4.0161
4.1992
3.4387
2.8094
4.4031
2.7984
4.4202
3.5067
2.2349
3.8800
3.5494
2.5419
4.3517
3.8704
2.5045
2.9598
2.1111
2.2517
2.4384
3.2896
3.2414
3.4313
1.8938
4.7470
2.8011
4.6697
4.0974
2.8778
3.6287
2.0476
1.4773
2.1130
2.9325
4.1813
3.1223
2.3202
3.1363
3.2073
4.7702
2.3544
2.2013
4.1005
2.6127
2.9423
2.6487
2.8929
2.8187
2.2583
3.0769
1.9088
3.5152
2.4392
2.7815
3.3106
2.3242
2.1953
4.1688
3.6991
2.9719
3.0085
2.7721
2.2731
3.4012
2.8509
2.2646
1.9024
3.7998
2.1702
3.6371
2.0500
2.6710
1.7733
2.3649
2.7320
3.2275
3.0139
1.8143
3.4673
3.1641
2.0718
2.9787
1.9634
1.8151
2.9455
2.7704
3.8970
2.4392
3.2121
2.9982
2.9519
2.4724
3.7808
3.0279
1.6556
1.5524
3.1133
4.2245
2.6949
3.0889
2.7303
3.2302
2.4026
3.2880
2.8327
2.6500
1.9160
4.2039
4.0980
2.1458
2.0590
2.0893
2.2366
3.5105
2.8776
3.6351
2.1782
2.9302
2.7871
3.7053
2.2659
3.4565
