2.3353
2.7978
5.1232
4.9177
6.3625
5.3730
6.0268
5.2951
4.3233
6.9158
5.5681
7.7000
8.4956
7.9706
8.5042
5.2833
8.5369
5.0291
7.8469
6.5881
6.2458
7.4381
6.2026
5.2359
7.1553
7.2462
5.2377
5.8168
6.3182
6.9490
7.4995
4.8540
6.1824
6.4126
5.0900
3.5484
5.2294
5.8136
7.3125
6.2678
3.6555
5.0907
7.5060
5.4725
6.5325
5.3557
7.6938
4.9789
3.5617
8.0347
4.6732
6.1823
5.1316
3.7873
5.8677
5.1255
4.7461
6.2715
6.0098
8.1506
5.8541
9.1101
5.7068
4.9309
2.2759
6.2315
6.7700
6.7950
5.1615
5.6285
7.7025
6.3427
6.4399
4.7340
5.6281
4.3835
3.8951
3.8186
4.2628
3.3898
5.2979
4.1879
5.4467
5.3367
4.1162
4.4457
5.0801
4.4842
3.6531
6.5030
6.0371
7.0484
5.4201
5.5435
4.6536
4.8527
4.4840
4.0457
5.2672
4.3281
5.8209
6.8352
6.5395
5.5517
4.9515
5.2764
3.4551
5.6344
6.7636
6.0438
5.6695
3.6983
3.6222
4.0275
6.5328
5.3622
5.1269
6.7367
5.3141
4.6369
4.2087
3.0761
5.1282
5.7680
5.3549
4.2735
7.2858
3.4749
7.0153
5.5510
5.6067
6.3067
6.7167
5.0638
6.2084
6.1458
4.1623
4.1001
2.4245
5.7225
4.4687
4.7896
5.5636
5.6887
4.5264
3.8681
6.2817
3.3521
4.2923
5.6159
7.7530
6.1959
6.0524
5.2070
3.6709
4.4905
5.5456
5.5307
3.3486
5.5835
7.0790
4.8329
5.0735
5.5298
4.8233
5.2974
5.7057
5.2682
4.5473
4.1364
5.4973
5.1171
5.5212
6.8402
6.5156
3.9479
5.1419
3.0642
5.9008
5.7931
5.7816
5.1956
3.6033
5.6459
5.8637
4.6672
6.9570
4.7488
5.7999
4.5866
4.2733
4.7481
7.2253
4.6679
4.5218
5.9782
4.4952
4.1754
6.0220
4.4435
