2.9772
7.2165
9.5610
12.1938
10.8740
14.9391
15.1490
17.6866
16.7551
20.3722
17.6983
16.4265
17.1301
18.9818
22.8333
17.7982
22.4660
19.7832
24.6897
20.5961
20.5542
16.2238
27.6625
20.3296
19.4275
19.3750
19.5354
17.7605
17.8877
20.4175
20.9912
16.6818
19.7401
20.2778
23.0454
19.2201
17.8911
21.0318
26.9792
20.5204
23.8472
20.8894
25.0006
22.9257
20.2678
18.6718
27.9514
17.2319
18.5196
24.1035
24.9234
27.3856
19.4219
18.9640
25.0026
29.2839
18.1651
27.2301
26.9488
20.4569
24.1059
30.1394
24.4367
25.5200
23.0793
22.3399
24.7949
20.8360
25.4641
22.7622
23.6264
29.8251
22.7331
22.6302
21.2444
21.1912
29.8074
20.5974
28.7445
27.9130
25.7976
20.1791
29.9998
27.2615
27.7121
28.2933
23.9580
24.1790
27.8411
27.8661
26.3876
26.5606
32.2681
27.2357
26.2237
24.7518
32.0318
20.0614
25.6665
25.7331
29.9088
25.6023
23.5329
30.6855
22.2507
28.0663
29.3436
32.0053
32.4421
29.0886
22.8764
25.1763
29.0591
27.1575
25.4300
21.6514
29.1971
27.4880
26.7133
24.6998
27.4141
20.1689
28.4564
25.6647
25.8028
29.8399
32.5227
26.8019
20.8007
27.7962
37.8870
31.2679
33.3214
19.4489
34.7436
28.6441
25.1078
28.6323
24.9270
22.3707
29.5062
23.3069
30.2015
29.6104
32.6034
22.3780
22.2492
31.6459
27.2306
22.8193
22.8903
24.9132
29.6601
29.9605
35.3918
36.3256
22.4746
28.9891
24.9740
31.6042
35.9619
28.0887
28.1574
26.8575
29.4570
22.0314
22.7040
28.2338
30.8982
31.2899
24.3374
27.3479
28.2253
29.2954
21.1540
29.2710
25.9154
28.7790
32.5888
29.5119
29.3534
31.4487
26.7099
27.1001
26.3335
24.1738
28.9855
24.4217
30.2784
26.6416
29.6800
32.8819
31.8069
36.7310
25.3409
32.9556
26.7356
29.1878
28.6875
24.9483
