17.8512
11.9771
11.7112
11.2080
8.7275
9.6879
9.3681
7.7603
8.5139
10.9646
8.1850
11.2331
7.9560
6.8194
7.4929
8.9167
8.3611
10.3207
8.6893
7.7524
8.2226
7.5971
8.5767
8.5541
7.6120
7.9520
7.2654
7.7074
8.5087
7.6298
8.7721
7.8636
7.8939
9.0311
8.1947
8.2232
7.4686
7.2259
8.9926
7.3385
8.0069
7.6098
8.6554
6.5763
7.5973
7.6707
8.7091
7.4635
6.4818
7.9128
7.7668
7.7308
7.5362
7.9524
7.9900
6.3975
7.4878
7.4328
7.8085
6.7728
6.8071
6.1269
7.2626
8.7170
8.3069
8.3920
8.3781
7.6272
8.2647
7.9805
6.8491
9.9056
6.8820
7.5562
7.4981
7.1466
6.3810
8.2232
6.8516
8.5573
5.5808
6.2449
8.4016
6.4024
8.0719
7.4350
9.3320
6.9593
6.0685
6.7704
6.6298
8.6080
6.0699
6.6454
5.4034
7.0588
7.3965
7.9895
7.4854
6.1502
7.0752
7.8507
6.5047
7.1592
7.6793
7.9833
8.4755
6.7147
6.2698
6.4090
7.4981
7.0556
6.3833
7.1755
8.7317
7.1829
7.6031
9.0935
6.7834
7.3275
6.3931
7.1317
6.7796
8.7765
6.4483
6.8226
9.7495
7.1646
6.5015
7.1426
5.4352
6.1563
6.4794
5.9122
7.9389
5.6175
7.0029
7.4509
8.0308
6.6972
7.3766
5.9716
6.6322
8.4432
5.7280
7.4186
5.9933
8.1756
7.3508
5.9514
5.8426
6.9688
8.0165
6.5861
6.6875
6.6671
6.6435
6.7627
7.1159
6.8345
7.3283
8.4530
6.8593
5.5718
6.0724
8.1106
4.5586
7.4903
6.4588
6.1359
7.4376
5.8248
6.3822
6.2672
7.7529
6.5384
6.9981
7.0482
7.4277
5.6851
6.8595
7.7994
7.8404
5.4338
7.6256
7.2076
5.5971
7.3527
5.8850
6.0490
6.8544
6.1433
8.3207
5.9966
8.3973
7.6395
7.7421
6.2459
6.7069
6.2829
