8.0356
13.1502
7.2548
8.0359
5.5273
6.3831
6.2889
5.8648
6.8971
6.0496
7.5491
5.6565
6.0848
5.4969
7.9522
5.7466
6.3120
6.8375
7.4050
6.3202
8.1083
6.8444
5.8208
5.5155
6.2713
7.0400
6.5757
6.2414
5.7569
5.7572
5.4301
6.4268
6.3449
7.0028
7.4763
5.4689
5.5747
5.5534
7.5733
7.3693
6.2859
7.9267
4.7672
6.4906
6.1952
6.3479
6.3971
5.9703
8.0869
5.6072
6.0669
5.7613
6.2661
5.9766
5.9598
5.6373
6.3579
7.6124
5.5363
5.5420
4.8924
8.0933
5.6479
6.3277
5.7116
6.0599
6.2497
6.8337
6.5544
6.8043
5.5996
6.4176
7.8938
6.2142
6.9930
5.3349
6.9819
6.4616
6.7366
6.0423
5.8800
6.2536
6.4912
5.2674
5.0180
6.0493
6.6156
5.5875
6.0089
5.6833
6.4351
5.5756
5.6393
5.3182
5.9650
5.7975
5.9844
5.5694
6.6404
7.3917
6.2176
6.2794
6.6112
8.1970
7.0889
6.6788
6.7636
5.5822
8.0992
8.3871
6.0886
6.0128
6.2944
7.1224
6.3177
5.8390
6.1592
5.9663
5.9678
6.3225
6.5781
5.9245
6.3155
6.7704
5.9257
6.6138
5.2936
7.0885
5.4722
7.2155
5.9982
5.5401
6.6900
6.1470
6.8081
7.2713
7.1533
7.2260
6.2863
7.1958
7.2985
5.7762
6.2341
6.4977
6.1232
5.8046
6.1283
6.0626
6.1657
6.2665
6.2252
7.9515
5.6192
4.9896
6.2909
7.1580
5.8296
7.4205
7.6170
6.0725
6.5772
5.9517
6.6799
7.6304
8.0244
7.5350
7.3180
7.2070
6.3743
6.4734
5.4247
6.4216
7.5745
6.9801
5.4445
6.7704
8.6614
6.7701
6.6491
6.2738
7.1769
5.2354
5.6521
8.8835
5.8967
6.2867
6.2438
5.6100
6.2815
6.6725
5.3623
8.9218
6.5106
5.6024
6.8112
6.5244
5.6248
6.1823
6.2684
5.3672
