2.6778
3.0047
4.1788
6.1244
7.3137
7.7942
8.6272
8.3514
8.8875
8.9655
8.5351
7.6250
8.4568
8.2114
7.6422
8.2411
7.6829
8.2484
8.2767
7.3887
8.5960
7.4842
7.4663
7.3897
7.7220
7.9265
8.0377
6.8757
7.0704
8.0240
7.8065
6.3980
6.5779
6.6718
7.3916
7.1390
7.5623
7.1328
7.2535
7.1757
7.5444
6.4584
6.9949
6.7296
7.3796
6.7635
7.0478
6.7976
6.3716
7.1368
7.2601
6.4229
6.5509
6.3703
7.1310
6.8365
6.6382
7.4327
7.0402
6.7854
6.0875
6.7570
6.3353
7.7972
6.0257
6.8393
6.6415
6.5159
7.3820
6.3399
6.7528
7.1367
6.0252
6.7348
7.2227
6.4048
6.1121
6.6258
6.1256
6.4089
6.2792
6.4042
6.2468
6.5784
6.0616
7.3045
6.2547
6.0151
6.0807
6.6173
6.8252
7.3022
6.0883
6.2433
6.4657
6.9942
5.7330
6.0733
6.5046
7.5512
7.1460
6.0003
6.2642
6.7042
5.6730
6.1573
6.0216
7.2259
6.1742
6.1619
7.0138
6.1138
6.8112
5.6076
6.9740
6.2407
7.0047
5.7686
6.0802
6.4878
6.2123
5.9989
7.1662
5.6462
6.5463
6.2483
6.4796
6.3504
6.0460
5.7160
6.7884
6.2628
6.6785
6.5583
6.3264
5.8965
5.9372
6.1655
7.0656
6.2268
5.5860
6.0189
5.9885
5.8703
6.1158
6.1347
5.9244
5.5510
6.1236
5.9894
5.6243
5.7073
5.5198
6.3673
6.0289
5.9805
5.9275
5.5102
6.1735
6.1068
5.8578
5.2260
6.4183
5.8907
5.8980
6.4302
5.7925
5.5505
6.2413
6.2141
5.4263
6.7539
6.1822
6.2946
6.3132
5.8753
6.2415
6.5253
5.3329
5.5506
5.7838
5.5129
6.7218
5.8821
5.8831
5.6701
5.8769
5.9256
6.1616
6.3977
5.3352
6.6078
6.0547
6.3124
5.7318
5.6831
5.7611
6.4708
5.7743
5.3136
