14.8647
8.0584
8.8114
8.5353
9.5353
10.4845
8.4943
9.4085
9.9719
9.9025
9.1659
9.1906
9.1412
10.5175
8.3866
9.1988
8.6901
9.8534
9.2573
10.4907
10.4039
9.4314
8.0114
8.9074
7.7817
8.4512
9.7313
8.8564
9.3601
9.6080
8.3318
8.5939
10.0529
9.9567
10.1869
9.2615
9.7749
8.6752
9.3370
10.0803
9.1373
8.0526
9.6633
10.6413
9.9530
9.2661
10.1232
8.9060
10.4602
8.2772
9.7672
8.9539
9.0096
10.1252
8.2367
9.0532
10.3843
9.1135
10.0111
7.7810
9.8777
9.0498
9.1910
8.7252
10.7106
9.2884
8.6489
10.1019
9.0781
9.2890
9.8444
9.3623
9.7694
10.3195
9.4995
10.3805
9.0208
8.8509
8.9813
9.5391
9.1957
9.3626
9.3376
9.8002
8.6128
10.4479
8.7386
9.5304
8.6879
8.9331
9.2359
9.3593
10.0051
8.3665
9.3587
8.5277
9.3794
9.1264
9.6148
9.4962
9.4109
8.6641
8.5902
9.1078
9.1435
9.1054
10.6971
10.3509
10.8458
8.8333
8.9762
10.7328
9.5377
10.7698
9.5636
7.9121
9.5216
9.6579
9.3463
9.6990
9.4025
9.6476
9.7150
9.7030
9.4734
8.9060
8.4520
9.8592
9.3721
8.7566
9.1265
7.7747
8.4485
9.1768
8.8950
8.6933
9.5297
9.4381
9.6370
9.9926
8.1332
9.3653
10.2481
8.5082
8.9484
7.9710
9.4070
8.7579
8.8952
8.8917
8.1029
8.9377
9.9105
9.1286
8.4597
9.2046
8.9422
8.8029
9.7069
10.0573
8.1264
8.7889
9.8115
9.1510
9.2449
9.0242
8.9282
9.2600
9.5037
9.3495
9.2003
8.0172
7.4285
10.1697
9.2470
9.1540
8.8112
9.2594
11.5936
9.4239
9.5035
8.9212
10.8222
10.1179
9.2267
9.7767
8.6005
9.5021
8.4848
9.0983
10.2031
9.1423
9.5196
9.3451
10.1634
7.6344
9.0195
8.2581
10.4248
9.4934
