3.1778
4.4230
6.9365
8.8049
12.8128
12.2850
11.8923
13.3121
14.5875
12.5286
13.7599
15.2788
13.2452
13.3099
12.8188
12.8838
15.3942
14.2680
14.5909
15.7439
12.3649
10.9510
16.7821
11.9067
13.0636
11.9582
11.4146
10.9030
7.0209
5.1125
7.2472
8.3477
5.2941
5.7174
5.3823
6.3281
6.3893
7.2585
5.4133
5.6727
4.5904
5.8251
5.2917
4.9719
6.5538
4.5304
5.9321
4.9516
5.7377
4.3352
5.4007
6.1109
4.7748
6.2379
6.3063
5.0181
6.4412
4.0689
4.3553
5.6144
5.4119
4.1340
5.6221
4.2982
4.9120
6.4573
5.4876
3.7003
4.6665
6.4227
4.4215
4.9869
4.0191
5.5891
4.0268
4.5154
3.7221
5.6490
4.2384
4.6000
6.2750
3.7604
5.2401
5.6446
5.3231
4.6262
4.9524
4.1736
5.5612
4.0348
4.2353
3.6430
5.2497
3.2985
3.4693
4.9483
4.2126
3.8165
3.2244
2.8447
3.7891
4.4759
4.8268
5.5231
4.1829
4.6138
4.9873
4.5301
4.2972
3.5908
3.9719
4.2008
4.6143
4.5054
4.1134
3.9447
4.5024
4.1255
5.1797
4.8455
4.3953
4.2650
4.3624
3.9694
5.4526
3.9174
3.7357
6.0385
3.9486
5.0097
3.5482
5.1574
2.8287
4.2440
5.3037
4.3971
4.0437
4.3098
2.9594
3.5802
3.0626
2.7976
3.3103
3.5339
4.8163
3.3111
5.5473
3.0457
4.2265
4.3593
4.4901
4.6427
4.4993
3.7356
3.7591
5.8377
5.3163
5.0311
4.3440
3.9789
3.8418
3.8866
4.2044
2.5707
4.8935
3.0488
4.2373
4.9861
4.3445
3.4870
4.8202
3.3405
2.9857
4.6270
3.0585
3.5579
3.2013
3.1707
3.0738
2.7921
3.4145
4.3795
3.4191
3.1234
4.1319
3.8243
4.1615
3.3960
4.9990
3.5207
4.2794
3.2354
3.9936
3.8383
5.7828
3.8211
4.6541
3.9252
3.2562
3.8183
