2.5253
2.3134
3.6907
5.0736
6.2263
5.6289
7.4247
5.3085
5.7452
6.0787
5.4618
6.1867
5.7319
5.9460
6.5899
5.1413
5.2708
6.3715
5.3079
4.5623
4.2949
4.5855
4.9560
5.5679
5.4664
5.1659
4.7033
4.7733
5.9127
5.4892
4.9370
4.1730
4.6784
5.2614
5.5631
5.9375
5.4178
4.4433
5.6581
5.7119
5.2941
4.9791
5.5962
4.5132
4.4909
5.4208
4.2855
5.1209
4.9799
4.9193
4.5365
5.0768
5.5044
5.3375
5.2558
5.4758
4.8241
4.9442
6.4716
6.1801
4.8490
5.0413
4.9524
4.1452
4.5844
5.4252
4.2164
6.7805
4.4846
4.0599
4.3983
4.3900
4.7761
4.6475
4.4474
4.9774
4.6480
5.3490
3.8183
5.7333
4.8422
5.9582
4.7715
4.4335
5.0516
5.1645
5.4599
5.0582
4.8817
4.5294
4.7922
4.9941
5.7290
4.4172
4.8754
4.9889
4.1774
4.6318
5.2337
4.8522
4.8059
4.7272
5.4224
4.5865
4.4436
4.8712
4.2128
4.6750
4.5590
5.7452
5.1868
4.6282
4.2649
4.2929
4.3441
5.1235
3.9091
4.8378
4.6981
4.5152
5.0247
5.3982
5.1868
5.3885
4.2524
6.1828
4.5204
5.8229
4.0547
4.7092
4.5237
5.0908
5.4992
4.7221
4.5455
4.3565
4.8893
4.5764
4.7830
4.5053
5.4427
4.7630
5.7678
4.2616
5.3027
4.2337
5.1413
4.0444
6.6680
4.5337
4.8684
4.7116
5.0795
4.8442
4.0279
4.3626
5.3866
5.4925
4.3269
4.6736
4.9636
4.6184
4.4680
5.3516
4.5761
4.5967
5.1830
4.6152
4.5327
5.5416
3.8830
4.4633
4.3098
4.7712
5.7895
4.5279
5.3298
4.9565
4.7596
4.9189
5.0515
4.4082
4.0585
5.2962
4.6554
5.0895
5.7188
4.1852
5.5117
5.8007
4.7355
4.7180
4.3438
5.1176
5.6068
5.4991
4.1784
4.3235
5.3277
4.1874
