3.0106
3.2809
5.0383
6.8014
8.2751
8.6902
9.9146
9.7720
9.1520
9.3328
9.0578
9.3015
8.6361
8.4277
8.4503
8.0634
9.6081
8.5544
9.0289
8.1066
7.1356
8.2072
7.9885
7.2541
6.0829
7.1086
7.4505
6.7019
6.5679
6.5423
6.3892
7.3126
7.7040
7.9363
6.1257
7.9975
6.5189
6.9862
6.3596
5.9362
6.7845
7.3707
6.2615
6.6847
6.4009
5.4098
5.9981
8.4101
6.8949
6.1250
5.8913
7.2733
6.1433
7.5078
6.2846
6.1579
6.0038
6.0143
5.5361
6.6638
6.9298
6.7803
7.2160
7.5183
6.1370
6.9023
7.5243
6.2686
5.2300
6.6205
6.9085
6.5679
6.0787
6.5922
7.0945
6.8771
5.9724
6.0706
6.0579
6.6558
5.9885
6.0125
5.6169
5.7072
5.1680
5.1469
6.6207
7.1770
5.8264
6.2562
5.2945
5.3513
5.7144
5.9460
5.8071
6.7335
6.6266
6.2031
5.8086
5.4197
5.8033
7.0817
5.8174
5.0342
5.3882
5.0845
6.2071
5.6220
6.3067
6.6102
5.4818
4.7876
5.0496
5.0359
6.4371
5.6544
5.2377
5.2716
5.4869
5.2337
6.3936
6.3287
4.8837
5.3180
5.0291
5.1010
5.6678
5.7427
6.2922
5.8214
6.0029
5.3846
5.1074
5.5884
5.1984
5.3613
5.4234
5.4601
4.4751
6.0133
4.8868
5.4744
6.1451
5.6405
5.9300
5.5829
6.0666
6.3839
5.0548
4.9818
4.7823
4.9759
4.7736
4.7444
6.2127
5.0322
5.1879
6.2104
6.9140
5.0115
6.0402
5.5528
5.0939
6.1894
5.2250
5.1005
5.3811
4.7084
5.3401
6.1241
5.4165
5.5410
5.0325
5.0674
5.8044
4.8196
5.8861
4.6114
5.4253
6.0816
5.5700
6.0636
5.9813
5.2695
5.5172
4.6150
6.2720
7.2210
4.5027
5.3363
5.7462
5.6749
5.2085
5.0061
6.0552
5.5978
4.5087
4.4392
6.1358
4.8247
