1.6467
15.9994
15.5606
16.0316
16.5714
16.2538
16.0147
16.1791
16.2141
16.6228
16.1631
16.3260
16.1897
16.0732
16.2481
16.2250
15.8078
16.3522
16.1129
15.3531
16.2679
16.2597
16.2771
15.7466
16.5220
16.2648
15.6612
15.8943
16.6075
16.0997
15.9138
15.9168
15.9624
15.9230
15.9912
16.4514
15.9205
16.1688
15.7178
16.2910
15.6940
15.7254
15.4013
15.9687
15.5745
15.6189
15.8984
15.6360
15.7773
15.8885
15.9088
15.9438
16.4171
16.0143
16.2006
16.0119
16.3484
16.1401
16.0821
15.8073
16.1615
15.8433
15.9085
15.6840
15.9096
15.4116
15.9442
15.7202
15.5512
15.9056
15.7398
15.6636
15.8215
16.2080
15.7992
15.3997
15.5578
15.6150
15.4929
15.7111
15.5173
15.9000
15.7747
15.6734
15.6682
15.5021
15.9523
15.4779
15.4896
15.7664
15.7940
16.3802
15.8112
15.8800
15.9013
16.0324
16.0643
15.8779
15.3352
16.1447
15.4001
15.5951
15.7899
15.9355
16.1213
16.0330
16.2475
15.5691
15.8373
15.7671
15.8551
15.8758
15.9287
16.0738
15.6860
16.0173
15.7455
15.8365
15.8621
15.7029
15.9927
15.6975
15.5003
15.8699
15.5045
16.4285
15.3080
15.4064
15.5165
15.7691
15.6246
16.0593
15.7377
15.5280
15.8709
15.9011
15.5473
15.8959
15.5215
15.5939
15.5026
15.6705
15.2786
15.9359
15.8590
15.5206
15.7748
15.8447
16.1674
15.3395
15.7117
15.4137
15.6632
15.8837
15.6618
15.9750
16.1770
15.9235
15.8600
15.9469
15.8590
15.6314
16.0712
15.5857
15.9919
15.5851
15.8092
15.5587
15.4484
15.8412
15.5164
15.6024
15.6433
15.5189
15.6751
15.9405
15.7523
15.8448
15.4146
15.8944
16.0129
15.7301
15.4091
15.9867
16.1690
15.5098
15.3088
16.0472
15.9530
15.3923
16.1782
15.4478
16.1545
15.8440
15.3158
15.3776
15.6214
15.9511
15.4633
15.1616
