3.1899
3.9018
6.3177
6.4101
6.3913
7.6344
6.7050
5.8830
6.0061
7.2850
6.1504
5.6458
6.4245
6.2384
6.4643
5.1890
6.5622
5.7754
5.7431
6.3917
6.9433
5.0919
6.5338
5.2952
4.5199
6.2021
5.4921
5.4175
5.7463
6.7625
5.5624
4.6855
5.4264
6.7407
4.8988
6.0784
5.2219
5.0236
4.1166
5.6310
6.8827
4.7305
5.8762
5.1658
5.5792
7.5924
4.7870
5.6541
4.4218
5.2326
5.0626
4.7923
5.3317
4.8744
5.3658
6.3908
4.3617
4.9728
5.6031
5.0435
5.0643
4.8771
5.3472
6.6835
6.6734
4.7165
5.3233
5.3674
4.5792
3.9969
5.1933
4.7733
4.7089
4.2002
4.1631
4.2233
4.7659
5.0187
5.2413
4.8861
6.3804
4.8565
4.1074
4.7648
4.6245
4.9905
4.5795
5.1346
5.3538
4.3886
4.9337
5.4406
5.3385
4.4638
5.0068
4.4010
4.9133
4.3496
4.1733
4.5156
4.5226
4.7279
3.8863
5.6881
4.1258
5.2923
4.5379
6.0634
4.6847
4.1859
4.4718
3.8907
4.3857
4.9014
3.6569
3.8346
3.8318
4.1646
6.1797
3.5147
5.1196
4.4645
3.6781
3.8842
4.4601
5.4375
4.3861
4.5029
4.9011
3.5966
4.4392
4.3582
4.6288
4.4220
5.7187
3.7275
4.1972
3.7688
4.6056
4.5190
3.7262
6.0180
4.1496
3.7454
4.5188
6.3985
4.9681
4.3905
3.9671
4.2285
4.5416
3.6979
4.9750
4.1454
4.9849
3.9797
4.9273
3.7107
3.7984
4.3681
4.6114
4.4534
4.8105
3.3069
4.1409
3.6765
4.5958
4.2978
3.8253
3.9176
4.4210
4.1270
5.0564
3.5485
3.9091
3.5130
3.8377
3.8506
4.1269
4.6226
4.4759
3.1787
4.7429
5.6957
5.9278
3.4862
3.4073
4.1309
4.1700
4.6080
4.0244
3.7949
4.3414
3.9834
4.2739
7.3171
5.1856
4.6624
3.9609
4.0264
