2.2854
2.2684
3.1147
4.0598
5.0269
4.4449
5.2058
5.1457
4.6557
4.5976
4.5502
4.9725
5.1702
4.9913
5.5383
4.5031
5.0294
4.0599
5.0434
5.0931
6.0201
4.7952
4.5001
4.5901
4.7748
4.4322
5.6981
5.2579
5.0047
5.7171
5.0408
5.5716
4.8008
4.3245
4.6922
5.4108
5.9044
5.4562
4.5238
5.2358
4.7194
4.9066
7.3364
5.3453
6.5421
6.4850
6.4925
5.6138
5.9070
6.6995
6.8055
5.7116
5.8280
5.4388
5.8373
6.3343
7.0511
4.7702
5.7107
6.6266
7.5354
5.7513
6.1655
6.0846
7.8906
7.9000
6.7017
6.8955
5.8775
6.4597
6.5785
6.8635
5.0105
5.8936
5.0215
4.9752
5.8127
6.5960
6.2572
6.1137
6.6616
6.7999
6.9260
6.4633
6.6128
6.7319
6.4728
5.9168
5.7428
7.3050
6.6297
6.2879
6.9763
5.6642
6.5262
7.6162
7.5044
7.6800
6.7101
6.1869
6.8494
7.1803
7.1277
7.2897
7.2688
7.2131
7.3393
6.7571
6.7015
6.5151
6.3913
8.7075
7.6643
6.5982
6.0590
8.1671
8.1907
6.6600
7.4661
5.7557
6.2606
6.3356
6.0838
7.1114
7.1178
6.6086
7.1534
7.5387
6.4856
6.5361
7.5496
5.9585
8.2968
8.1098
6.6414
7.9753
6.7920
6.3450
8.6527
6.8687
6.6786
6.8985
7.5778
7.9444
7.6950
9.2992
8.1424
7.7503
8.6178
7.1685
6.7394
7.0816
7.1653
8.0711
7.5212
6.4365
6.1923
7.3211
7.1501
7.3276
9.5236
8.2426
10.0004
8.1916
9.9416
7.4109
7.1455
6.5848
6.7338
8.9987
8.4071
7.3541
8.1580
6.7413
9.5230
9.4083
10.1474
8.7118
7.1334
8.2754
7.3671
9.5668
7.5254
6.8555
8.0160
6.5324
8.3169
6.3190
6.2740
7.7650
7.3738
7.1656
8.0520
6.3384
6.8084
7.2715
7.6372
6.3579
6.5776
7.5113
