17.3249
8.5485
7.9645
6.6619
6.0651
5.4992
6.9790
5.7624
6.0422
5.2902
6.9876
5.8459
5.5854
5.1953
5.4101
5.5230
5.4222
5.8823
6.1522
5.5117
4.5464
6.9068
5.6138
4.6504
5.2928
5.5032
5.8253
5.2021
5.3602
6.7398
5.0498
5.3888
5.5410
4.8945
4.3977
4.9461
4.7330
5.2263
5.0853
5.4806
5.4847
6.2365
6.1392
5.6417
5.8224
5.3012
4.3975
4.9403
4.4038
7.5087
5.1752
4.4288
5.8380
4.5738
5.2605
5.8477
6.4131
6.3440
4.8027
5.4720
6.3715
4.1538
4.5071
5.0551
4.7086
4.4232
4.3487
5.6864
4.3495
6.5476
6.9217
5.3194
5.9796
3.9223
6.0131
4.8806
4.5051
5.8075
4.3733
4.1642
4.5295
4.9442
4.2092
4.6129
5.2598
4.6793
4.7177
4.5199
4.7262
4.7650
5.5121
4.7046
4.7602
4.3264
4.9206
6.2624
4.9807
5.1682
5.0550
4.6432
4.5166
4.8259
5.4634
5.0898
5.9140
5.4920
3.7725
4.3719
5.1886
5.6220
5.8757
5.7264
4.5932
5.0822
5.3853
5.0382
6.0974
5.2494
4.9658
5.4960
5.2446
4.5344
4.8542
4.4974
4.6949
4.2986
6.7102
4.6273
5.2871
6.2716
4.5464
4.0521
5.0084
3.9819
5.0870
4.5462
4.2308
5.1415
4.4775
4.1445
5.2661
5.0233
4.8623
5.9125
4.5738
5.0716
5.6829
4.2534
4.3460
6.2893
5.4209
4.4889
5.1998
4.5685
4.8052
4.6144
4.8667
5.6540
5.2618
4.2731
4.8730
6.7817
5.0788
4.4412
4.1291
5.4098
5.1007
5.4088
5.6444
5.2058
5.4828
4.2981
4.8013
4.5269
5.3002
5.4858
5.2992
4.9011
5.5919
5.2766
5.4586
5.1117
4.7612
4.7655
4.2025
4.9834
5.3065
3.9401
4.8145
5.2085
5.8755
4.9333
4.2775
5.8561
4.6266
4.0724
4.8267
4.5123
4.0982
6.0462
