1.7471
1.1777
1.5483
2.4845
3.4556
4.2786
3.8416
4.7072
5.8006
4.7992
5.7887
4.9333
4.9890
5.7821
5.8160
5.7455
4.3676
4.7852
5.4288
4.7407
4.7644
4.8664
5.4638
4.9141
4.9641
4.9124
4.6868
5.6837
4.6577
5.4774
4.5564
5.0179
5.0307
4.9746
4.9560
4.9964
5.0772
5.5089
4.6470
4.3619
5.8100
4.7985
4.8086
6.6401
4.7599
5.1039
5.1666
4.6411
4.7783
4.4011
5.4611
4.9886
4.8961
5.8204
5.0522
4.6999
4.7115
5.1955
4.4929
4.9280
4.6310
4.3541
4.9587
4.2735
4.6373
4.9536
4.9601
4.6867
5.2924
4.9630
4.2124
4.4407
4.6662
4.9372
4.3441
4.9210
5.0893
4.7936
4.4876
3.9749
5.5280
4.5143
4.2802
5.2984
4.8176
4.3585
4.2311
5.0506
4.5373
4.9619
4.2927
4.4842
3.8495
5.0134
4.6356
4.7612
4.5622
4.0993
4.1032
4.7879
4.6329
4.3713
4.5014
4.4596
4.6593
4.2636
4.1211
4.6596
4.0194
4.0895
4.8547
3.9238
4.6845
4.1081
4.6619
4.2005
3.9961
4.5268
4.2867
4.1951
5.0799
4.5701
4.3061
4.1192
4.4100
4.3380
4.3748
4.3499
4.0804
4.1578
4.3150
4.1807
4.4321
4.2882
4.4358
4.5703
3.6823
4.3725
4.2824
3.9517
4.5597
4.0972
3.9058
4.5478
4.0490
4.3976
4.1350
4.2507
4.7109
4.0311
4.3418
4.0562
3.8474
4.1988
3.8304
4.1059
4.2255
4.2955
4.3561
4.4124
4.1660
3.9825
4.4933
3.8642
4.1338
3.8372
3.8500
4.1036
3.8897
4.4913
3.8235
4.3979
4.5339
4.0124
4.3964
4.0121
4.0397
4.0531
4.3362
4.4192
3.8721
4.2006
4.3004
4.1850
4.0734
3.9609
3.8781
4.1179
4.2279
4.1660
4.4512
4.1762
4.3248
4.4047
4.4682
4.3197
3.8342
4.1444
4.0828
4.2889
