4.5563
6.0849
9.9345
10.1823
12.1482
13.2728
13.5510
15.8941
15.3424
15.1467
15.0242
14.6420
15.4890
17.6845
17.9790
15.8589
15.5707
16.8644
17.4152
16.4263
15.7542
17.4910
17.1274
18.5737
17.8383
17.1971
15.7224
19.0171
16.7933
18.8659
16.5119
17.9282
18.2271
20.8031
17.3181
16.1856
19.6304
17.4914
17.3308
16.8635
17.6598
16.0735
19.9622
19.6584
17.6374
18.9187
18.3327
18.3490
17.4088
15.7477
17.8066
17.7405
20.1476
19.8552
17.6358
20.4582
17.0066
19.3093
19.6060
18.2891
18.5590
19.6651
21.2981
21.4194
18.8461
18.9346
21.9633
22.9392
23.8442
22.3860
22.5089
20.3561
23.4004
24.2328
19.1872
25.7360
22.5394
21.3416
20.3188
22.5446
18.2055
20.6037
20.7399
20.1513
18.9576
21.8685
30.8562
21.8143
22.8493
23.1123
25.0677
21.3741
18.7571
17.8228
22.2002
23.6193
18.9510
22.9562
26.8093
26.3340
22.5752
20.3641
23.4527
24.9425
20.7675
27.5748
21.3272
19.1242
23.5369
23.5522
19.7735
30.7440
22.8168
20.4240
18.9807
22.7550
20.6050
21.8466
25.0612
22.1267
18.5810
20.7228
24.1062
25.5907
22.4230
19.9244
23.1657
20.2353
24.1549
22.3838
26.5087
20.9924
21.9378
22.7619
20.6156
24.6632
20.7800
21.2139
20.6263
25.7317
20.2504
39.7921
21.6090
23.1684
18.0426
19.0841
24.1316
18.8665
25.2438
25.2796
21.6040
21.1934
22.7579
19.4976
19.2869
20.8198
19.4438
20.3855
18.6861
21.0910
20.0348
19.5695
40.4806
15.0825
18.3328
22.0160
18.9944
21.0829
20.8501
21.8781
26.2434
18.6475
24.5159
18.6482
22.2072
21.0748
21.0366
25.0532
18.2456
20.4021
19.1124
21.9813
20.7120
17.8278
15.6758
19.5630
19.2545
22.9657
17.0698
18.8180
35.3277
18.1755
21.5013
20.8405
19.4538
25.4080
25.7850
19.6029
27.4912
22.9409
