20.3871
6.6895
5.5723
6.2861
6.2831
4.8352
4.9613
6.4657
5.0289
5.0919
4.0921
4.5741
4.7840
3.9235
3.5873
4.6482
4.2760
4.9353
4.1681
4.7954
4.2550
4.1641
5.6130
4.3810
4.5554
3.6931
6.3540
5.3306
4.2581
4.2416
4.8995
4.0784
4.4387
3.6786
5.1989
3.9815
4.3117
5.1934
4.5240
4.0576
4.5079
3.8682
4.3077
3.8555
4.9732
4.0207
3.5847
3.8690
4.1731
4.9730
4.3533
4.5273
4.1310
4.4629
4.6649
4.9786
4.3938
3.6717
4.3987
5.3430
4.2454
4.3796
5.3349
5.3914
5.1183
3.5795
4.7121
4.0804
4.1892
4.1031
4.8207
3.1915
5.1750
3.6630
4.0931
3.4686
2.9298
4.4644
5.5799
3.8147
4.0658
2.9361
3.6981
4.9115
4.6497
4.8584
4.2146
4.6698
3.9044
4.2416
3.8668
3.5319
3.7560
3.4967
3.8698
5.6519
3.0871
5.2152
4.2358
4.6513
4.1760
3.7581
3.8738
3.8149
3.7486
4.6582
3.7855
4.3798
3.5047
5.0312
4.3264
4.0901
4.3896
3.9456
3.6570
4.4344
4.4534
3.4595
4.8663
4.9666
4.7793
5.2719
4.0627
4.0161
3.8219
3.8431
4.3386
4.9225
5.0489
3.0104
3.4180
3.3806
4.7627
4.7578
3.7858
4.8717
4.6867
4.1648
3.7892
4.5549
3.3247
3.9816
3.3209
4.2907
3.5752
3.3734
4.2887
5.0102
4.0553
3.9903
3.7663
3.2392
3.8289
4.3820
3.9275
5.0891
4.8887
4.7220
4.3835
3.2206
4.5401
4.0153
4.4212
4.7718
5.1443
3.9302
4.6805
4.8425
3.5804
5.0918
4.3254
3.9946
3.7073
4.7155
3.4814
5.2120
4.1784
4.1941
3.4667
6.5187
3.6979
4.1057
3.5957
4.1714
4.8541
4.1505
3.8747
4.2029
4.9274
4.2272
3.9967
4.2814
4.8343
3.9521
4.6906
4.8001
3.9039
3.4306
4.6263
4.2824
