19.0571
10.8708
8.8559
6.9296
8.3209
7.2275
6.0836
7.7237
6.2741
7.3332
7.7856
7.1560
6.2018
7.3640
5.1722
6.4905
8.1398
7.8309
5.9523
6.9645
5.1933
5.8567
5.3731
5.7326
5.8587
4.6649
5.7594
6.5483
5.1178
3.8516
4.2111
5.4569
4.7790
6.4864
5.7650
6.1980
5.1928
6.3088
6.1108
5.1955
6.1562
4.1206
4.2521
3.6802
5.5346
3.9681
6.4887
4.1179
6.4531
5.7577
5.4651
6.0231
4.7218
5.2284
6.8427
5.2747
3.6727
6.2604
4.4259
5.0444
5.1412
5.5574
4.7084
4.5787
4.9714
6.3833
5.3250
5.7190
5.8802
4.8275
5.5800
5.1066
5.6308
5.0953
6.0757
7.3967
5.2028
5.3260
6.0946
5.8641
5.0847
5.3903
5.2751
4.5829
4.7144
4.1423
4.0646
4.0472
4.8944
6.0787
5.3905
5.2033
4.9497
4.7463
5.5604
4.6234
4.9498
6.1336
5.1550
3.5697
5.2471
3.6158
5.1800
5.9802
4.8007
4.8360
5.2180
4.8271
5.2392
5.1553
3.3712
3.9409
3.7927
5.6920
3.9101
3.8475
4.2550
4.0947
3.5868
3.6368
4.2715
5.2012
7.0262
3.9646
4.9706
4.1601
4.1821
4.2876
4.2597
4.3880
5.8771
3.4738
5.3265
3.9411
3.8538
4.7570
4.0395
5.0011
4.8249
5.0090
6.0476
4.3275
6.3500
4.2002
3.6854
5.1180
5.1977
4.1358
3.1710
5.0819
4.3781
5.7878
4.3194
5.0748
4.6065
4.7168
3.9641
4.9276
4.6335
4.0314
5.3315
4.6247
4.1652
5.2971
3.9602
4.4087
6.0169
3.9415
3.7697
3.8246
7.6268
5.2177
5.0365
6.0497
3.9539
5.9371
4.7476
4.3575
5.3974
5.6110
4.5588
4.6828
3.6078
5.0412
3.4681
3.2723
3.8637
4.4476
6.1846
5.1431
4.8281
5.6055
4.8903
5.0320
5.8943
4.4570
3.5762
5.6431
6.3605
3.8226
