3.6791
5.2223
8.1025
10.5569
12.6983
13.8462
16.9419
17.2735
18.3991
18.9766
21.6496
21.1779
21.5533
20.9967
23.8097
23.4337
24.9989
24.4402
24.7800
25.5964
24.3945
25.2389
25.5855
26.0708
28.8740
24.0762
25.1290
27.3470
26.4805
29.5968
26.6243
27.1524
27.2751
26.3184
29.0777
30.2705
32.2593
31.2675
31.6561
29.4977
32.0207
30.6071
26.4436
30.2786
34.7105
34.9475
31.4716
32.3705
35.0002
31.7191
33.7309
33.1151
40.8787
36.9518
32.7432
32.9972
35.1093
36.3770
36.9228
38.6337
32.6353
36.8352
38.7869
31.5779
38.3385
37.1913
35.4396
38.8217
40.4346
36.2351
34.2981
36.3511
37.0200
35.8384
32.5151
33.7075
42.8059
33.8402
35.9274
40.9770
40.7016
42.9958
35.1255
36.4539
38.3344
35.7162
38.7868
40.6131
34.2429
37.8739
36.1841
39.0887
36.2880
36.7693
36.4562
40.7960
37.1297
44.1533
41.6062
40.0312
36.3575
39.2259
39.8650
41.8775
45.9038
44.0894
36.6651
37.1753
41.6892
38.2295
39.1384
37.2132
34.5570
44.4131
41.0720
40.4448
45.2766
38.6368
40.4846
40.4918
43.3831
40.4183
42.5562
39.5093
41.9636
41.2636
45.0101
42.6623
37.4057
40.9950
40.5102
42.0148
40.9634
41.2781
43.7625
39.4040
42.1585
37.2560
36.9032
38.4505
40.3694
42.7069
41.8170
42.6956
42.6784
39.0739
42.3881
44.3397
42.0218
37.2614
36.3543
40.3389
49.4156
37.0545
38.9655
39.7393
37.7244
40.1599
46.0968
51.3821
44.1339
47.9306
39.2971
48.6024
42.7870
45.0623
45.2982
42.4870
46.9560
42.0888
41.0800
45.0887
45.5050
41.8028
38.9704
40.6477
49.3010
43.8414
44.7922
48.7235
46.4631
42.5662
49.1198
39.2128
44.3439
46.3218
43.5594
38.5517
44.1924
42.0909
43.5714
40.9747
43.6472
40.9991
47.9096
40.6859
49.1933
44.2924
50.3757
46.7251
