1.0125
3.7797
3.0849
2.7923
2.6364
2.1987
2.1101
1.7240
1.7553
1.9483
1.5349
1.8903
1.4691
1.7639
1.6081
1.5713
1.4467
1.4475
1.6333
1.4480
1.4413
1.3490
1.5313
1.2588
1.3972
1.5227
1.3172
1.5046
1.2772
1.3453
1.3542
1.3489
1.2730
1.2813
1.4029
1.4252
1.3053
1.2908
1.2548
1.1384
1.3123
1.1926
1.2036
1.3442
1.4068
1.1793
1.4004
1.1956
1.1993
1.3674
1.2179
1.2150
1.3419
1.1217
1.2004
1.4221
1.1381
1.1956
1.1366
1.2544
1.1618
1.1664
1.0903
1.1892
1.0712
1.2138
1.2221
1.1470
1.1349
1.2543
1.1579
1.2830
1.1046
1.0633
1.2352
1.2455
1.1506
1.1677
1.1283
1.2422
1.1568
1.0982
1.1180
1.1934
1.1056
1.1326
1.1452
1.2813
1.2212
1.2282
1.2491
1.3187
1.2899
1.0940
1.1173
1.0566
1.0009
1.1508
1.0925
1.1925
1.2635
1.1266
1.0839
1.1101
1.1174
1.1553
1.1836
1.2310
1.0127
1.0473
1.1921
1.2325
1.2324
1.1256
1.0521
1.2265
1.0245
1.1129
1.0217
1.0913
1.1607
1.2449
1.1104
1.1391
1.0530
1.0291
1.0976
1.1784
1.1325
1.1833
0.9933
1.1815
1.1270
0.9872
0.9341
1.1673
1.0828
1.0957
1.1633
0.9456
1.0572
1.1229
0.9909
1.0990
1.0664
1.1553
1.0848
1.2708
1.0688
1.1054
1.0025
1.1125
1.2327
1.0527
0.9971
1.0722
1.1062
1.1668
1.0659
1.1203
1.0880
1.0616
1.0995
1.0843
1.1822
1.0375
1.2804
1.1915
1.0177
1.2174
1.1304
1.1498
1.0724
1.0060
1.1367
1.0793
1.1708
1.0195
1.1047
1.0785
0.9987
0.9478
1.0846
1.0523
1.0274
1.0662
0.9396
1.1085
1.1271
1.0229
1.1345
1.0546
1.1455
0.9862
1.0832
1.0428
1.1156
1.2217
1.0627
0.9112
