3.0516
5.1320
6.6518
7.9746
11.1504
11.7283
13.3403
13.2301
15.5865
15.6068
13.4866
15.1442
20.9497
17.5883
16.4939
18.6928
19.5039
15.5330
16.1121
19.2941
19.9768
19.2974
18.4375
20.5811
20.6065
22.1114
19.1410
24.2433
18.4703
19.5330
21.9284
22.2505
24.9151
27.6787
20.2633
24.2067
21.6511
20.4787
23.4116
21.7215
26.9828
26.0198
24.1544
20.7790
20.5096
23.3547
22.7187
23.2363
21.3251
24.2769
25.2312
25.0511
26.5930
31.1256
22.6844
25.3004
28.5291
24.7683
22.7892
26.0146
27.2922
25.1229
21.0217
22.8192
22.9954
24.2541
20.6325
28.3732
24.9760
22.3755
22.5558
24.0360
29.2982
23.1028
20.9340
22.4839
22.9855
21.4535
19.9287
27.5478
19.4727
24.5963
23.5328
24.9476
25.1114
20.6024
26.1484
19.7752
24.4523
25.5193
22.8936
24.5356
21.6925
23.2049
26.6063
25.0125
23.8417
26.1687
27.4021
27.3010
24.3075
25.8383
25.1887
24.1582
24.3302
30.4153
26.7252
23.9777
23.7662
20.6908
22.9735
26.7079
24.1255
30.1068
25.1379
24.2994
25.7208
23.4478
24.3709
25.0422
28.1752
20.9848
28.4918
25.2642
28.0418
24.3385
30.4639
22.6757
21.5950
25.5158
28.3007
23.7907
25.2532
24.4880
33.3668
29.7703
26.2440
25.2459
25.9237
23.2158
31.4322
24.9886
29.4467
33.1828
23.6859
23.9392
32.6425
31.6497
37.4959
28.1760
27.3929
30.8058
24.3628
25.9831
24.4349
32.2668
27.4156
29.9808
29.3665
29.4990
29.3538
30.3103
25.7195
28.4015
27.6758
26.4599
24.9139
28.0072
24.4253
29.1032
30.3033
32.0007
25.2397
33.8012
32.0291
37.6556
26.7981
29.1940
29.3133
30.6859
27.8917
30.5574
26.1579
33.1317
23.6156
28.0336
28.3229
24.0685
31.7063
30.8478
27.8297
26.8374
25.9942
30.6521
24.9596
30.3110
29.2910
35.5769
21.7087
27.8346
