20.7033
10.4248
9.6202
8.7207
6.0860
7.6510
6.8344
5.2863
5.3280
6.9264
5.8422
5.7933
6.5995
6.6279
4.9859
5.2676
5.9311
4.7296
6.0000
5.5919
6.6713
5.5857
5.5930
5.7763
5.9506
4.8295
5.0735
5.1799
5.2475
6.2261
6.0524
5.1991
5.4287
4.8219
5.7369
5.6244
5.4448
7.2922
5.5324
5.1513
5.7586
6.0831
4.5191
5.8251
4.6250
5.1494
5.0703
5.6876
5.5039
5.4287
4.9187
6.0018
6.3733
5.5005
5.3353
4.5617
4.2459
5.6554
6.0113
4.7483
6.0829
5.7455
4.9086
4.9029
5.7873
5.2617
5.5271
5.3596
5.3823
6.3290
4.3845
5.1504
5.4349
5.5755
4.4612
6.0403
5.9225
5.8294
4.8128
4.6597
4.8152
4.3101
5.6383
4.3845
4.9346
6.0190
6.1274
5.7046
5.2493
5.9587
4.8923
5.3576
6.2686
5.3314
4.3869
6.6109
5.1543
4.5911
5.6010
4.6653
6.0492
5.1465
4.3812
4.8446
4.4421
5.0989
5.5059
4.1779
4.7958
5.3237
4.2063
4.8836
4.5817
5.5406
4.5794
4.9560
5.1442
5.7196
4.9020
4.4866
5.1093
4.6616
5.4715
4.6809
5.1360
4.2508
3.9922
6.1491
4.2419
4.5389
4.5336
4.7968
5.9619
4.9138
5.7771
5.4159
5.0388
4.7449
3.8405
5.9253
5.2701
4.6438
4.4125
6.4728
5.4312
4.7440
4.8101
4.9207
5.2406
4.8853
5.6151
4.9378
4.4315
4.5655
4.5768
5.9900
4.9690
4.0273
5.4460
4.7719
5.5067
4.6194
5.1995
5.0865
5.3350
4.5155
5.0564
6.2329
5.0483
4.2542
5.6284
5.0977
4.3036
4.7725
4.4711
5.4696
4.7227
4.6975
4.2683
4.9665
5.9140
5.5345
4.6139
5.7178
4.9235
6.7238
4.4529
4.6291
4.9917
5.5152
4.6774
6.0830
5.2827
4.5799
4.7091
5.0670
3.8585
4.7096
6.1374
3.8237
