13.0766
8.1446
9.3505
8.0685
8.0109
11.2952
6.6352
7.1033
7.4487
8.0477
7.8384
7.2293
9.5068
5.7551
6.5215
7.8793
8.5804
6.9053
6.0371
6.1307
6.0930
7.7911
6.6643
6.9232
7.7222
8.1080
7.8085
7.8563
6.8085
7.0188
7.2514
7.7106
5.8062
7.9516
5.8454
7.1448
6.9203
8.0983
9.0365
7.1575
8.5295
7.4789
6.6992
6.4092
7.1268
8.9394
6.5281
6.0295
6.7226
6.6231
7.0155
5.2966
6.8084
6.7270
6.7309
6.4186
6.4954
6.1750
6.5992
7.2025
8.1315
6.6892
7.2189
7.4949
6.8928
6.8767
8.4457
5.8659
5.9919
8.0378
6.4609
6.6266
9.1671
6.7942
8.1133
6.3573
7.3590
6.8123
7.0499
6.9513
6.6553
5.9088
8.4881
7.8888
8.0148
9.0273
7.2566
6.4857
6.3915
10.9028
8.3556
7.8853
6.2142
7.4901
6.6722
7.2655
7.4364
6.4796
7.9630
7.0875
6.5605
6.5700
6.4718
6.6193
5.4426
6.9448
6.6865
6.8005
7.4755
6.2451
6.9746
7.4171
5.9912
7.5831
7.9007
7.4782
6.9898
6.3525
7.0602
6.7160
7.7236
5.9971
8.6468
7.1873
6.6399
7.2300
7.7097
6.1274
6.6581
6.2802
8.2639
6.3710
7.1491
7.0979
6.4285
7.0131
8.4979
7.9383
7.8050
6.6641
8.2778
6.2405
7.6279
6.6590
8.3977
6.6508
7.2016
8.3307
8.9203
6.6574
6.8245
7.6450
6.8917
7.9706
7.3631
9.2756
6.2856
7.0180
7.3575
7.6783
6.8729
6.7067
7.6234
7.1950
6.7381
7.8202
7.4880
7.1180
7.2807
7.2871
6.3029
6.9222
6.8472
6.5081
6.5230
6.7053
6.4896
7.2703
9.0960
7.4525
8.5054
7.5595
9.0229
5.6214
6.3656
8.5806
6.6180
7.5643
7.3805
6.7036
8.3111
7.0721
7.7961
5.6600
6.0483
6.7840
7.6639
6.6121
6.9047
6.4901
