3.0443
3.2562
4.8804
6.9577
8.7155
8.4221
8.3634
8.7928
8.0339
8.3959
8.8802
7.5033
6.7825
7.4093
6.0452
5.9838
5.9545
8.0645
6.5695
6.6569
6.0672
5.7349
6.2838
6.3928
5.9475
6.3530
6.2535
5.7398
7.1832
5.7011
5.3634
6.0530
6.3168
5.8171
5.5696
4.5934
5.8525
5.3167
5.7442
6.4189
5.7339
4.9227
5.5452
5.3093
4.3824
6.0550
5.9182
5.6621
5.8338
5.7002
5.3219
6.8313
5.6489
6.1107
4.5719
4.5689
4.6277
5.2695
5.1626
5.7224
5.0785
5.0551
7.0270
5.7748
6.5074
5.5818
5.8360
4.9554
5.6159
5.3769
5.4206
5.0632
5.1074
5.2957
5.0633
4.8786
4.5254
5.9958
5.3657
5.6956
5.9982
5.5404
6.6961
4.6298
5.0383
5.6261
5.8566
6.2173
5.2013
5.2781
4.4454
5.2694
4.6003
4.0704
5.6869
5.7504
5.2946
4.7337
4.7694
5.8175
5.6905
5.1149
4.9410
4.7358
5.0154
5.3247
5.5804
3.6718
5.6301
4.6927
4.9551
5.4763
4.2158
5.8617
5.7271
4.3232
5.0607
5.2277
3.9252
4.4582
5.2021
5.9022
6.5549
4.3684
5.7443
4.4746
5.1423
4.9016
4.3159
4.3021
4.4701
4.8474
4.8103
4.3447
4.8195
5.4576
3.8027
3.8380
4.8213
6.2471
5.5769
3.6878
5.9922
4.7431
4.2039
4.6628
5.8666
5.0508
4.6787
4.7172
4.2373
4.7020
7.2499
5.3031
4.2778
6.2095
5.7204
4.0195
4.1513
5.1484
4.9423
5.6410
4.6708
3.8387
4.4916
4.5637
4.8023
4.5726
6.7288
4.2852
4.0047
5.0130
6.0864
4.2109
4.6314
4.5783
4.1732
4.3085
5.1970
5.2943
5.3698
3.9119
6.0494
5.2219
4.7517
5.7900
4.3685
4.5656
5.0789
5.4475
4.5643
4.4058
4.9742
4.2742
4.8369
5.2205
4.5189
4.4579
4.9712
5.0309
