1.5700
11.0820
9.3341
9.0226
8.4547
4.4709
3.7305
3.3565
3.1690
2.9602
3.1111
2.6806
2.9292
2.7821
2.7773
2.6924
2.7946
2.7553
2.7126
2.7288
2.5352
2.7222
2.5054
2.5871
2.5534
2.4417
2.3922
2.4993
2.4695
2.6011
2.5647
2.3822
2.4582
2.6108
2.1787
2.5204
2.4770
2.4697
2.4661
2.4299
2.3571
2.3435
2.5682
2.3340
2.2420
2.3323
2.6491
2.3543
2.3742
2.2051
2.2092
2.2987
2.2761
2.3008
2.4374
2.3852
2.3275
2.2202
2.4274
2.2517
2.4135
2.2595
2.4001
2.2213
2.2515
2.1730
2.2318
2.1775
2.3928
2.0896
2.3017
2.3807
2.3615
2.2869
2.3070
2.6210
2.1078
2.0839
2.1922
2.2958
2.2774
2.1779
2.1939
2.2343
2.2260
2.1398
2.1265
2.0346
2.2856
2.2891
2.3222
2.2161
2.2765
2.4074
2.1330
2.3073
2.2443
1.9460
2.4833
2.1118
2.0119
2.3944
2.2699
2.1967
2.2488
2.0177
2.3397
2.3528
2.2430
2.2052
2.0456
2.1796
2.1643
2.0947
2.2953
2.1634
1.9800
2.1756
2.2599
2.2234
2.0292
2.1484
2.1411
2.1263
2.0545
2.2979
2.1980
2.1640
2.0378
2.1692
2.2086
2.1872
2.4392
2.1977
2.1875
2.2280
2.1270
2.0593
1.9909
2.1250
2.3272
2.1960
2.2925
2.0927
2.1966
2.0401
2.0078
2.0674
2.1935
2.2217
2.0721
2.2071
2.0741
2.0746
2.1398
2.1744
1.9792
1.9386
2.1155
2.1242
2.2366
2.0348
2.0827
2.0848
2.3181
2.0235
2.0584
2.2154
2.0976
2.0960
2.1134
2.0490
2.1149
2.0701
2.1045
2.0142
2.1136
1.9285
2.1325
1.9190
1.9393
2.2237
2.1869
2.0089
2.0752
1.8894
2.1435
2.1345
1.9780
2.1763
2.1314
2.3260
2.1141
2.2861
2.0259
2.1127
1.9609
2.1372
2.1077
1.9608
