1.9252
2.0350
2.9345
4.8180
7.5528
8.9420
8.6319
11.9004
13.7170
12.2862
15.7038
13.8596
13.5683
12.8190
18.3800
15.6078
19.9942
16.7162
16.1829
17.0508
16.2371
17.3530
18.3073
13.6500
17.4916
18.2988
16.2407
20.9915
17.5455
16.5297
20.6670
18.6838
15.1801
20.0647
18.6103
15.4286
16.5317
17.7166
21.6038
18.1052
21.0476
17.9825
17.4401
18.3979
22.6983
13.4731
21.7800
13.9520
17.4972
21.8605
22.5423
19.7780
17.1236
17.0588
26.3568
17.9622
17.2713
16.5716
18.1029
19.1550
16.9579
20.7531
20.2972
16.3782
18.9768
19.2162
18.0340
19.3602
17.1860
14.7395
20.8818
15.1950
15.1718
18.0031
19.0589
20.9052
19.4160
18.0256
22.5532
18.8155
23.4560
20.4920
19.7803
21.4599
16.2230
18.4930
20.4741
16.2119
20.5455
18.2565
19.3216
21.3362
21.6694
19.3154
18.8440
21.1109
16.2388
19.1329
20.2174
16.6810
19.4422
15.3762
21.6589
14.2273
18.4013
16.3849
17.2872
19.1215
21.4316
23.0577
17.0722
19.8801
21.6326
21.1288
19.6582
17.4291
22.1241
20.2977
19.7793
18.4127
20.2811
19.5087
24.0033
20.0755
23.1894
19.2087
19.7677
17.1837
20.8145
16.6483
18.6520
19.7595
16.6934
18.8418
20.0217
18.7041
19.6833
18.5948
17.9144
17.0624
19.0849
19.1101
20.3736
19.1915
17.1854
18.0818
20.4381
19.8220
20.9067
20.2854
16.9070
24.5966
16.1476
15.3505
19.0522
20.0903
21.4365
20.0260
19.4129
19.5002
18.3469
18.0882
22.5612
22.7079
19.9229
19.2557
16.8849
22.4289
19.6066
23.3626
22.4320
18.0261
19.7428
19.6286
19.0084
20.5853
22.7234
18.4176
24.8809
20.7021
15.7134
20.4446
19.9672
17.0364
19.7360
15.2749
17.6806
18.4997
19.5326
20.5797
22.5540
19.0713
24.2493
18.6153
18.1530
21.0992
16.8860
18.6457
20.9800
19.1699
