5.0815
5.5322
7.3093
9.0339
9.6127
7.6448
7.0026
7.7617
7.2708
6.8717
7.7593
7.0712
8.3382
7.9455
7.3771
7.8303
7.3380
7.3830
7.0582
6.7063
6.6301
7.8998
7.5166
6.9321
11.3698
6.5208
7.0645
8.4161
8.2635
7.4075
6.7969
7.5186
8.0975
7.2908
8.8740
6.3943
6.5552
9.1549
9.0686
8.1603
8.3135
7.6136
7.9731
8.6988
7.2762
8.5903
8.5627
9.0371
7.5065
8.6118
7.2001
7.2012
7.2642
8.3761
8.4907
9.8320
8.3292
7.0423
7.6217
8.2940
7.6202
8.8032
9.5025
7.8038
9.6260
9.6848
8.6709
7.4008
7.7383
8.3154
7.9359
9.9465
8.4189
9.1393
9.1316
9.8108
8.4706
8.3032
7.9636
9.4925
8.6691
8.8445
7.6313
9.3234
8.1952
8.6299
7.6205
9.0585
9.0961
8.6384
8.2498
8.2431
8.5636
9.0577
8.3362
7.7036
9.0527
9.2582
8.1093
8.5154
8.5802
8.1637
8.5035
8.1131
10.6544
9.7105
8.6438
8.8620
8.4503
9.2335
9.1176
8.3451
8.3934
8.1977
7.8501
9.2516
9.6523
8.3583
8.9979
10.0036
8.4796
9.3468
8.1670
7.8875
8.3090
10.1100
9.5774
7.5799
9.0571
8.2078
8.4691
9.8354
8.3187
9.3509
8.1373
9.1855
8.8445
8.3510
9.0433
9.1952
9.4623
10.6688
11.5335
8.5860
7.3471
9.6287
9.9267
9.3241
8.5628
8.7563
7.9428
9.5946
9.3389
8.6068
9.1111
9.1528
10.1991
9.2262
7.8925
10.4420
7.4788
7.9378
8.7008
9.5418
9.8235
8.4934
8.1154
8.4785
9.7971
9.2333
7.1946
9.6776
7.4767
7.3120
9.1261
8.3068
8.7615
10.0304
8.5031
8.9949
9.6161
9.1630
8.7701
8.9899
8.2933
7.7193
8.7293
8.1084
7.6591
9.1511
9.7485
8.9777
8.5980
10.7374
9.1416
7.9423
8.7156
8.6734
10.6069
8.8755
