2.0747
3.9982
5.1423
6.7020
8.9066
8.3336
8.9940
10.4990
11.6906
11.0991
12.1997
11.1570
12.3914
11.6877
11.3470
11.2835
12.2951
14.8554
16.7166
16.2486
12.3958
13.7503
13.3384
14.2337
16.1989
13.6571
15.5149
12.4876
17.0723
18.4454
16.5055
15.1055
15.1081
17.5990
16.3341
16.9384
16.3884
13.4381
24.9617
17.3858
18.1024
20.3934
17.1174
17.1356
17.1996
23.1580
12.2096
19.6476
15.8589
15.9329
19.3511
17.1682
16.4497
16.4621
20.3436
17.2780
20.3166
18.2633
15.4596
16.4499
17.9131
14.6378
21.3941
19.0734
18.5940
18.0330
16.9283
24.4725
24.3749
19.5527
17.7053
26.5689
20.5665
18.4748
20.7369
19.5269
19.4842
20.0746
18.1561
17.4920
21.4394
20.0178
19.2819
21.2443
17.7782
21.3490
20.2618
17.4547
21.8437
18.6992
20.4543
21.8403
18.0139
22.5070
19.9744
16.6711
19.7476
20.6857
22.3933
15.7251
16.6640
23.1430
18.4191
20.6429
20.5308
17.0145
19.1941
23.4423
19.0262
20.2762
18.0988
24.0238
19.1728
26.9859
22.3274
21.5350
21.3858
22.8296
23.3883
20.1029
20.6916
17.6405
22.0844
20.2390
21.2632
22.4679
20.0182
19.2532
19.1313
24.3096
23.0178
23.7131
23.8604
18.6676
20.6519
21.9268
19.1985
24.1447
27.8366
25.1175
23.3724
27.7958
21.8910
19.8659
20.5772
24.0965
21.5213
24.6749
18.8780
20.9955
18.8231
21.7928
22.3313
20.1074
26.4849
32.9986
23.2764
21.9857
27.7058
23.3372
22.2893
28.6158
21.1512
25.8138
20.7398
20.4656
25.6418
25.5044
28.6127
23.1688
21.1070
29.1424
20.9975
21.5177
19.7055
17.6795
26.9782
24.3186
25.8428
25.0662
21.6629
25.8525
25.1105
25.7694
26.3241
24.0144
26.2597
24.6895
24.9784
23.3861
19.0788
22.9115
20.1980
25.5494
21.2219
23.1381
28.5460
22.9772
21.7471
22.7804
