9.5392
9.2116
7.6726
8.6942
7.3860
8.0218
8.8108
7.7935
6.3257
6.8251
6.9106
7.1264
8.4529
8.8938
7.7240
6.6400
8.8578
8.1776
8.8222
7.6902
7.2502
7.6465
6.3008
8.1208
8.1034
7.8577
6.5412
7.9735
7.0914
6.3025
7.8616
7.4589
6.5453
7.5004
6.0315
5.3164
7.1025
8.1206
6.5382
9.1354
7.7197
7.5861
6.4205
7.2104
6.2237
6.9571
7.4188
8.9852
7.5057
6.9728
6.3672
8.1624
7.4963
7.6351
10.0120
7.7059
7.2397
7.3671
7.4755
7.2662
8.3826
8.3539
7.8094
8.0126
7.6838
7.4118
7.7515
6.4087
6.9660
8.1594
7.4710
5.6124
7.7257
8.7265
8.4755
5.9098
5.9385
7.4084
7.2994
8.3810
6.6895
7.1456
7.5642
6.9689
7.0264
7.9784
8.9420
6.9472
7.3877
7.6699
8.2188
8.3938
7.5695
9.0312
7.1659
7.3242
7.3098
8.3589
7.6467
6.6150
6.9344
7.7688
8.0909
6.7256
6.8249
6.3131
8.7293
6.6850
7.7770
5.8620
8.9605
6.4322
9.0964
7.4598
7.3646
8.0487
7.6772
6.0529
7.2118
5.9284
7.6196
5.9921
7.7900
8.5584
6.9426
6.9065
8.5160
7.0491
8.2378
6.3288
5.7410
8.7224
8.0463
7.5470
7.9287
7.2803
8.8936
6.4938
8.2217
9.3381
6.5670
6.8501
7.5589
7.3754
6.6338
7.9496
9.7654
7.0901
6.4741
7.0635
6.1423
6.8387
7.3529
8.4682
6.6507
7.1914
6.7289
6.7755
7.8445
7.6300
7.6280
7.3627
7.7002
8.0478
7.3121
7.3150
7.1598
6.7879
7.1957
6.4623
7.2460
7.2319
8.2517
6.6822
9.0413
5.7884
7.0548
6.3417
8.2442
7.1292
6.5837
7.3100
7.1070
6.5385
5.8314
6.6255
6.3576
7.1048
7.6077
7.9059
7.3909
6.7505
7.0780
7.5463
6.8644
6.6842
7.3675
7.6441
6.9345
8.1509
