2.8622
4.8950
11.0350
12.7399
11.8082
13.4568
16.1428
17.3343
15.7837
15.2242
18.1097
16.1325
18.9399
17.2999
19.7371
16.7656
16.2163
16.2553
15.6316
15.9969
18.0213
17.1974
18.0338
16.6104
22.1778
19.2754
18.1367
18.3211
17.8876
16.1203
16.4552
17.5015
18.5420
23.1838
16.6340
17.3186
17.1847
20.6540
19.8626
22.0073
17.4980
14.9282
19.0972
18.3054
20.9767
18.7301
22.2863
19.7997
17.3810
20.9492
19.8551
19.9667
21.5814
21.8229
23.6353
21.0059
17.8811
24.8706
22.3019
19.3029
21.4146
21.9548
26.2093
16.1507
14.9745
19.7295
15.0134
20.8423
21.1781
17.9130
19.5105
23.1621
26.2312
23.0450
23.7400
21.4888
20.6713
21.4658
28.9893
24.0501
24.2634
22.4374
24.8143
27.1719
24.7308
21.6618
28.9150
26.6000
22.9107
20.0712
22.8964
19.3943
23.8836
21.0269
21.8840
21.4630
22.2304
24.1079
23.4178
22.4567
21.8487
27.0457
17.5994
20.6240
22.9494
25.5721
21.2379
24.9221
25.0562
22.7859
27.5110
23.7427
27.3580
24.0437
25.8115
20.5361
24.5398
24.8463
22.3882
24.2954
24.9297
28.9900
19.2620
24.5087
23.4045
26.1049
26.5548
26.7290
27.1755
28.2380
20.2339
18.1041
24.9020
29.9052
22.9744
22.5926
30.9659
26.1848
25.8915
20.7541
24.8461
18.7510
22.6043
28.7156
24.2435
21.9293
28.2880
25.7966
25.2553
24.6074
24.3575
26.3811
29.7470
33.7757
26.2967
26.1357
26.6035
26.2353
29.7772
21.6696
25.0365
27.2135
25.6945
20.7846
30.0739
22.5065
24.9650
16.8147
32.0963
35.9958
24.4526
23.1070
30.3682
24.3956
25.8177
24.3717
14.2578
20.4011
26.5812
31.6655
27.8390
26.7820
26.2886
30.2019
24.1731
24.4196
22.8431
24.5059
27.0738
29.7650
24.4286
21.2431
24.2885
17.2667
20.0263
24.8803
26.4273
22.5539
31.7851
21.8794
