9.7750
7.3969
8.2844
7.2600
7.1780
6.3318
6.9945
6.4134
6.7869
8.2567
6.8280
7.6775
8.7216
7.8802
8.4678
7.4932
9.4702
6.1300
8.4693
7.1330
7.6448
7.2140
7.6292
6.6999
7.9284
7.8359
6.4548
7.2378
6.5699
7.9030
8.1059
7.0704
7.1474
8.0584
7.3676
6.5577
7.4648
7.3475
7.6822
7.3448
5.8596
6.7998
8.0140
6.3747
7.3708
6.3993
8.0393
6.2215
6.7136
8.4528
6.7990
8.1616
7.0394
6.6137
7.4250
6.6636
6.8579
8.9619
7.7269
9.6416
7.3666
10.4139
7.6745
6.5090
5.9939
6.5880
7.4537
7.7002
6.4305
7.0267
9.3732
6.7747
7.7114
7.3393
7.0587
6.5870
7.0964
5.7471
6.3796
7.3548
7.0576
4.8144
7.9306
7.1881
5.8291
5.3681
7.8237
6.4325
6.4778
7.8462
6.5782
8.8798
7.7426
7.1921
6.8599
6.5955
7.2572
5.5925
6.8074
6.5549
7.9588
7.7123
7.8498
8.1431
7.4755
6.7261
5.7492
8.3128
8.9893
7.9917
7.3949
5.6213
5.7843
6.2630
8.6932
7.6388
7.3047
9.5207
7.5098
7.3916
7.5565
6.1185
8.3828
8.0329
8.1578
6.7268
8.6891
7.5421
8.6278
7.0122
6.9271
8.2192
8.0679
7.1491
6.8860
7.0080
6.0720
6.2896
5.9734
7.4176
6.9998
5.6879
7.8108
7.5884
7.2263
6.2379
8.2035
6.6252
5.3731
7.5790
9.3242
8.3896
8.1863
7.5750
6.4196
6.2839
7.2453
6.5033
5.9259
8.3376
9.7339
6.7874
7.9826
7.3089
7.9417
6.5009
8.1828
6.6002
6.4598
7.6872
7.7627
6.0643
7.1425
9.1870
7.8147
6.1098
8.1067
6.7446
7.0375
7.8685
8.1005
8.0941
6.0537
7.6131
7.2013
7.2350
8.8828
6.1622
7.1571
6.7178
7.2999
6.9433
9.7594
6.7881
7.3226
6.7751
6.6835
6.8055
7.8401
7.1576
