1.8354
3.2363
4.3090
5.7936
6.0053
5.6186
4.9576
6.4478
5.1167
4.6777
5.3209
5.9824
5.0010
5.5964
4.9473
5.0699
5.1699
4.8808
5.2246
4.9556
3.8792
4.9520
4.8873
4.7079
4.2557
4.5782
4.1587
5.4557
4.8001
4.8878
4.5031
4.4876
4.3124
4.4725
4.5587
4.6791
5.4945
4.8983
4.7217
3.9733
4.5751
3.7374
4.4984
3.6308
4.8391
4.4426
3.8408
4.7665
3.9954
4.2717
4.8981
4.6154
4.6018
5.1018
3.3519
4.2771
4.4922
4.7348
4.7787
3.9412
4.0737
3.5770
4.5536
4.3898
4.3748
5.0187
4.3102
4.3498
4.3495
4.0752
4.3899
5.3844
4.2643
4.2629
4.8125
3.3842
5.0740
4.8740
3.9028
3.8206
4.5192
3.5849
3.9412
3.2522
4.1898
3.4847
4.0614
3.7408
3.6963
4.2102
3.9771
4.7587
4.8716
4.2039
3.9935
4.0527
3.4721
3.5451
3.5594
3.8609
3.8295
3.7871
4.9351
3.5902
4.3971
4.3794
3.4018
3.9413
4.4938
4.4788
4.2288
3.4519
4.7934
2.8805
4.3764
4.1845
5.0436
4.2971
4.4597
5.5938
4.3108
4.0225
3.4889
4.5467
4.0918
4.0351
3.4923
3.3348
4.1820
4.3409
4.1720
3.4597
4.0416
4.3722
3.7245
2.8785
3.6501
3.8762
3.9989
3.5038
4.7108
3.6697
4.1209
4.4151
5.0486
5.2824
4.6918
4.6006
5.0820
4.8549
3.9867
3.6722
4.5471
3.8244
5.4055
3.9197
5.3344
3.4524
3.5888
3.4377
4.6967
4.3288
3.9393
4.7549
3.8322
3.4243
4.1309
3.5475
3.2744
3.7866
3.8828
3.6215
4.3473
5.5017
4.9007
3.7481
5.1051
4.1557
4.2461
5.0296
3.3202
5.0400
3.8591
4.2686
4.4313
3.6600
4.8832
3.7488
3.0574
3.5155
3.5272
3.6591
3.4747
4.0284
5.9842
3.9236
4.1446
4.2117
3.7006
4.0542
