2.5415
5.5232
6.8571
6.7122
6.8037
6.2871
6.1089
6.5634
7.1555
5.4612
5.3171
6.6250
5.6777
4.4013
5.4719
4.2841
6.4230
4.4606
4.2512
5.9580
4.4177
5.9389
5.4242
4.8468
3.9099
3.9064
4.7180
3.8713
3.7805
3.1017
4.0836
3.7445
3.7187
5.4770
4.1115
5.8830
3.7478
4.6084
4.1712
4.3659
5.5833
5.5277
3.4468
4.1820
3.6762
5.0707
3.1382
3.9593
3.5851
3.7610
4.1473
4.0010
3.1068
4.3710
3.4970
3.6844
3.6339
2.9086
3.9581
3.9984
5.1224
4.4711
5.7721
3.4409
4.7833
3.4638
3.7479
3.0121
4.0566
3.9037
2.8942
3.7966
3.7003
4.2320
3.7604
3.7398
2.7671
3.5030
3.3588
3.2902
3.0533
4.0799
3.9195
3.2837
4.0563
3.0227
3.9228
4.3270
3.0209
3.0206
3.6344
3.1477
5.9090
3.0509
2.4777
3.1697
3.4867
2.7726
3.1516
3.1444
3.8025
4.6701
2.9675
4.8624
3.3148
3.4007
3.0425
3.0492
2.5134
2.8997
4.1617
3.2980
2.8254
3.6983
3.5821
3.5960
3.1170
3.2601
2.7255
4.6897
2.8607
3.3394
3.5603
3.3777
5.2100
3.0616
3.3578
3.1890
2.9510
3.9008
3.2175
2.8360
4.2896
3.2738
3.6031
3.7146
5.0146
2.6126
3.3438
4.4516
3.1248
2.9880
3.5539
4.0299
2.5951
3.2722
3.8898
2.5882
3.3483
2.9763
2.7500
4.0003
3.2714
2.4660
4.0584
3.9948
5.9396
2.8316
3.6796
2.7050
4.4265
3.2733
3.6756
3.6244
2.9848
2.5934
3.2348
2.7086
4.9573
3.1056
2.4799
3.0854
2.9337
2.7555
4.2490
2.7368
2.3635
3.0615
3.1461
2.8720
2.4968
2.7770
3.2582
3.6747
3.1454
2.6824
3.2132
2.9016
3.3437
3.1836
3.2242
2.6378
3.2113
2.4290
2.9357
2.4409
2.6039
4.2228
2.4740
2.7614
