0.1894
3.4282
2.9275
4.0170
3.7744
3.9690
4.1840
3.7762
3.6722
3.6358
3.4286
3.2863
3.3511
3.7597
3.6006
3.8454
3.2675
3.2603
3.2214
3.4464
3.2205
3.6078
3.3608
3.1273
3.4276
3.2985
3.5423
3.2102
3.2099
3.2796
3.0416
3.0088
3.6505
3.1767
3.2068
2.9959
3.4051
3.3706
3.0229
3.1389
2.8598
3.1707
3.1350
3.0449
3.1412
3.3543
3.0717
3.3528
2.9980
3.1256
3.1618
3.7212
3.0036
3.0790
3.0064
3.2522
2.9044
3.1730
3.1335
3.1020
3.3317
3.1757
3.0911
3.3761
2.9267
3.3219
2.7863
3.1048
2.8969
3.0693
2.9577
2.9320
2.7987
2.8797
3.3961
3.4314
3.1080
2.9537
3.0159
2.7777
2.9744
2.8369
3.1406
2.8204
2.7545
2.7338
3.0410
3.4202
3.1907
2.8794
3.1360
2.8361
2.9931
2.6024
3.0221
2.8656
3.1042
2.9289
2.8387
2.8668
2.7333
2.7968
3.1009
2.7968
2.9283
3.1404
2.8249
2.7210
2.8877
3.2326
2.7220
2.7502
3.2384
2.7133
2.6934
2.7859
2.6912
3.1119
2.7336
2.8968
2.8882
2.6524
2.8146
2.6704
2.8200
2.6779
2.5901
2.7979
2.7100
2.8252
3.1396
2.9146
2.7397
2.7347
3.0195
3.1025
3.2285
2.6583
2.9688
2.7203
2.9872
2.8044
2.8878
2.9024
2.7206
2.7167
2.7929
3.1004
2.7217
2.8314
2.7319
2.6849
2.8751
2.5656
2.9075
2.5280
2.6633
2.5518
2.5028
2.5767
3.0716
2.8941
2.9269
2.4725
2.8169
3.5093
2.7495
2.8580
2.8422
2.7230
2.6848
2.8206
2.6306
2.7814
2.7847
2.7205
2.8537
2.7100
2.9287
2.7392
3.1727
2.6614
2.7119
2.7407
2.5807
2.5918
2.5364
2.6557
2.5826
2.7899
2.7138
2.6270
2.6160
2.5607
2.6748
2.6102
2.6032
2.6529
2.8672
2.7999
