3.0906
3.9711
5.2471
7.0962
10.8630
11.0491
11.1858
10.7338
12.3510
10.8462
11.1741
10.2844
10.9995
10.3064
9.9308
10.5104
11.0369
10.1241
8.4662
9.5185
8.9008
9.5019
9.0825
9.4073
9.5416
8.6852
9.1987
9.8153
8.7889
9.0450
9.0098
8.3910
8.5402
7.7298
8.6435
8.7275
8.6741
8.3573
8.7217
8.7123
8.2651
8.9363
8.5910
7.4762
8.6950
8.8120
7.5706
7.9535
7.9253
7.9558
7.7679
7.8755
8.3073
8.2171
8.3114
8.2944
7.6004
8.4557
8.0783
7.7635
8.0597
7.4740
7.5763
7.6631
7.5376
7.5099
7.9509
7.8745
8.2909
7.8280
7.5561
8.0907
6.8601
8.0792
8.1860
7.9016
8.6947
7.8216
7.2427
7.4979
8.2275
8.2649
7.5665
7.7283
7.4706
7.5443
7.7440
7.6801
7.2194
7.6890
7.3344
7.4735
8.6642
8.5439
8.9739
7.3395
7.4677
6.6142
7.3531
7.1883
6.9040
8.2802
6.8833
7.8354
7.8195
7.7570
7.4901
7.7991
7.5353
7.2153
6.7709
8.2368
7.3810
8.1575
8.0469
7.3945
7.3325
7.3880
6.8175
7.5881
8.2368
7.4973
7.5168
6.7016
7.1184
7.0376
7.5206
6.7420
7.0514
7.1547
7.5160
7.1296
7.7993
8.0449
7.0274
6.8780
7.2102
7.1604
7.0751
7.4169
7.4900
7.2083
7.2807
6.3755
7.1678
6.8132
7.0329
6.5040
7.9044
6.8421
7.4104
8.2087
8.1412
7.1977
7.5631
7.2243
7.6966
7.1243
6.1926
7.2775
7.8257
7.2555
7.0989
7.7979
6.6794
6.8789
6.2887
7.2943
7.3434
7.1694
7.5686
7.1367
7.1339
6.8938
7.4109
6.7867
8.0901
7.4901
7.4769
7.1136
6.7448
7.7942
6.2735
8.2576
6.7634
7.2614
7.2147
7.2841
7.2891
6.2711
6.9723
6.9740
7.2492
6.3813
7.0331
7.5878
8.0132
8.0751
7.0229
6.3897
