2.6949
4.2579
7.2985
7.9223
8.6236
8.2658
9.3501
7.3415
8.3473
7.5930
8.2097
8.6169
6.3639
5.5078
5.3637
6.3479
7.9550
6.4043
5.8280
7.0595
6.9573
7.0985
5.3511
5.6973
6.3862
6.0053
5.8734
5.9195
6.3272
5.2290
4.6309
4.2205
6.2356
4.9092
6.6532
4.6928
5.3440
4.9670
3.9921
5.3838
5.0330
5.4159
6.6178
4.6216
5.4341
5.7535
3.8351
5.9542
4.5092
4.0703
6.2765
5.3341
4.6818
5.3188
5.7468
5.0348
3.8766
3.6786
5.4474
6.3664
5.0578
3.5466
4.3526
3.9638
4.3111
4.4550
4.5882
5.7043
4.0543
5.3890
5.6081
5.0739
4.4305
4.7474
4.3724
4.9771
3.8020
3.7910
3.4953
4.3875
5.1460
4.4102
4.2861
4.9104
3.9945
4.6942
4.4747
4.4399
3.4874
4.3037
3.8855
4.7081
6.2533
4.4799
4.9434
4.0543
4.4258
4.8946
4.5078
3.4428
3.9224
4.4398
4.1530
4.2820
6.1814
3.9140
4.0889
3.7154
3.5759
3.8934
6.0060
5.6452
4.9581
3.7422
3.9838
4.6275
2.9018
3.7124
3.8767
5.2246
3.3076
3.8633
4.4151
3.7266
5.0905
5.0689
3.7400
3.6313
4.1762
4.7492
4.1364
3.5516
4.2901
3.3847
3.8215
4.9766
3.7550
4.1448
3.0395
4.0313
3.8768
3.3820
3.4804
2.8682
4.4385
4.6807
3.8469
3.5765
3.5858
3.0070
4.4394
4.0164
3.2523
3.3674
3.0714
3.5621
3.1896
5.0872
6.3421
3.1126
3.4198
4.4383
3.3667
4.5984
4.2107
3.4713
3.0561
4.0025
5.0272
4.2278
2.9779
3.7042
5.2162
3.8178
4.4263
3.9908
5.1939
3.6807
4.2883
4.5868
2.5123
5.7835
3.2015
3.6977
5.6350
4.0180
4.1394
2.6508
4.5461
4.5811
4.6185
3.6104
3.9153
5.3014
3.2632
3.3887
4.4917
3.9818
5.0350
3.5977
