6.8843
8.0627
10.1823
10.4182
8.7605
6.0377
7.8856
8.7533
8.5419
9.0082
8.4117
8.1038
8.6431
9.7206
9.7321
8.9185
9.9928
10.8246
9.7980
8.5561
8.8648
9.6363
8.4596
10.8728
12.6702
13.1322
9.8934
10.4492
10.2645
9.4144
10.1189
10.9861
11.3711
9.3323
8.6185
9.8168
10.2176
10.7130
8.1012
8.2213
8.9330
12.1701
11.0093
10.8766
7.4045
8.6574
11.0054
11.8458
11.0175
9.7447
11.0196
10.9595
9.3241
9.5415
13.0333
13.0908
10.1198
8.2390
10.8954
11.8353
11.6197
9.7102
9.9141
13.0100
9.2311
8.8823
9.5178
11.4015
11.8026
10.4919
10.6292
11.5536
10.6202
9.9899
10.0703
10.9495
10.0341
10.1284
12.9140
11.6389
10.9798
11.3572
11.9256
10.9538
9.6952
9.5893
12.4968
14.1431
12.0243
10.3586
9.7201
9.9591
13.5093
11.5591
10.4806
10.3524
12.0588
12.8062
12.3356
13.0072
11.7061
11.2008
11.7941
12.4912
10.4781
12.3172
11.6670
11.9475
10.9559
10.0901
11.4357
12.2684
12.0626
12.7784
12.4305
11.3283
11.0094
12.1318
14.4269
12.5501
13.3599
14.0534
13.4607
12.5174
11.4981
12.9189
11.4167
11.0999
12.0065
13.5502
11.7562
13.2036
13.7355
12.0483
13.1900
12.0625
13.9854
11.3207
12.0850
12.5830
15.2646
11.5580
11.5794
11.9474
12.7446
13.8368
16.6820
14.3459
11.9326
11.9266
12.6697
15.7000
12.6894
12.9689
12.8790
14.1008
14.9461
13.0609
13.0437
15.0235
14.8288
13.7115
12.9302
13.9278
14.6028
13.2695
12.8543
14.2551
11.1678
10.7767
13.4690
12.5760
11.7087
12.6112
14.9712
14.7074
12.5364
13.7334
14.7857
14.7995
13.1570
16.0431
14.6031
13.8434
14.3933
12.4415
11.9113
13.6640
14.6117
14.8208
15.4602
14.1645
12.6901
12.0107
14.1369
15.7852
13.2228
12.4857
14.6627
17.5508
