13.6958
9.1975
8.5626
8.2132
9.2451
8.7666
7.2249
7.1346
9.4117
8.5125
8.3278
8.2530
7.9273
7.2669
6.1183
7.8905
7.8903
7.1946
7.9482
7.8552
9.1752
6.9730
7.0350
10.2244
7.5673
6.3428
8.1558
8.6350
7.7516
7.9473
7.0160
6.9227
8.7922
6.5885
6.7035
7.6680
6.8321
10.0516
6.5374
6.7964
7.0388
7.3523
8.5872
7.7943
8.3965
8.5607
8.0969
7.9056
7.7059
7.5601
8.8653
9.5226
8.6958
9.1252
6.8443
6.7812
8.8835
6.8763
8.5278
7.9382
9.8544
5.9216
7.6249
7.3696
6.3489
8.2261
8.8270
6.6706
7.3582
8.7129
7.7531
6.6640
7.3615
7.8231
9.0219
8.8310
8.2168
6.6478
7.4459
6.4525
7.6428
6.7924
6.8397
8.0101
6.4816
7.6318
7.5167
8.8158
7.2223
7.6089
8.2100
9.4724
8.1364
9.9866
8.7504
6.3582
7.2310
8.4543
7.4390
8.5545
7.5091
7.7833
7.8975
8.3211
7.2579
7.7882
7.2504
6.7683
9.3246
6.8604
7.4561
6.9687
6.6827
6.6209
5.9582
7.6221
7.5111
7.1811
8.7783
7.1076
6.5915
7.4449
7.6180
8.4572
7.5523
7.0943
7.3242
8.4819
6.4016
7.0558
9.4786
8.8301
7.3129
6.8460
6.9082
9.7923
6.8145
8.1925
8.4466
6.8836
8.2875
8.0174
5.9441
7.0896
9.0074
9.3103
7.4706
7.9851
6.9146
8.0359
6.8982
6.6569
7.9722
7.8960
8.0965
7.7693
5.4700
8.0683
7.8061
6.5442
8.0055
7.7493
8.6268
8.5006
7.4296
8.2665
9.3873
7.2571
8.1517
6.4638
6.3451
7.5535
7.1115
9.4970
6.6130
7.8336
8.1083
7.4466
6.8331
7.6646
7.2912
6.9682
7.1096
7.0992
9.6663
7.5021
6.6185
6.1161
6.8331
5.8412
6.6700
8.6047
7.1700
7.4185
5.8927
6.7843
6.9388
7.2332
7.6903
8.7269
