2.0703
16.2867
17.7347
17.9611
18.4002
18.0409
18.0118
18.2686
18.4908
18.2771
18.3218
18.7042
18.8258
18.6911
18.5406
18.4659
18.8563
18.7688
18.2117
18.7167
18.2066
18.2725
18.6899
18.5119
18.3351
18.5516
18.7291
18.4524
18.4534
18.4352
18.9537
18.8859
18.3439
18.6280
18.6022
18.6464
18.3446
19.0087
18.5110
18.3279
18.7206
18.6909
18.5165
18.7337
18.6583
19.0729
18.4232
18.5551
18.4267
18.6359
18.4195
18.4030
18.3564
18.6536
18.8987
18.6016
18.7197
18.5996
18.8740
18.6315
18.5287
18.8573
18.6891
18.4220
18.3986
18.4826
18.8203
18.5466
18.4489
18.4364
18.5277
18.3895
18.4793
18.8062
18.6307
18.5167
18.4837
18.3814
18.9331
18.5172
18.5531
18.5021
18.3265
18.6265
18.8091
18.6052
18.7069
18.4055
19.0025
18.1619
18.4361
18.3865
18.3056
18.8395
18.6719
18.4662
18.7050
18.4639
18.5590
18.7437
18.4134
18.6308
18.5273
18.4216
18.9382
18.5450
18.6737
18.7049
18.5763
18.4426
18.6249
18.7070
18.7305
18.5154
18.8880
18.5650
18.1970
18.5479
18.7250
18.7605
18.8013
18.6136
18.6049
18.6713
18.8670
18.9307
18.5630
18.5590
18.7833
18.6521
18.6819
18.7216
18.5489
18.7728
18.6646
18.6123
19.1269
18.6964
18.4148
18.5076
18.9574
18.3252
18.7116
18.3702
18.2913
18.7695
18.3576
18.6691
18.9394
18.6371
18.6780
18.6956
18.2830
18.6043
18.5472
18.6914
18.6808
18.7675
18.6465
18.5206
18.8533
18.5237
18.7636
18.2448
18.6674
18.5035
18.8476
18.9272
18.6801
18.1435
18.6829
18.4560
18.5627
18.7148
18.4664
18.7916
18.4959
18.7965
18.5173
18.3425
18.4370
18.4632
18.4288
18.6027
18.9970
18.1941
18.7247
18.7330
18.2389
18.4133
18.4141
18.6306
18.4097
18.7055
18.7998
18.4100
18.7132
18.6585
18.4745
18.4874
