17.7944
10.5812
5.5807
5.3256
4.7536
3.9562
4.0560
3.9987
4.3165
3.4844
3.2348
3.7839
4.9657
2.4377
3.3354
2.7382
4.0651
3.1025
2.8680
3.5847
3.1123
4.0450
3.6833
3.1570
3.1966
2.6223
3.0953
2.8047
2.2888
2.1915
3.4649
2.0840
3.3882
4.1762
3.5375
5.0461
2.6296
3.7247
2.8286
3.0557
4.2471
4.3018
2.3724
2.2837
2.4223
3.8730
1.6665
2.8815
2.8825
2.5203
1.6284
3.5208
2.4641
3.4006
2.5191
3.1782
2.3974
2.2394
2.6044
2.5984
3.1410
2.8336
4.2796
2.5009
4.1864
2.3360
3.9250
1.8933
3.1132
2.9741
2.2093
3.5145
3.2513
2.5329
3.4846
3.7838
2.9981
2.5060
1.8795
2.1442
2.9260
3.2499
3.2605
2.8934
3.6641
2.6981
2.4662
3.4283
2.0799
1.9080
2.8552
2.7360
3.1886
2.8154
1.5052
2.0727
3.1342
1.9187
2.2715
2.3139
3.1355
3.6936
2.3374
3.0712
2.4401
2.5379
1.9907
2.5456
2.1596
2.2251
3.1709
2.2732
2.9104
2.6978
2.4391
2.5211
2.1839
2.3817
1.8008
3.8051
1.9738
2.5012
1.9761
2.7409
3.8209
2.3385
2.7865
3.1987
2.4130
3.1205
2.5358
3.0087
3.0591
2.4044
3.4876
3.6511
3.4435
1.8207
2.4888
3.3585
2.4719
2.3905
2.9861
3.3347
1.4449
3.2669
2.1400
2.1174
2.0464
2.7254
1.5804
3.2624
2.7994
2.0447
3.1228
3.2113
3.1996
1.5871
2.6918
1.9323
2.8674
2.5273
2.7363
3.0319
1.7235
1.2727
2.5316
1.8711
2.9983
3.5355
1.8843
2.2320
2.1302
2.0542
3.1609
2.1082
2.2798
2.7981
2.7532
2.0114
1.5104
2.0975
2.6245
2.8623
2.5192
2.0983
2.6415
2.3578
2.7846
2.2356
3.7437
1.3178
2.0242
1.4435
2.7288
1.9573
2.2381
2.5718
1.4917
2.5101
