2.6019
2.9543
5.6257
7.9544
9.0708
8.5803
9.0331
9.8454
10.0492
8.9181
8.7375
9.1110
9.8791
9.0996
9.7310
10.8301
10.3830
10.5263
8.6180
11.4494
9.7618
10.7490
10.7258
9.6991
10.3409
10.6913
10.5141
10.2944
9.3272
10.6911
11.4762
13.2410
9.8126
10.3389
9.9171
11.7699
10.3975
9.7948
10.6255
11.1830
11.2447
10.1823
10.1736
9.6562
10.1059
10.0200
9.4869
8.1072
9.9007
8.0802
12.0696
8.0831
10.7159
9.7313
12.7842
7.0749
9.5030
10.6548
9.7060
9.8413
8.0799
9.4862
6.7954
9.4450
10.0067
10.3796
9.6777
9.7308
9.1128
9.1596
9.4388
10.8227
9.7820
9.5944
9.3197
8.2246
9.7528
9.7601
7.9559
9.7301
8.9355
8.7711
9.8133
10.3299
9.2958
10.3708
10.7879
10.0086
10.2797
7.4572
10.1967
9.1349
11.1164
10.4432
11.1902
10.9261
9.6554
9.5570
10.0784
8.1235
8.2947
8.5550
9.7334
8.7117
9.8466
8.1090
11.0514
8.8019
9.4935
10.2680
10.8494
9.6941
9.4067
8.7597
8.2519
9.4354
7.7269
9.3345
9.7276
11.2188
8.3397
8.3342
10.7648
9.2812
11.3370
9.9823
8.1269
9.9688
9.1844
10.2198
8.4096
8.6672
9.5339
9.4831
9.3743
10.6432
9.3157
10.2432
9.4887
11.3502
8.2792
11.1028
9.6643
8.9793
11.0029
11.5936
10.9000
8.7168
7.5718
8.2988
9.1637
8.5122
8.8672
10.3304
8.5977
9.1488
11.0754
9.6246
11.1141
9.6345
7.2322
8.3061
7.5769
8.2067
9.7054
8.8185
9.5117
7.5802
8.2208
10.3043
8.9652
7.8264
10.1072
8.6874
9.3318
9.7912
9.9934
7.5487
9.8752
11.0601
6.8054
10.1519
11.1136
8.3429
9.3343
9.9338
9.2045
7.5766
9.3921
9.2166
13.1846
10.0259
8.8415
8.3799
7.6531
8.8293
9.1582
8.9773
7.6422
8.4214
