5.1833
2.7225
4.7890
4.5532
6.6467
6.8258
7.3882
7.4900
9.1821
8.2800
9.3101
9.3354
10.6150
10.9570
10.9893
9.3610
11.3748
11.5633
12.2484
10.4818
13.1015
12.9983
11.3257
11.1807
17.7443
12.7910
12.5458
13.4185
13.0314
11.7785
15.6760
14.1835
16.6160
12.1483
16.1861
14.4919
14.6643
14.0441
16.3568
17.3683
13.3779
16.4257
16.7979
16.3350
14.5992
16.7419
16.4181
14.3068
14.5555
16.2270
17.8080
15.5309
15.2664
15.9888
17.2850
15.1595
15.2822
17.2468
17.1215
17.3186
19.3910
17.3789
20.4308
18.2371
17.1590
13.9132
16.6749
15.2326
21.9527
16.7897
17.9000
14.6115
19.1065
17.4892
18.4256
19.0492
15.5328
20.6099
18.4176
19.5265
17.5247
18.3630
16.5983
17.2985
20.6639
17.1368
16.0141
16.2547
16.4731
17.2245
19.3030
18.2290
18.4239
18.8306
21.4820
20.4881
15.7805
19.0570
20.2572
19.2492
18.9573
15.9828
19.2590
18.2969
23.9864
22.4387
19.3983
19.7904
21.3469
20.0287
20.2918
23.4742
19.4155
20.2567
26.0452
22.6215
20.8319
25.7658
20.2825
19.7921
17.1579
20.9411
21.5497
19.4099
20.7206
19.5945
19.0928
22.8468
21.6084
20.7935
17.6990
22.6932
19.8724
21.8341
23.2382
20.9802
25.1885
22.2159
21.8992
20.3501
26.8231
23.5112
20.6912
21.8863
22.9578
19.3205
21.2355
27.8382
21.3713
20.1116
21.4390
24.1438
23.4868
22.4420
20.7642
19.6985
20.9503
21.7677
24.4636
21.4210
24.7178
20.7057
20.8089
22.1078
25.6054
27.1960
21.2642
22.2302
22.1212
19.8314
22.6431
21.4604
30.3996
23.6118
22.2231
24.3248
24.4150
26.4382
21.9363
25.5406
22.9820
22.6571
29.1623
24.0286
23.8904
20.9813
21.9608
23.7109
24.4511
27.7219
23.7496
28.6779
28.1802
22.2585
20.9776
27.6629
29.3909
23.0534
25.7876
25.2236
