1.6350
2.3661
3.4769
5.2392
6.1449
5.8806
5.1028
6.3084
6.0014
5.8311
5.6956
4.7030
5.6304
4.8281
4.5620
5.1025
4.8366
5.4667
4.4553
4.5047
7.4707
4.4690
4.4412
6.0027
4.1596
3.9961
4.2584
4.6220
4.9872
4.6771
3.7250
4.1721
4.6919
4.4235
5.7000
4.9814
3.9511
5.8164
5.3638
4.3006
4.0920
4.2732
3.9012
4.0845
3.9733
4.9435
4.3811
3.7953
4.1509
4.1606
3.9223
6.7901
4.0484
5.2854
4.0782
3.2602
3.7276
4.1779
4.2979
5.0130
4.2876
4.6285
4.4024
4.1704
5.7948
5.0676
3.7257
4.3180
3.9624
4.4992
3.7711
4.7239
4.2578
3.8370
3.5795
3.6635
3.7371
4.0647
4.4660
4.6334
4.4276
4.3086
5.2381
4.0297
5.0863
4.0253
4.2536
4.0468
4.9891
3.8451
3.9960
4.6987
4.2723
3.9304
4.6327
4.3385
4.8285
4.8424
4.5393
4.6497
4.4034
4.2835
5.1255
3.7089
4.9196
4.1049
5.1981
4.1453
4.2415
5.5126
3.8934
4.2449
4.5353
4.3564
4.2959
4.6920
3.9863
3.9279
3.9652
5.0451
4.2306
3.8872
3.6747
4.4173
3.9703
3.8881
3.6163
4.1421
3.8597
3.7761
4.0879
3.8536
4.0301
4.3014
3.9848
3.8371
3.5471
3.8627
4.4883
4.9607
3.5534
3.2752
5.3257
4.3522
3.6456
4.1696
3.7721
4.1999
3.3818
4.0241
3.6825
3.4274
3.6943
4.9688
3.1360
3.9641
4.1584
3.5461
3.5956
4.0981
3.2500
3.9074
4.2911
3.4009
4.1754
3.4772
4.7852
4.2573
3.7569
5.7887
4.1228
3.8172
3.5395
3.6715
5.2367
4.0750
3.3851
3.9736
3.9052
4.5093
4.7077
4.4721
4.7373
4.8054
3.9039
4.0408
3.3525
3.4576
4.7642
4.0816
3.2710
3.6767
4.3302
3.4124
3.6811
3.8926
3.1107
3.5568
3.7170
4.0456
