2.5263
2.6091
3.6594
5.2089
5.9941
8.3530
8.7568
5.5146
6.4905
5.9387
7.6995
6.4186
4.9599
5.4795
7.6651
5.2379
4.9528
4.6939
6.1133
8.2363
5.7204
6.5010
5.4718
4.6811
6.4526
7.8665
6.8948
6.1874
5.9981
4.0952
7.4498
5.5551
5.2003
3.7496
6.0692
6.7509
5.7257
5.4992
5.4274
4.8232
5.6442
4.1723
7.3816
8.5098
4.9684
6.0990
5.1971
4.4511
6.8390
4.4431
6.1605
5.3284
5.1937
4.6347
4.9375
5.7423
5.8298
5.3119
6.3779
5.0954
6.4224
4.5419
5.4230
4.8420
6.0346
5.7869
4.5546
7.3864
5.0965
5.0874
4.2319
6.3907
4.5705
4.6058
6.1850
6.5108
6.4092
4.8900
4.4164
4.8288
3.9418
4.6069
6.4621
5.8442
6.1304
5.0731
4.2597
5.1822
4.5664
4.9795
7.2758
6.0133
7.1362
4.5841
5.3101
6.5892
5.7050
4.8071
5.6287
5.5992
7.1607
6.9925
7.1992
4.9245
5.4063
5.9978
5.9301
3.9708
6.6015
5.4904
4.0701
4.3691
5.1197
5.8447
3.7170
5.2786
4.9994
4.5351
5.3432
4.2196
4.7672
5.7661
3.6269
4.0358
5.1695
5.6130
4.9452
5.2307
4.2193
5.6699
5.4309
4.7872
6.4350
4.0546
5.8231
4.0464
4.4353
4.6971
3.7548
4.9023
7.4001
4.7406
6.7168
5.6369
5.3106
4.7686
4.8393
4.3306
6.4724
4.0523
4.8410
3.6915
4.5423
4.2121
5.9619
4.4099
4.3254
5.3550
4.7194
3.9127
5.2376
4.5872
7.7985
4.4749
6.8489
4.3675
4.7046
5.0536
5.8067
5.4835
4.5229
4.3422
4.8099
5.1299
5.8482
5.7585
4.5148
4.1059
5.8578
6.1656
5.1797
4.9118
4.2982
5.3238
5.4247
5.1363
6.4026
3.7441
4.4486
4.5995
6.0002
4.8270
4.2353
4.4939
3.9073
4.5738
3.7787
2.9094
4.5498
4.8179
