10.8605
6.7029
8.0766
8.6116
7.6293
7.9809
7.9894
7.4230
8.4428
7.0174
7.2227
7.0915
7.3853
7.4674
7.9326
8.7537
8.0635
6.6382
8.0019
6.7310
7.2662
7.8393
7.8989
7.6162
6.7894
8.7872
7.8151
7.3864
6.8995
9.7096
7.8055
7.5415
7.3680
8.4006
7.5529
9.3028
9.0642
8.0415
7.3394
9.1410
9.3957
8.4866
7.4299
8.0846
8.1227
7.8545
7.4192
7.0668
7.8234
6.7325
7.0807
7.3421
9.5674
7.0568
7.2934
7.1806
7.5956
7.4945
8.4561
7.8850
8.6886
9.0892
6.8097
8.9735
7.7076
7.5876
7.1314
7.9603
7.0403
7.2202
8.6456
7.9864
8.5769
6.8632
7.5570
7.3714
7.4627
7.4562
7.9338
9.0189
8.3738
8.0659
7.8664
8.2813
8.3752
8.7091
7.3275
9.9411
7.2523
6.2814
7.0347
7.1852
7.5971
7.9817
7.7247
9.3343
9.7975
7.0330
7.1128
6.9933
7.6230
7.9294
7.3601
7.2979
6.7339
7.6624
7.5758
9.9252
7.0296
6.8690
7.2941
6.8515
6.7090
6.6334
7.6814
6.7880
8.9760
7.8239
7.4172
8.0135
6.0835
8.1897
8.0527
7.7225
7.3185
8.6453
7.0303
7.2858
6.6313
7.5152
8.3613
8.0843
8.1327
7.2146
7.6043
6.5376
7.4581
7.3909
7.4435
6.9932
7.7282
6.1532
7.6655
7.1457
9.6615
7.0713
6.5420
8.3994
8.3522
6.9789
6.8901
7.0471
8.9361
7.8983
8.8188
7.9211
7.6615
7.6214
8.6196
8.4126
7.8018
6.7501
10.2031
7.5739
8.7138
8.0668
8.0305
7.3282
8.0841
7.2160
7.4448
8.3524
9.4765
8.3275
8.8641
9.7377
6.8486
6.9259
7.6233
8.9435
8.8069
8.1262
7.2569
10.2401
7.0989
6.9471
7.4926
6.7894
8.0511
6.8927
7.1434
6.8304
7.0364
7.5031
8.4852
7.5046
8.2721
8.0766
7.7310
8.1209
