16.4667
9.1299
6.9404
7.7742
6.9641
7.9578
6.3717
6.1117
6.2639
5.4175
5.6184
5.5796
5.9779
5.5454
7.1216
6.4308
5.4625
5.8092
6.9829
7.2703
5.8185
5.2850
6.3540
6.1884
6.0005
5.3937
6.2007
5.2613
6.8818
5.3373
5.3345
6.1685
5.4981
5.9922
5.0910
5.2817
5.7804
5.3710
5.4609
5.5433
5.6591
5.9784
5.3695
6.2311
6.4875
6.8074
6.2273
5.4073
5.2584
5.4436
5.9013
6.3542
5.1965
5.9780
5.7716
5.4027
6.0356
5.3249
5.1046
6.2158
5.3053
5.4629
6.8264
6.7408
5.7209
4.6837
5.3023
5.7919
5.6255
5.3893
6.6230
5.3293
5.7239
5.9924
5.3109
5.9722
5.1274
5.8950
4.8425
5.1892
6.0854
5.5454
6.7016
5.2991
5.5650
6.2589
5.3628
5.4847
5.1396
5.6234
5.0669
5.5133
5.8452
5.8776
5.9154
5.5313
5.9303
6.1365
4.6923
5.3433
5.5365
6.2469
5.1487
5.4848
5.1385
4.9937
6.0975
5.6070
5.1312
4.5499
5.4831
5.5704
6.0000
6.0467
5.1277
4.6021
5.4628
5.4552
5.0866
5.4832
6.8098
6.3457
5.2237
5.8749
6.7669
5.5666
5.6505
6.5710
6.2926
5.8610
4.8250
4.5596
5.1471
5.7561
4.9717
4.9239
5.6858
5.6365
5.2244
5.7161
5.6226
7.3782
5.9135
4.7138
6.0558
5.8018
5.9304
4.8643
5.9844
5.6015
5.1422
5.9959
6.7704
4.7063
7.0896
6.3555
6.8605
5.1618
5.1793
4.5448
4.8914
5.2026
5.1013
5.0407
6.3384
6.1754
5.9441
5.2193
6.0489
5.7035
5.7606
5.9905
5.2665
5.3739
5.6832
4.6956
5.4453
5.1799
5.6808
5.8463
5.7706
6.6373
4.7685
5.7548
6.5643
5.2089
5.1212
5.8322
5.9360
6.0364
4.8255
5.2859
6.4890
5.5818
5.4035
5.7338
5.0698
5.2943
6.2458
5.0733
