5.5423
5.9757
11.4120
15.9437
16.8060
19.9335
18.5219
20.6020
17.9757
19.0156
17.8609
17.5897
19.2638
17.0186
18.8434
19.2990
22.0223
21.4474
21.0896
23.0250
20.8323
23.9357
26.1945
22.9458
23.0972
19.9862
23.5282
21.7657
21.9000
21.4373
22.8137
25.2614
25.9241
23.0259
25.8399
25.9625
23.6612
27.2309
23.7812
29.0941
22.7735
24.6736
26.8839
26.6860
28.9968
25.4148
25.4898
23.0611
24.0120
26.2162
25.0951
26.7277
24.3050
26.2536
32.4418
31.4753
22.9516
26.9975
30.6081
27.5961
27.3284
26.1807
30.2908
30.4552
32.3838
29.6895
30.7621
31.1419
41.8678
37.9116
34.8012
34.1795
39.8603
35.3431
34.3752
38.6896
31.5821
39.0634
32.5153
45.3065
32.9108
36.2360
42.1298
37.0675
40.5883
39.4784
40.2849
41.7450
40.1290
39.5935
32.6823
35.7507
38.8861
43.2952
18.3977
32.1880
31.0910
30.8809
41.8928
43.1277
45.9486
40.9943
42.7864
39.8839
40.1907
39.6139
46.8504
45.4046
42.9671
42.7593
39.1297
41.6577
42.8903
47.2763
43.6042
45.3740
39.9912
44.7168
52.9645
48.3929
48.7816
54.0893
43.8380
41.3659
42.3429
40.7842
53.5025
47.4622
48.5099
43.1638
47.7073
49.4613
55.4927
61.2094
49.4504
61.0565
45.4511
47.9342
53.7402
54.4487
50.1021
49.2493
59.4165
48.3799
56.7171
50.1447
54.2295
52.8419
47.8110
52.3653
56.3122
53.3503
51.9861
64.1754
47.8316
55.9013
56.3630
42.1328
56.8601
54.1119
58.3018
58.2534
50.8082
49.6467
57.4469
62.4790
56.1041
48.4325
76.4168
50.3073
60.5360
59.1643
75.4904
56.7798
55.3582
57.7376
54.6433
67.5198
50.7809
58.8656
59.0441
61.3361
53.3097
61.4799
47.3356
53.1704
57.6822
55.7261
53.7871
51.9213
56.5637
53.4553
64.7739
67.5841
61.9293
53.9311
57.3510
66.8852
66.4843
71.3347
