4.6623
7.4093
10.7367
12.5331
13.8627
17.4841
18.2329
16.4727
18.5799
18.6713
18.5940
20.9859
20.5407
20.5101
19.6852
20.7161
18.7101
17.2258
20.6323
19.3166
22.2156
23.4160
22.5250
20.3850
21.2392
19.2368
19.8340
19.0710
18.9977
20.5466
17.6033
17.3834
19.2190
18.5474
19.7693
20.4631
19.4439
17.9321
18.5184
17.4485
19.8420
19.5017
19.4087
19.1834
17.3767
19.9581
16.4397
18.1993
20.8811
15.3224
21.3963
18.1419
19.1513
17.8867
16.6429
18.8573
18.1673
20.1332
18.8220
18.5103
19.7077
20.8539
16.2272
19.1123
17.3666
21.4421
18.4487
16.4614
17.6285
19.5137
20.0265
16.6399
17.5144
19.8600
16.3021
20.3539
15.9211
18.4220
18.4009
19.8336
20.6777
17.7428
15.8181
16.3456
16.7803
20.9128
14.1027
15.4404
14.6342
16.0941
18.1997
17.3624
18.0049
16.5233
14.2328
14.6369
16.8076
20.4408
16.3218
14.4455
15.5955
18.1111
15.2078
18.9286
17.5695
14.1337
15.9977
18.5212
12.2867
15.7882
16.4852
15.4142
14.0814
14.9518
13.0889
14.7851
12.6863
18.0600
14.8057
15.0303
15.2122
16.2812
15.3907
15.3530
14.7851
13.0732
15.6730
14.0842
14.7861
22.3971
17.0845
14.9628
15.5193
18.5392
13.4628
13.6954
10.0712
13.5103
16.2351
14.6102
15.3436
13.6742
13.2167
17.6798
12.8558
12.9330
14.8531
11.8774
16.5764
16.2410
11.7976
16.6614
18.0435
15.3477
15.8552
12.4304
13.0644
14.7774
14.7136
11.0989
13.9966
12.3688
16.2304
17.2340
14.5338
17.0374
14.8139
19.2762
13.0036
14.6807
16.2560
14.6757
16.4573
20.3552
17.4099
14.9837
15.2752
13.3491
14.7326
14.9192
16.2248
11.5438
13.0740
14.5489
14.0595
20.7220
11.7574
14.7945
17.1325
17.4921
16.8918
18.8938
20.9554
16.5587
13.3245
11.0468
17.0312
16.6658
17.9600
21.2560
