3.0906
3.6322
5.4841
7.3386
8.0725
10.1511
12.4549
13.8181
13.5800
13.0651
13.1322
14.4648
14.2703
12.4248
11.6110
13.3054
8.5603
7.7467
7.2652
10.0610
6.1315
7.7609
7.3132
8.8057
9.3400
7.1888
7.4784
9.5258
12.3690
9.1479
8.2722
11.1085
10.3556
8.8066
12.2108
11.7668
11.8034
12.7289
11.3164
12.5403
11.3200
13.3669
13.0605
11.4792
13.2238
10.6673
10.8090
11.5731
13.9158
12.3380
14.0470
14.3965
10.1809
12.0096
15.2992
14.1392
17.2611
11.3374
10.3677
11.6841
14.1788
12.9713
12.2123
12.9878
14.5931
12.9245
11.2342
10.4932
15.2857
12.7792
13.1623
13.1750
13.9621
9.1915
11.4604
10.9702
11.9714
13.1965
11.7624
12.9576
11.4205
11.5541
14.1491
10.9345
11.4010
11.8180
13.8562
10.7253
10.9065
12.7425
12.3539
10.8547
13.7120
13.3925
13.1017
15.1886
13.0519
11.8814
10.2290
11.3593
9.1489
10.0345
11.6509
14.3905
11.0789
10.0612
13.7825
11.4608
11.7473
13.9903
12.2315
10.9470
12.9803
10.5678
13.0600
13.9373
16.1124
12.5838
10.3771
13.2616
9.2319
10.1943
11.5288
11.1317
13.2180
9.9688
15.0135
14.1325
10.6049
11.8394
11.9470
9.3469
9.7155
10.4166
9.8560
10.3059
10.1959
10.4635
10.2152
13.5887
10.5282
10.3981
11.3997
12.2093
11.8143
11.8370
9.9889
10.3088
10.6172
11.3771
10.5963
11.9062
9.7583
12.5550
12.2676
9.8576
11.2607
11.8101
10.1080
11.6361
10.3446
9.0583
8.6911
13.2340
9.8604
10.2976
9.0813
11.0569
9.1986
9.7818
11.3091
9.3782
9.2481
8.9736
8.6629
10.8499
9.3071
11.9911
9.8259
13.4110
9.1017
9.0754
10.8894
10.2662
8.2470
8.9282
8.0346
7.6391
8.4731
10.7546
9.7124
10.0155
8.6754
7.9895
8.0005
7.4565
7.5496
9.3169
8.6052
9.1136
