2.5493
2.1000
2.9562
2.7034
4.0456
5.2758
5.4117
4.6142
5.9231
5.5773
4.5200
4.7890
5.4011
5.0521
4.3874
4.6956
4.9986
4.7075
5.3770
6.8135
5.3331
4.7159
4.7402
4.2094
5.5437
6.1851
4.9434
4.9571
4.6108
4.8941
3.9864
5.1345
4.8796
5.4370
4.6540
4.5632
4.9468
4.8175
5.3618
5.3739
4.9237
5.3930
5.3149
4.4499
4.7304
5.5831
4.3474
5.0096
4.1751
4.3863
5.3031
4.9950
6.3817
5.8392
5.0198
5.4170
4.3134
5.2791
4.1142
4.1537
4.4528
4.6884
4.9480
5.1111
5.6722
4.7543
4.4529
3.9674
5.3311
5.2200
3.6396
3.9623
4.9097
4.6810
5.4639
5.3937
5.0097
5.3293
4.6859
5.1491
5.0066
4.9933
5.3480
3.9124
4.9290
4.6433
5.3943
5.0814
5.1210
5.1782
4.7351
4.8087
4.5497
4.9417
5.2689
4.9803
5.2616
4.7595
4.1400
3.6232
4.6190
5.3031
4.8650
4.7469
4.3232
4.6645
5.0152
4.8464
4.3647
5.1108
4.9654
5.9157
4.2997
5.0524
4.6529
5.4976
5.0091
4.8108
5.1468
4.6452
4.8716
5.3753
5.5793
4.3285
4.5915
5.9972
5.0721
4.6034
4.6234
4.9632
4.2295
4.2924
4.9080
5.6879
5.9818
5.1371
5.4852
4.9944
4.8857
4.8364
5.6875
5.1177
5.1186
5.6361
5.0086
4.9781
5.8377
3.8618
4.7799
5.7029
5.1823
5.3627
5.3511
5.2521
4.8001
5.2812
4.6803
5.2804
4.4288
4.9023
5.7596
5.0030
5.1283
5.3333
4.9770
5.2616
4.6375
4.5488
4.9589
4.7832
5.8724
5.6986
5.6287
4.9020
5.9212
5.7454
6.0826
5.3006
4.9135
5.1902
5.8035
5.6270
5.1402
4.6399
5.4406
5.4133
5.4698
5.6871
4.3599
4.6032
5.1381
5.6785
5.6896
4.8269
5.4027
5.0117
5.9174
5.6946
5.5363
5.2121
