13.3072
8.7707
9.7824
10.1359
9.5616
8.5184
8.7931
9.5316
10.6064
9.4107
9.0100
9.0641
9.0543
9.6172
8.8928
9.5665
10.5763
9.9721
9.1754
9.4583
8.2559
10.2406
9.0537
9.9990
9.3353
9.2200
8.8891
9.6281
10.9528
9.8012
9.6628
9.2600
10.3171
9.9378
7.6531
10.5713
8.7191
10.6441
9.4507
8.8775
10.9236
9.8313
9.3672
8.5854
10.4090
9.4204
11.8982
10.1076
10.4661
8.5957
9.5587
9.2101
9.0792
8.0487
8.8842
10.2625
9.0328
9.8121
10.2455
9.7516
8.1046
8.9880
11.1732
9.7225
9.4351
9.1327
8.7943
9.9347
9.8597
10.2137
9.0187
8.2909
9.4595
8.2176
9.2668
8.2997
10.0703
9.9266
8.7326
10.2521
8.9040
9.4833
10.1012
9.3853
9.2214
9.1353
9.8270
8.8132
9.9124
10.0743
9.6717
10.0484
8.3762
9.0919
9.9941
8.0700
10.1536
9.0106
8.7768
9.7556
10.2149
9.3406
9.7300
8.4439
9.3933
9.6369
8.6943
9.3104
11.1501
9.2447
8.9892
9.2741
10.0176
8.9564
9.2842
9.9964
9.3182
8.9199
8.8276
9.1594
9.7590
9.8355
9.2562
10.4544
9.7154
9.2157
9.6122
10.3221
9.8020
8.6550
8.3845
8.0928
10.1667
8.7480
9.1160
8.4174
9.2175
10.7086
9.7295
8.0468
9.7220
9.1154
9.8258
10.6870
10.0818
9.5530
8.1203
9.5043
9.2634
9.8204
10.7035
9.7870
8.6419
8.8894
9.1109
8.9117
8.5821
9.3681
10.7179
8.3087
10.7560
9.8795
8.4613
9.5209
10.0696
9.2203
8.3748
9.7677
8.9508
8.1159
9.1149
8.5135
9.7858
9.7612
9.1652
8.7315
8.9459
10.8635
11.5413
9.0499
9.5537
9.7469
9.0799
8.8355
9.2953
8.1805
8.1412
8.2513
8.2355
9.1655
9.3361
8.9280
10.1053
8.2946
9.3428
8.3294
8.8185
8.7511
9.1692
9.4929
