3.2494
1.6395
1.5992
1.5388
2.4115
2.7305
3.1575
4.2176
3.3972
5.4323
4.4688
4.7220
5.3555
3.7472
4.1053
3.8304
5.9148
5.2126
4.2630
5.0400
4.3931
4.8215
4.6806
5.1751
5.5732
5.8373
5.2167
5.2667
5.3135
4.4505
5.4420
4.7380
4.8050
4.9815
4.4908
5.1932
4.8398
4.9524
5.0955
5.1136
5.6152
5.6624
5.0403
4.8558
4.7642
4.6804
5.4820
5.3268
5.0149
5.9581
5.2904
4.6710
5.0270
5.2457
5.1208
5.7589
5.4934
5.4504
6.7043
4.7784
4.9089
4.7421
5.6174
5.5684
5.6500
6.1108
5.5362
5.3195
5.2767
5.2736
5.3900
5.5210
6.4102
5.1602
5.0894
4.5697
5.9642
5.1733
5.1900
5.4683
5.4037
5.1520
5.7671
5.1399
4.9267
5.1141
4.7998
5.7040
5.2107
5.2930
5.2647
4.9774
4.8726
5.3745
5.3010
4.9461
5.0259
4.9139
5.7705
4.9866
4.9353
4.7039
4.5675
5.4931
5.6541
5.5947
5.7487
5.8486
5.6414
5.1013
4.9340
5.2997
6.0614
5.9373
6.7778
7.6600
6.2329
6.5744
5.6370
5.3634
5.4188
5.5128
5.7967
5.3667
6.1931
6.4236
5.8341
6.6613
7.1573
6.4406
6.1428
6.1457
5.3568
5.3071
5.2521
6.6526
5.1359
5.6035
6.3642
6.9125
8.0542
5.5564
6.0827
5.5417
5.8515
5.8075
6.2998
6.2070
6.9537
6.4248
6.4553
6.6666
7.0636
6.2158
6.7642
7.2830
7.6394
6.8390
6.0161
6.0639
6.8496
6.5059
5.7073
6.4067
7.3584
6.8025
6.8086
7.5951
6.8329
7.3668
5.8925
6.2077
5.7590
5.8840
5.7832
5.7476
5.9670
5.4016
6.3983
6.2654
5.9861
6.8710
5.5875
7.3932
6.0328
6.9176
5.8143
5.9516
7.9357
6.0834
6.9606
7.9708
5.7786
5.7113
6.2922
6.3620
6.4803
6.1072
5.9460
6.2191
