18.8673
10.7083
7.3189
8.5365
8.3903
6.5924
7.3969
6.9962
8.2773
6.7140
8.0717
7.5935
6.8189
6.5267
7.0654
8.2028
7.9355
10.1883
7.4276
7.2358
8.7433
6.7955
8.1581
7.9486
7.5115
7.0668
7.7857
7.1694
7.1589
8.4514
8.0150
8.1294
7.0734
6.2251
6.8338
7.5017
7.8742
8.2885
6.3630
7.7306
8.4179
7.3625
6.6184
6.3968
6.7023
6.1226
8.5179
8.6926
7.6495
6.1950
8.4789
8.4024
8.0870
6.9379
8.7690
7.8074
8.3046
7.8082
7.2338
7.5552
6.4564
8.4464
8.3167
7.1630
7.7281
7.6547
6.8597
8.2715
8.3458
6.8299
7.5296
7.3326
7.4206
8.4481
7.2483
8.9692
8.1762
8.0961
7.9200
8.1170
8.3618
7.3415
6.8761
7.4421
8.7146
6.6797
8.1808
5.9832
7.7916
7.5832
7.9159
5.7957
7.8389
7.9212
7.3373
8.6199
6.7206
6.3460
8.3624
6.6304
7.7267
7.6439
7.6212
6.9150
8.9378
8.7820
5.7844
6.9878
7.2102
5.8652
8.2865
7.3022
8.1037
8.0739
7.8699
8.0571
6.8013
6.3355
7.1964
7.8241
6.7696
6.6514
7.1933
9.0657
8.1884
8.5083
6.9630
6.6467
8.1998
7.3174
9.7502
6.6935
8.7406
7.1385
7.1836
6.9449
6.6022
6.9610
5.6672
6.2426
7.7446
5.9673
6.2487
6.8679
7.0594
5.9020
7.9618
6.9657
5.9329
7.3038
7.7294
10.2030
6.6563
7.2287
6.6834
5.6303
8.9704
6.0781
6.9979
6.3413
7.7189
6.4808
9.4298
8.0702
7.6255
8.1080
8.7102
7.0126
8.0037
6.8835
8.0102
8.9141
7.0278
5.9693
6.7892
7.0560
7.2398
7.4282
6.1968
7.7375
7.2494
6.8110
7.0696
7.1805
7.3117
7.4201
5.7447
6.2518
6.9366
8.2805
5.4631
7.9889
6.6326
5.9566
7.8364
7.0426
9.0665
6.9692
6.2715
6.2744
