13.5982
12.4464
9.8307
9.0058
9.0965
9.3182
8.2552
7.8745
9.7784
10.6076
8.9786
8.6454
9.3955
7.9238
8.9914
9.5247
8.2334
7.7008
9.5756
8.1296
8.8947
9.3065
9.2786
8.8980
10.1616
11.1239
11.4645
9.3075
9.8655
8.5794
10.3009
8.8146
10.3953
9.3564
9.1522
8.6230
9.2689
8.3700
9.2507
8.8350
8.9562
9.4267
7.8294
8.0398
7.5753
8.5107
9.7433
9.1164
9.0542
11.3754
7.9054
9.8671
9.4559
7.2681
8.9366
9.7403
9.2462
9.6553
10.6603
8.4474
8.6881
8.0354
10.1348
9.7190
9.8029
9.9664
8.2930
11.3038
9.7572
9.0028
7.8257
10.1666
10.4567
8.6992
9.8971
8.4316
9.7735
9.3119
8.8012
8.0254
9.0732
8.0579
9.5344
9.4239
10.0940
10.1235
8.4778
9.0114
12.7193
9.8886
8.4210
10.2158
9.7786
8.2991
7.6532
7.9118
10.0292
8.8051
8.7087
8.5467
9.8750
7.8513
10.0243
8.6681
7.9538
8.6473
8.1806
8.7660
7.2133
8.7359
8.5432
10.2251
8.4348
8.4594
8.5216
9.2694
7.9976
7.9361
7.8553
9.9513
10.4345
8.4236
12.0400
8.8901
9.6305
9.3219
9.2641
8.2444
8.0226
11.0779
9.2091
8.5801
11.1734
7.9257
10.3076
9.8652
9.1940
9.2796
9.1404
9.6995
9.2441
9.9399
8.7786
9.4371
9.2641
9.0821
7.6223
8.3198
8.8381
7.5844
11.9448
10.7865
9.9101
9.7606
8.0068
9.0621
9.0142
11.8926
8.3973
8.9053
9.9107
9.6552
7.7682
8.2891
10.1111
9.1735
8.7126
7.5390
8.8322
7.7053
8.0877
7.8365
8.5229
8.8325
8.1569
9.3908
9.6784
8.9616
9.3948
9.0349
10.0486
9.0494
8.7050
8.4139
11.6833
9.3154
9.5443
8.8624
11.0963
9.4287
9.9953
9.2221
8.6817
8.1190
9.6001
8.1951
8.4694
10.5658
8.4564
7.9928
