2.6779
1.8371
1.9060
2.2085
3.1398
3.7735
3.8320
3.6571
4.0177
4.5459
3.7622
4.1173
3.7939
3.6593
3.9278
3.9747
3.8537
3.7389
3.6127
4.0801
3.8572
3.8145
3.9797
3.8776
3.4173
3.5014
3.5543
3.6350
3.9052
3.5322
3.5610
3.9933
3.4441
4.0239
3.7919
3.7246
3.8391
3.7625
4.0727
3.6872
4.1385
3.7426
3.5725
3.5703
3.6413
3.6026
4.2748
3.7733
3.5989
3.4681
3.6789
3.8792
3.7394
3.8457
3.7157
3.3854
3.7896
4.0845
4.0755
3.9664
3.8201
3.9419
3.5085
3.7563
3.9301
3.8959
3.4718
3.6337
3.8965
3.9027
3.9391
3.5047
3.7693
3.7101
4.0354
3.8211
3.6289
4.2768
3.7966
3.2592
4.4764
3.3912
3.7662
3.8964
4.0392
3.7329
3.5530
4.3272
4.1846
4.0708
3.5928
3.8145
3.9640
3.6094
3.6518
3.9944
3.3884
3.9346
4.0328
3.4246
3.8319
3.3832
3.5408
3.7433
3.4140
3.4637
3.7940
4.1822
3.8182
3.7992
3.9668
3.4104
3.9378
3.6185
3.7935
3.7585
3.3826
3.6804
3.9519
3.2709
4.0629
4.0496
3.8299
3.8642
3.9560
4.5075
3.7186
3.7198
3.4841
3.7827
3.7517
3.7797
3.4342
3.7648
3.4743
3.9513
3.9931
4.1139
3.5870
4.0022
3.3745
4.2108
3.5639
3.8601
3.7030
3.7456
3.5926
4.1567
3.8053
3.7957
4.0930
3.5160
3.4056
3.7316
3.7167
4.3450
3.6833
3.6668
3.3115
3.8152
3.8570
3.2927
3.9137
3.2345
3.3856
4.1298
4.0008
3.7573
3.5494
3.3532
3.7651
3.8780
4.2505
3.7324
3.7992
3.5267
3.5986
4.3854
3.4169
3.7586
3.9192
3.5388
4.0655
3.6171
3.4861
3.8139
4.0529
3.5576
3.9236
3.4361
3.5316
3.6617
3.8318
3.9384
4.5314
3.3241
3.9228
3.6131
3.4243
3.6764
