17.9199
19.5502
19.5358
19.6926
20.4479
19.5025
19.9142
17.9183
18.1380
18.4022
18.9479
18.4404
19.1721
18.0722
18.1290
18.8046
19.3069
18.1600
19.1503
19.4271
18.6913
19.1857
19.7355
20.8490
20.7155
18.0713
18.1223
18.8731
18.0555
20.4493
19.0603
17.9826
20.2595
19.1485
17.7225
19.8201
17.5865
19.7253
19.7853
19.8732
20.3307
18.6061
19.7053
18.0659
19.2826
18.2892
20.5963
18.8389
20.0944
20.3959
18.6683
17.9752
18.0287
20.1420
19.6675
21.6404
18.5255
20.6384
19.2904
18.4473
17.9145
18.7901
19.0301
19.9096
19.6161
19.5730
20.2805
18.4244
18.8506
21.4616
18.5768
18.1443
18.0364
19.6806
18.5076
17.8666
20.9938
18.4539
18.9222
19.4551
19.0389
19.6839
18.1318
19.1052
17.7920
19.7829
19.3431
18.3961
20.7346
19.9752
17.3440
19.5169
20.9063
20.0614
18.5319
18.5269
17.8435
19.0522
17.3148
19.7156
20.2284
19.6173
17.8385
20.4075
18.3710
20.2830
18.2540
19.5859
18.9117
19.4279
18.1727
19.9663
18.4142
18.9886
20.1880
19.5695
20.3548
19.1456
19.1169
19.7716
18.8867
20.7097
20.9354
19.0425
18.7380
20.5779
19.1436
19.0770
17.4676
19.7774
19.8774
19.2186
18.4190
19.2737
18.4615
18.9378
19.1205
18.7021
18.3504
19.0151
19.1158
17.9053
19.0628
18.8956
19.1011
17.3163
18.1074
19.2803
19.8061
18.1026
17.6637
18.2466
19.0663
18.1113
18.4111
18.7980
18.4259
19.3192
19.6417
20.5095
17.5573
19.1276
20.5581
19.8026
18.8586
17.4212
19.4570
18.6785
19.6813
19.5957
18.9622
21.7971
19.0353
17.9503
20.1163
19.2058
18.9779
18.5619
20.0263
20.2744
19.9196
21.2465
19.1805
18.3117
18.3040
18.1556
17.9455
20.2093
18.5706
17.7634
18.7337
19.0875
18.6729
19.1908
18.3183
19.4958
18.1108
18.5019
19.7675
18.9848
