10.1224
14.5665
15.7086
17.3770
12.2783
13.7227
14.0125
11.1529
13.7973
13.5821
12.2669
12.5065
11.6692
11.7073
13.3209
12.0020
13.4415
10.7867
9.9288
13.2876
17.6368
13.7136
19.5023
15.1874
13.2094
11.6945
13.9665
13.2184
12.3207
12.3613
14.1023
12.9523
11.2007
14.3121
13.4045
9.5638
12.8802
14.3186
12.3278
15.5476
17.1380
13.2093
15.9011
14.6503
13.1517
9.8898
14.3351
12.3518
10.9070
12.9175
9.8561
10.8553
10.2867
11.3531
11.0951
11.1471
16.4874
12.2460
14.2174
15.1147
12.9885
12.6570
15.7084
11.8296
10.6827
11.9742
11.6097
9.5929
10.9958
10.9462
14.0916
10.8063
11.5464
11.7383
16.8058
16.6131
11.9376
11.0393
14.6748
13.0481
12.4419
11.9507
11.8940
13.2962
12.4769
11.2194
13.2091
12.3746
10.6887
14.4281
10.9262
11.2885
11.4632
10.8065
9.8489
11.1541
17.2429
14.3312
12.5639
14.9364
13.7006
12.2089
14.5118
11.7630
13.0877
14.4890
11.9503
11.6487
12.8621
12.5191
13.8125
9.9497
11.2902
10.7748
12.8870
11.3146
13.9721
15.1716
16.4136
16.7678
11.8364
12.5853
13.9752
13.8583
13.8247
12.4599
11.8468
13.3480
9.4600
9.9138
12.0710
11.9797
12.2656
13.1857
11.9287
12.2243
12.5000
13.8673
15.5636
13.7509
13.9934
11.6750
12.4256
12.2047
10.3547
11.7838
12.0022
12.9378
13.4108
12.8276
11.7988
10.1974
13.8820
13.1084
12.2678
12.7053
17.1657
13.0869
12.4018
13.0745
12.2597
11.3597
13.9453
10.9049
12.1577
12.2412
12.9675
11.5046
11.3889
10.4382
10.2686
12.9518
11.0448
9.3366
11.1169
12.7241
13.6212
11.3212
10.2630
12.5676
12.4840
13.2937
14.9263
11.6657
10.7240
12.2037
12.1667
11.5532
11.4383
13.0637
12.4594
13.9315
12.4615
12.0997
12.4993
10.8877
10.6125
13.9299
12.9080
10.2780
