2.8944
4.0774
5.8156
7.5593
7.9988
7.6375
6.9662
9.9059
11.0395
8.7392
9.5917
12.4088
12.0978
12.2459
10.6164
9.4098
11.0749
11.7981
10.5301
10.0073
9.4231
10.2629
11.2258
10.5088
11.5641
9.9218
11.8717
9.3657
12.2329
12.6210
10.7467
10.2432
11.6185
10.5012
9.4093
12.2845
10.9422
10.6019
11.9012
11.9343
11.0675
11.3618
10.5661
10.4258
11.0734
11.0003
13.1199
9.4982
11.4566
11.9683
11.7466
10.6410
10.6076
11.6424
11.5334
9.6807
11.7157
10.9971
10.9276
10.6966
13.8304
11.1844
11.7545
11.1062
12.1801
11.3641
12.2607
10.5573
10.1578
9.8119
11.7375
16.8975
11.0636
11.9302
11.3763
10.4800
12.5847
11.1315
10.6223
11.4179
11.8026
12.0357
14.4218
9.9468
11.8177
12.5528
13.4375
12.9918
11.4555
11.7551
11.5243
11.7594
12.5450
12.2588
11.7869
13.1657
11.2389
13.0567
10.2305
13.7086
10.7657
13.9185
11.8002
10.7510
12.5561
11.8525
11.5251
10.9747
12.7152
12.1039
13.0782
12.7420
11.7949
10.3538
12.3312
12.9798
12.8165
12.4265
12.0123
11.2411
12.0021
12.6971
13.8447
13.6389
14.4233
13.6931
11.8281
11.4304
14.4534
11.6078
15.2393
14.0200
10.8007
13.8165
11.3313
11.0357
14.0712
10.2392
9.5579
9.9143
14.3979
12.7384
11.9046
10.4792
12.6675
11.8436
13.6523
13.4002
11.0699
12.1354
10.2401
12.9363
11.9810
13.3177
10.6474
12.1024
11.3345
12.4253
10.1061
14.2617
11.9412
13.1028
11.3540
12.7044
14.6868
13.1370
13.6653
13.1182
12.5111
12.1650
13.7564
13.9582
10.9398
10.8443
11.8382
9.8035
12.0788
13.4268
13.3213
11.7418
12.0342
11.6340
14.1795
13.7110
12.1806
11.4475
11.7710
11.1664
12.0780
12.4025
12.0589
11.8472
12.1789
11.6007
13.7963
12.8619
12.2915
12.4532
14.6964
12.4664
