1.9057
18.7117
16.5951
19.3079
20.6036
20.5347
20.5358
20.8434
20.6134
21.0474
21.0528
20.4405
21.0606
20.8507
20.9473
20.9016
21.1139
20.5637
20.6991
21.1010
20.8428
20.9937
21.0422
20.9713
21.1570
21.3997
20.8825
21.4322
20.7548
21.4078
20.9450
21.0926
21.2049
21.0949
20.9149
20.8913
21.1368
21.1197
20.9103
20.9096
21.1996
21.0146
21.0338
21.0340
21.4147
21.0769
20.9315
21.1342
21.2130
21.3328
20.7712
21.3913
20.9758
21.0830
21.4646
20.9594
21.3462
21.2009
21.2715
21.0363
20.9346
20.8453
21.0613
20.8843
21.0521
20.4541
20.8412
21.5224
21.3447
21.0310
21.1500
21.4521
21.2731
21.2458
21.1268
20.5500
21.0422
20.7159
21.0774
20.9592
20.5288
20.9021
21.2277
21.1398
20.9312
21.0694
21.1550
21.3497
21.0499
20.9037
21.1558
21.1989
20.8672
21.0140
20.7151
21.3202
21.1451
21.0243
21.0508
20.6657
20.8355
21.2915
21.2188
21.2728
21.0019
20.8613
21.3525
20.7477
21.2049
20.7880
20.6074
20.9102
21.2785
20.5439
21.1114
21.1238
20.8319
21.0328
21.0603
20.7898
20.8494
21.3726
21.0242
21.0976
21.2596
21.2054
21.1781
20.7811
21.3424
21.6286
20.9214
20.6986
21.2018
21.3751
21.1673
21.0138
21.0544
21.1412
21.2107
21.0794
20.9516
21.2267
21.0296
21.0016
20.9641
21.1941
20.7735
21.2632
21.1522
21.1507
21.2739
20.8560
21.0684
21.2477
21.2888
21.0399
20.9890
21.1959
20.8813
21.4453
21.1481
20.9713
21.0846
20.6512
21.3353
21.3073
20.8492
21.4186
20.9100
21.4514
21.2086
21.3301
20.9353
20.7649
21.1771
20.6830
21.2238
20.9971
20.8819
21.2106
21.2989
20.9751
20.7881
20.8865
21.4075
20.9702
21.1013
21.0418
21.1207
20.9662
20.9384
20.6370
21.3049
20.9998
21.1499
21.2147
21.1741
21.1920
21.1095
21.5776
