1.4914
3.4626
4.3229
6.1466
4.1662
2.8596
2.7954
2.9812
4.0588
2.6387
2.2734
2.8225
2.8024
3.8195
3.2621
2.6797
2.7807
3.4627
2.7437
2.6948
2.4939
2.6753
2.5165
2.2081
2.6425
2.3282
2.3954
2.7202
2.7273
2.3159
2.4001
2.3694
3.3261
2.5861
2.8615
3.1448
2.4170
2.2179
2.1602
2.6634
3.5624
3.0797
2.9325
2.3381
3.0228
2.7373
2.1311
2.3455
2.3843
2.8271
2.0605
2.9079
2.3349
2.5300
2.9115
1.9384
2.4205
3.4869
2.2136
2.4762
2.2581
2.4761
2.0494
3.9544
2.1980
4.5595
2.4902
3.8472
2.8180
2.8610
2.2184
2.8153
2.1628
3.0536
2.3778
2.6252
2.4376
2.3582
2.2678
3.2077
3.2747
2.2616
2.5484
2.5281
3.5048
2.8754
2.4348
3.0445
1.9997
1.9727
3.3215
2.6541
2.1591
2.8791
2.1952
3.0359
4.7635
2.3207
2.0021
2.5905
2.7796
2.4351
3.2035
2.6410
2.2402
2.5591
2.6108
2.5027
2.2616
2.6027
3.2668
2.9275
2.3824
2.2177
2.4625
2.2914
3.4860
2.6649
2.5790
2.5744
3.3479
2.4729
2.4810
2.1564
2.4623
2.4479
3.0243
2.9957
3.1919
2.8544
2.2469
1.6481
2.3404
1.8794
2.0534
2.4116
3.1960
2.5489
2.5694
2.7204
4.5348
2.7339
2.5330
2.1673
2.5349
1.9210
2.6516
3.0001
4.5046
2.6021
2.6741
2.2859
2.5117
2.5225
2.2541
2.5683
2.8033
2.3201
2.7357
2.4034
2.8821
2.4693
2.4737
2.2505
3.0015
2.8744
1.9567
2.7175
2.1358
2.4956
2.3825
2.1557
2.6333
2.3337
3.4893
3.6340
2.8623
2.5863
2.4620
2.3119
3.0030
2.7634
2.9733
2.2995
2.7056
1.8879
2.8592
4.3997
2.4544
2.5495
2.7759
3.6297
2.4127
2.7616
4.3191
2.1545
3.5268
2.6007
2.9058
2.4138
