16.5140
7.8048
8.3387
5.5641
8.5785
8.7632
7.5189
8.1480
8.7841
7.0093
6.9624
5.7550
7.2738
7.6642
7.5082
9.0426
8.7592
5.6945
6.8180
6.5080
6.8388
7.8506
6.5852
7.8416
6.5270
8.1349
7.1922
6.2018
9.0649
7.8956
7.7755
6.5081
6.5881
7.5502
7.6621
8.1435
7.1371
6.4181
8.4047
8.0409
9.5171
6.4380
8.1478
6.9772
6.0417
8.8517
7.4482
7.2597
7.8857
6.5352
8.0148
8.0575
6.7198
6.6338
7.8130
7.2681
8.9301
6.7128
6.2304
6.8160
6.4660
7.3628
7.1527
6.2053
7.4601
7.1131
8.5441
7.1288
8.3095
8.7294
7.4341
7.0478
8.7986
8.1430
8.0053
7.5837
7.2322
7.3529
4.4777
5.9182
7.1188
7.2949
6.7797
7.3641
8.5082
6.5193
6.5560
8.6735
6.8391
8.5740
6.4842
7.8706
6.1239
6.3641
6.7218
8.8504
5.7448
7.4250
7.5637
7.3062
6.8053
5.7383
9.1798
6.1632
7.0949
6.6963
9.0191
7.3953
8.8088
9.3037
7.7314
7.9092
8.4721
7.5385
8.0851
7.4963
7.3327
8.3441
7.7914
8.5905
7.0976
9.2786
7.0078
8.4835
7.6935
10.1719
5.9337
6.5306
7.0865
7.9902
6.5753
8.3076
6.5334
8.5168
7.1277
6.8742
7.5515
8.6827
6.7475
7.1842
7.1193
7.5170
7.2924
6.8675
6.3649
7.0287
6.5399
8.2973
8.3194
8.4682
7.1597
6.5144
9.7839
7.3293
9.3703
8.4436
7.1165
9.6282
8.8821
6.4719
5.7247
7.2578
6.4334
8.5825
7.6194
6.1074
8.0325
6.6502
7.4400
6.5388
6.2355
9.1939
8.1917
8.5637
7.1825
5.7861
8.4836
6.1627
7.0732
6.0877
6.5395
6.7344
8.1475
7.0564
6.8540
6.3984
7.1072
7.0928
8.7008
8.3463
7.2667
7.1919
7.8681
8.3241
5.1115
7.3459
7.9021
8.7286
4.9450
7.8933
