15.9581
6.7956
6.6630
6.9305
5.9172
6.3719
6.2056
5.3527
4.9299
5.1928
4.6603
5.3593
6.1591
4.6444
5.9146
4.6246
5.4407
5.8316
4.9270
5.8943
5.5127
5.7483
4.6057
5.5533
5.2518
6.1146
6.1989
5.4119
5.2851
6.0679
5.4985
5.0793
5.1299
5.0035
4.9234
5.1593
4.2122
4.6968
5.2801
5.1243
5.4657
5.2080
5.5896
5.2320
6.6006
6.0243
5.8848
7.2015
5.9585
5.5360
5.1541
5.5747
4.4571
5.0483
5.8258
5.4329
5.3979
5.2553
6.3073
5.2750
5.2006
6.0787
5.0660
5.6527
5.9291
4.4815
5.1682
5.7984
5.9628
4.7631
6.0892
5.3509
5.2080
6.2386
4.0914
5.2178
4.6005
5.0685
6.0599
5.2189
4.6536
4.5514
4.3800
4.4664
5.3822
4.7334
4.9099
4.4665
5.7815
5.4305
5.4158
4.7926
5.3486
5.8122
4.5536
5.9019
4.8974
5.0499
5.8933
5.3054
5.2485
5.1044
5.8459
6.0488
4.7117
5.6696
5.2608
5.1366
7.1066
5.8311
4.9179
5.2962
4.7778
5.1258
5.9703
5.4769
4.6022
4.4463
4.9956
5.0002
5.2682
6.6346
4.7380
5.5027
4.5634
5.8750
5.3474
4.8130
5.5774
5.1890
5.4830
5.1820
6.1370
6.4654
5.3852
4.8298
5.3562
6.5115
5.0704
6.2774
5.5093
4.9776
4.8198
4.3748
6.1721
4.5137
5.0756
5.5723
4.2133
5.4167
4.9448
5.3491
5.7030
4.6381
4.9995
4.4792
5.6294
5.2981
6.4021
4.7256
5.6122
5.4158
5.7723
5.1907
5.0005
6.0471
4.0175
4.7926
5.8525
4.7939
5.0337
5.3417
4.2772
3.9715
5.9533
4.8823
5.4730
5.1297
4.9988
5.6447
5.0672
4.5365
5.0146
5.7429
4.8614
5.5031
6.8212
5.1206
5.2137
5.2849
5.4855
5.9435
4.5922
4.8509
4.2879
4.1899
5.6642
5.6919
4.9336
5.7434
