2.0139
3.3617
5.2150
6.9823
7.2955
8.1569
6.4804
6.6663
7.4133
8.1420
7.4988
7.4495
8.5063
7.7937
7.7163
9.8774
7.4236
6.7425
7.9126
7.2630
7.8269
7.8632
8.4245
8.4389
8.8527
9.8357
9.9340
7.2991
8.1445
7.2819
8.9614
7.9997
8.6501
8.3541
8.2092
7.5382
7.9691
7.2031
7.9969
6.9181
7.4379
7.5369
6.2248
6.7825
6.4848
7.0715
7.6861
7.9457
7.2197
8.9189
6.3168
7.4471
7.9370
5.5060
7.4378
7.4427
7.4117
7.1452
8.1489
6.9676
6.9609
6.0785
7.4170
7.8888
8.1304
7.5791
6.6857
8.7901
7.9190
7.5337
5.9556
8.2109
7.6708
6.7808
7.5816
6.8955
7.9538
7.2075
6.3007
5.7291
7.4044
6.3328
6.9180
6.8713
7.6531
7.3492
7.1016
6.7288
9.1282
6.8077
6.4797
6.6042
8.1542
6.2533
5.3339
5.4985
7.0016
6.7271
6.1837
6.4801
7.4090
5.8661
6.7278
6.6122
6.4398
6.6552
5.8968
6.5226
5.8657
6.4699
6.7145
7.4725
6.4566
6.5265
5.5637
7.1058
6.2977
5.5174
5.7917
7.1183
7.3261
6.2835
6.5136
6.2970
6.6446
7.0775
6.2125
6.5712
6.2186
7.2428
6.7684
6.8645
7.2271
6.2624
6.8075
6.8976
6.8045
6.1709
7.4217
7.3115
6.4010
6.8850
5.6582
6.4123
6.3018
6.2612
5.6757
5.5094
6.2833
5.4155
8.7874
6.8296
6.8864
6.5503
5.8419
6.3963
6.0732
7.6528
5.8910
6.6037
7.2486
6.9325
5.9210
5.9989
7.0681
6.2461
5.7499
4.9601
5.9289
4.9675
6.0439
5.9046
5.7910
6.1438
5.5800
6.3020
6.4874
6.0466
6.2849
6.1590
6.6593
6.3827
5.2815
6.5159
7.6102
6.4137
6.5725
6.6218
7.5716
6.5370
6.9227
6.9364
6.0488
6.0537
6.7559
5.7917
6.3825
7.2007
5.9770
6.0324
