4.4937
5.7534
11.0264
13.3942
15.2813
18.2800
18.6072
17.7678
18.3455
19.0578
19.7568
18.9832
21.4593
21.6930
19.7104
24.5878
22.6855
24.6659
22.1720
22.1585
22.6617
21.2096
25.4003
23.5923
25.7563
25.3060
25.3767
23.9948
27.3559
25.8150
27.5202
27.1387
25.4282
28.0400
27.0888
28.7921
24.3309
27.5800
26.2778
25.3813
25.8371
27.6301
24.3741
27.8070
29.0929
30.1572
30.3214
24.2177
25.3887
31.3756
27.7066
29.4449
28.4566
32.0382
26.0755
28.3933
26.6024
28.5192
29.3268
29.6448
31.7845
28.4314
28.0948
29.7127
30.5848
31.1428
33.5884
31.3317
27.6482
31.3386
34.6415
32.5006
35.1964
28.0693
31.0582
30.4087
34.3714
25.7177
32.1770
35.0687
32.2616
31.6885
26.5817
32.3170
33.4374
34.2547
36.1776
36.8142
33.7706
35.5361
37.0039
37.8898
35.8958
42.2187
35.1853
37.3083
38.4333
33.2055
33.3913
39.2008
33.7584
36.6616
31.2992
38.0007
43.1964
30.6109
38.3490
35.3939
43.7650
33.0160
34.7460
37.5485
40.2338
44.2335
35.2529
39.6115
39.3769
41.9864
35.2028
41.5078
38.5203
48.6767
34.1610
38.5077
36.4872
34.5468
39.0243
39.2213
42.8043
41.2176
37.9976
39.5844
40.1472
40.9806
43.4016
51.4270
37.1765
34.6766
38.2156
41.0870
43.4239
42.0196
50.0259
42.8585
38.7978
44.0353
38.0127
43.3521
34.0380
34.8827
36.6656
44.3970
43.4219
35.5230
44.3463
46.9409
47.0814
45.4059
53.3918
36.9587
45.6469
42.6631
50.7184
29.3276
47.2357
40.8528
42.3710
43.9333
38.2817
37.4212
40.7702
62.0178
47.0482
39.0844
39.5318
39.2083
45.8218
62.8611
45.5739
44.4204
48.0778
39.8678
51.2223
48.6157
46.4487
40.8727
47.7075
46.0606
47.2337
42.7534
58.7601
49.7715
52.5215
50.4311
36.2608
60.3631
50.4381
42.2461
48.9033
51.5438
