2.7936
3.9546
5.7394
6.7683
7.0419
8.7391
6.9891
7.0018
7.2094
6.4129
7.1478
6.5044
7.4298
7.3932
6.3514
7.3196
6.7032
5.5289
7.4172
6.3002
5.8868
5.7511
6.0125
7.2664
6.5057
6.1863
5.5425
5.2505
6.6546
5.3579
5.0535
5.4513
5.1623
6.2219
7.5451
5.6935
5.3412
6.5255
5.7257
6.7649
4.7560
4.7307
5.4335
6.0707
5.0611
5.1400
4.6238
6.4882
6.7515
4.3489
6.4473
6.0310
4.7407
5.4179
5.2079
6.4821
4.5929
5.0596
5.5955
5.6965
5.2241
6.7051
4.9417
5.4355
5.6608
5.7361
4.8264
5.0901
5.0843
4.3972
6.1883
5.2295
5.1833
4.9738
4.6620
5.7995
4.4830
4.3865
4.8879
4.7867
4.7265
4.9329
4.4197
4.5481
4.9331
5.1561
5.0627
4.8703
6.8831
4.6052
5.1260
4.2549
4.3531
4.9045
3.8243
5.3481
6.5600
5.0596
4.4757
4.3244
5.0483
6.3858
5.4173
5.5612
4.7240
5.0195
5.0330
5.7876
5.1407
5.8571
4.6813
5.3396
5.0682
3.9651
4.5791
4.7088
5.1333
6.7822
5.5849
4.9384
5.7060
5.9306
4.8094
4.6688
5.3781
4.9740
6.3280
5.3093
3.9474
4.3042
5.0114
4.9286
4.8184
4.3467
4.0998
4.7993
4.8025
5.2199
5.1039
4.6659
6.2976
4.5910
4.1656
4.6626
6.1529
4.3925
5.0575
4.5605
4.2513
5.8336
5.3260
5.1090
5.6422
4.0765
5.8163
4.2133
3.8476
4.8341
5.4335
4.4520
4.2080
4.6475
4.9563
3.6921
4.0501
4.6275
4.3644
4.0515
4.5588
5.6604
3.7327
4.2705
4.6158
4.3457
4.0098
4.0596
4.2774
4.3252
4.1861
7.1230
3.7872
4.0636
5.0529
3.4533
4.3002
5.1176
4.6868
4.4090
4.3393
4.3679
4.0038
4.1999
4.3565
3.5900
5.2462
5.5418
5.3228
3.9486
3.9744
4.5151
