4.0068
5.9277
9.5932
11.0238
12.9051
13.8376
14.1426
15.5817
16.8929
15.6477
18.8643
16.0084
15.7289
17.2828
19.5697
18.6610
18.0391
18.1474
18.7335
17.4335
17.4156
17.6171
18.4271
18.5020
19.5837
21.0974
20.8579
19.4212
18.9966
19.9275
19.7429
19.5325
23.8316
24.3100
25.6820
27.5771
20.7512
20.8599
24.1906
26.6548
23.3121
24.3492
20.1282
22.7387
21.7310
20.2682
24.7244
23.7130
28.2578
32.6278
21.0093
21.9222
29.1780
24.4061
28.6380
23.5434
24.6981
26.4569
24.7487
28.1268
21.7018
23.7211
24.3777
24.2426
21.6934
23.8333
23.3896
26.7518
27.6978
26.8482
27.2064
26.8133
29.8155
33.6164
23.3830
30.8144
23.9954
28.6982
38.0407
24.2016
34.1828
25.3346
38.3880
31.7222
28.2241
29.1187
35.8063
37.6650
31.4395
35.9207
29.3646
35.5792
27.0092
31.1703
30.4534
31.5275
28.4182
34.4776
26.8263
29.4574
30.9489
32.4027
31.3754
30.9634
27.2317
33.0215
32.0352
25.9281
30.3701
25.6931
31.0897
27.9338
27.1341
30.4952
29.1695
26.8911
29.8865
27.9235
31.0368
28.6059
29.2239
25.6004
26.7980
26.2383
25.0523
24.6470
29.1057
23.8084
27.9861
26.0442
31.1158
28.6303
40.1774
38.7882
32.0322
33.2423
29.2923
30.7273
32.4515
31.4536
27.9797
27.2188
29.0120
32.3164
35.2342
29.4726
37.8765
41.8944
31.4511
32.1629
31.6457
30.7145
35.2286
29.9165
28.8435
29.1188
30.6430
34.8412
31.8169
36.0012
32.2999
32.6697
28.5534
30.4923
29.8567
31.8269
32.4519
26.4243
30.3734
26.6760
27.9099
26.9339
27.3495
29.2628
26.7740
27.8376
26.0568
32.0688
27.8737
30.6413
31.6526
31.4824
31.5887
29.9643
27.3522
29.5883
31.4995
28.7816
27.8982
28.7613
33.7266
27.7651
31.0702
31.6038
25.7436
36.5761
37.3584
37.6940
41.4666
33.5402
