2.0550
2.2397
3.8735
4.5320
4.8747
5.1700
4.5904
4.1618
4.0866
4.0504
4.3023
2.9419
3.4989
3.0311
3.7352
3.6993
3.5141
3.3105
3.3813
2.9702
3.2186
3.0301
3.1021
3.2127
2.9740
2.5066
2.7732
3.9628
3.5701
2.9899
2.6607
2.7154
2.4976
2.8198
3.0797
2.9999
2.1457
2.5246
2.0303
2.3380
2.7014
2.6498
2.6481
2.3706
3.5040
3.0587
2.5673
2.1495
2.3827
2.4028
2.7905
2.8138
2.5680
2.4180
2.5532
2.3452
3.0767
2.6003
2.1611
3.1201
2.0060
3.3763
2.6156
3.1907
1.9973
2.4314
2.5382
3.1343
2.5618
1.6941
3.2005
2.3894
2.4798
2.9844
2.3237
3.2625
3.1853
2.2346
2.2214
2.7616
2.8866
1.6835
2.4400
3.2111
2.1683
2.4677
2.0679
2.4769
3.4328
2.1908
2.8001
2.5755
3.4653
3.3204
1.9057
3.1837
2.2140
2.0845
3.0266
2.6402
2.7930
2.0735
1.9317
2.0695
2.5436
2.4573
2.2302
2.4490
2.4272
2.5262
3.2018
3.4201
2.8661
2.4778
2.1873
2.0479
2.8763
2.4210
2.1362
2.6994
2.5440
2.4449
3.0102
3.1374
2.4129
2.1396
1.9456
2.7966
2.7296
2.9579
1.9020
2.4843
3.1397
2.5032
2.4727
2.9061
2.1293
1.8023
3.1982
3.5322
2.1240
2.3522
3.1342
2.6588
2.1724
3.4170
2.6847
2.6236
2.6739
2.1387
1.6917
2.5970
2.0409
3.3813
2.2402
1.9878
3.3308
2.4206
2.3434
2.5810
2.3845
2.4373
2.1094
2.6551
2.6053
2.0490
2.0964
2.3298
2.8093
3.3666
2.5840
2.4259
2.0167
2.8237
2.4234
2.3317
2.4562
2.6750
2.3974
2.4097
2.2188
1.9023
2.1749
2.6170
2.6016
2.5913
2.3370
1.7852
1.8904
2.1802
2.5005
2.1208
1.9640
2.6804
2.6724
2.0170
3.5276
2.5857
1.8907
2.6180
