1.4865
7.8797
7.7157
7.7763
8.0111
7.8542
7.9473
7.9023
8.1956
7.7077
7.8833
7.9063
7.4632
7.8777
7.9417
7.9145
8.1136
8.1445
7.8662
7.7633
8.0508
7.7591
8.0286
7.6842
7.7647
7.8602
8.0334
8.0123
8.2570
7.9661
7.9241
7.9211
8.0466
8.3347
7.9013
7.8548
8.1537
7.8653
7.8800
8.1010
7.9048
7.6710
8.0627
8.4539
8.1764
8.0886
8.0469
7.9235
7.9361
7.8813
8.0228
7.7438
8.1264
8.0018
8.0407
7.7722
7.9680
7.5261
7.8429
7.6360
8.0009
7.7828
7.8693
7.9684
8.2007
8.1006
7.9683
8.0471
7.6317
8.1974
8.1594
7.7443
7.9738
8.2234
8.1177
8.0302
7.7268
8.0983
7.9777
7.9407
8.1709
7.8706
7.8755
7.9993
7.7991
7.9435
7.9250
7.9753
8.0013
7.6667
7.8264
8.3948
7.8634
7.7191
7.7873
7.9073
7.3757
7.7363
7.9022
7.9137
8.0271
7.6665
7.7491
8.0394
8.3977
8.1683
8.1960
8.5326
8.3735
7.6625
7.5314
8.1004
7.8821
8.0099
8.1653
7.9555
8.1079
7.9324
7.7564
7.9789
8.0529
7.5962
8.2059
7.7118
7.9594
7.9053
7.7956
7.9983
7.8533
7.9907
7.8932
7.9218
7.3252
7.8418
7.9306
7.7302
7.7336
7.6251
7.6912
8.0102
7.8160
7.8295
7.6856
7.7126
7.8382
7.6378
8.0345
7.9841
7.8337
7.8778
7.9851
7.8762
7.9021
7.6047
7.9783
7.8567
7.6022
7.6168
8.0482
7.7897
7.7398
7.9670
7.7629
7.8758
7.9363
7.9594
7.6482
7.7461
7.8574
8.1340
7.7889
7.5034
7.7503
7.7570
7.8091
7.9610
8.2669
7.5309
7.8928
8.3992
7.6693
7.7671
7.9184
7.9531
7.8862
7.5779
8.0528
7.8384
7.7600
7.7935
8.0065
7.8786
7.9574
7.9293
8.0656
7.6241
7.7334
7.7903
8.1549
7.7163
