17.6140
7.3382
6.2394
4.5009
5.1578
5.6809
6.2237
5.5090
3.5382
3.9575
2.3168
3.3508
5.6049
4.9935
3.6556
4.1676
2.8004
5.9068
3.5716
2.7753
3.2793
5.0110
4.1782
5.2531
3.8081
4.4236
3.9037
4.0864
3.8796
4.3253
7.1307
3.3470
5.5470
5.2616
2.6247
4.3655
2.8756
4.1771
3.5890
3.5389
4.4338
4.0541
3.6055
4.1900
4.1109
3.9656
2.6020
3.8059
2.2803
4.1747
3.2781
3.5733
3.8236
3.1450
3.6480
2.9809
2.3284
3.3707
4.0303
5.1643
2.4735
4.6859
3.3129
4.6014
2.9778
3.3532
3.1150
6.0572
4.2282
2.8872
3.6541
3.0726
3.1786
4.9205
3.2501
4.7588
2.9407
2.6176
2.9835
3.2827
2.8242
4.5485
4.3401
3.2845
4.1449
3.3046
1.8199
2.9871
1.6135
2.1302
3.4555
3.1624
2.4194
3.0296
3.8227
3.0655
2.9080
2.1109
3.7039
3.7415
2.9016
4.2522
4.2442
4.4352
1.6557
4.2969
3.5689
4.8268
4.5640
3.5255
2.4944
4.1534
1.9777
3.9745
3.6081
2.8470
5.4762
3.7108
2.7211
2.5447
3.1647
2.8667
4.0019
3.4369
4.6654
2.9446
4.0228
4.2724
2.4500
3.0638
2.7698
4.8137
3.6282
4.1831
2.6062
3.4325
4.3463
4.0650
3.0202
2.6133
3.1120
2.4592
3.8923
3.9404
4.2884
4.5290
2.9246
2.4607
4.0161
2.1226
3.5818
2.3954
4.1643
2.7335
3.0573
4.9193
2.8935
3.8948
2.2738
3.1868
2.6632
2.8981
4.4935
3.0431
2.9346
2.8364
3.0546
3.1470
6.1265
2.8023
2.8475
3.6096
2.1110
3.3752
2.2672
3.7272
2.9687
2.4919
3.4161
4.5455
1.7135
1.8762
3.2764
3.1230
3.5398
4.6437
3.3764
2.7132
2.8513
3.7454
4.1358
2.6658
2.5394
2.4673
2.7073
2.0042
2.3762
2.7121
4.2513
3.0735
