3.4374
3.2472
4.3690
4.8593
6.0161
5.3562
4.5919
5.1382
5.1725
4.0231
4.2860
3.8195
3.4817
4.3179
3.4743
4.3197
3.7900
4.1462
2.7930
4.3055
3.3821
3.2902
3.7791
3.0432
4.5133
3.2911
2.6484
2.9899
3.5776
3.1125
2.9302
3.2838
3.0484
4.1411
4.4147
3.8477
3.2598
3.4350
3.1334
2.6235
3.1417
3.6057
2.9637
2.6652
3.3339
2.7205
3.0045
4.1269
2.5655
2.0674
3.1676
2.9937
1.9908
2.4423
3.6331
4.1092
3.1370
2.8153
2.7884
2.5357
3.4908
2.6625
2.7516
2.9575
2.9102
2.6165
2.8033
3.6402
3.5552
2.8238
4.1118
2.7544
4.4603
3.9125
2.4779
3.0383
2.8095
2.7510
2.7376
3.2683
2.9772
2.6444
2.9929
3.3090
3.1055
2.8526
3.4140
2.2562
2.1265
2.1887
1.8144
2.2057
1.9539
2.4535
3.1246
3.3666
3.5787
2.8815
2.7094
2.7058
2.3831
3.0226
2.7105
1.5950
2.4093
2.9046
2.3822
2.8587
2.8512
2.7828
3.8191
2.6049
2.5996
3.3905
3.4200
2.6728
2.7124
3.2410
2.6639
2.7040
2.7349
2.4573
2.7590
1.8659
2.5916
2.4269
3.0550
3.4974
2.6110
2.7557
3.0776
2.7831
2.9549
2.3153
2.8917
2.5281
2.9866
3.2716
2.1819
2.7442
3.0690
3.0321
2.4907
2.5428
2.4624
2.0164
2.6630
2.2339
2.6469
3.1700
2.6298
2.0357
2.5073
1.8899
2.3911
2.6144
2.7876
2.5310
3.1574
1.9085
2.6416
2.3349
3.6962
1.3944
3.0219
3.4457
2.0835
3.0533
2.9073
2.8951
2.2555
1.5594
3.3287
2.5546
1.9368
3.2004
1.9764
3.3717
3.0659
2.0275
2.4546
2.1889
3.0728
2.9857
1.5659
2.5258
3.7670
2.0298
2.2245
3.0132
2.3661
2.2222
2.3531
2.2659
1.9714
3.1117
2.5975
3.2634
3.3098
1.9695
