2.6745
3.1456
5.3548
7.1484
8.4761
7.3693
8.0060
7.5588
8.0109
7.7717
7.8528
7.4739
7.6383
8.1318
7.5832
7.7165
7.1848
7.1338
7.0397
6.7377
6.5662
7.7816
7.0821
7.5031
7.6403
6.7331
7.9094
8.6417
7.8681
7.2154
7.0115
7.4534
7.7676
6.8936
6.2854
9.4489
6.2892
7.2855
7.4491
6.5240
6.0371
6.7329
6.2300
5.9966
6.7929
6.4128
6.0417
7.4218
7.3215
6.9437
6.4416
5.3972
7.0437
7.0593
7.2751
6.4523
6.5443
7.6131
6.5334
6.8817
6.1352
6.1061
5.4434
6.2392
5.2003
7.4363
5.9946
7.7282
5.8952
5.5309
6.7226
5.0747
5.5336
5.7118
7.4416
5.3588
7.1393
5.7715
6.5667
6.0134
5.6513
6.7783
5.8732
6.7031
5.6370
6.3441
5.5428
5.9154
5.3776
6.3377
5.6178
5.0453
4.8545
6.3728
6.9233
6.1485
6.2653
6.6778
6.0184
7.3049
6.0979
5.0777
6.5714
5.7556
4.7255
5.3903
6.1071
6.0558
6.2601
5.4496
5.9488
4.9402
5.8859
6.4323
6.3168
5.9547
6.1095
5.4011
6.5933
5.9752
5.5606
5.9319
6.1363
5.8930
5.3750
4.7614
8.1953
5.5076
5.5073
5.0519
4.6844
5.4156
5.3339
4.9632
5.3566
6.0240
5.3616
5.8402
6.3037
6.2472
6.3677
6.5633
4.3904
4.7166
5.3444
5.5750
7.5133
7.8096
5.6392
6.6028
5.3047
5.2460
5.3333
5.7706
4.8957
6.1261
6.8975
4.6739
4.5975
5.1410
6.8772
5.7690
6.3182
5.0341
4.7191
6.6865
7.1223
4.7542
6.2802
6.7214
5.7910
5.5010
4.7700
6.5655
5.7468
5.5517
5.1869
4.4168
5.1454
5.2592
5.9493
4.8591
5.0960
5.6859
5.6961
4.9998
6.5800
5.7933
5.9303
6.1456
4.3553
5.7880
6.3388
6.0427
5.7877
5.8465
5.7683
6.5604
5.1366
5.9453
