3.1691
4.6808
5.2577
5.6273
6.3834
6.1094
6.5854
6.6189
5.8777
7.3346
5.2852
5.2823
4.6796
6.8309
6.2999
6.5917
5.6976
5.5751
5.5741
5.6647
5.6094
4.8218
4.5348
4.5485
5.2582
5.0925
5.7412
4.7861
6.4702
7.9536
4.2687
6.2898
5.1726
5.6776
5.7655
5.0853
4.9967
5.9542
6.5342
5.0002
5.9672
5.0147
5.8418
4.2060
6.7693
5.4789
5.8911
6.7837
6.6846
5.9287
5.9683
4.6703
6.3779
5.8451
6.1531
5.4318
7.9894
4.5532
3.4180
6.1054
6.2985
7.2138
5.0152
6.2497
3.7425
4.0904
5.2620
5.2302
5.3841
5.9252
4.9833
7.0454
4.9204
5.8188
5.2432
5.2400
5.2993
4.8403
4.6265
4.5538
7.0992
6.2320
4.5892
6.8999
3.6542
4.8850
7.4167
4.7149
6.0297
4.0118
5.6210
4.6481
5.4623
4.4807
5.1621
5.4379
6.0907
5.9146
4.4931
6.0180
5.8859
4.4508
5.2570
5.3321
6.3742
5.7917
3.3772
5.9044
4.5352
4.6865
5.9506
4.0355
5.5667
4.9806
5.4389
4.2940
5.3181
4.6970
6.0280
5.4809
4.4914
5.2899
5.3699
5.3226
7.5935
5.8410
4.9341
4.1033
5.5480
4.2851
4.4128
3.8747
5.8508
4.9095
5.8936
5.2399
5.5425
6.0132
5.0928
5.2498
5.3194
4.3943
5.0901
5.6305
5.2981
3.9772
6.1514
4.9917
5.7699
3.8960
4.9345
4.5317
6.5173
5.7047
5.1361
4.4861
4.5266
5.6739
4.1519
3.9001
4.8350
5.2422
4.2575
3.5137
4.9508
4.2755
4.6821
4.9071
4.9869
5.2989
4.8205
6.1079
4.2948
4.4453
6.5261
5.7886
5.9674
5.5214
5.9689
5.4733
4.9958
6.3034
5.2627
4.6559
5.1678
5.3114
5.5321
4.7791
4.7773
6.1192
4.9586
5.4594
4.6153
4.3358
4.2740
5.6754
3.6954
3.9420
4.8475
4.5246
