2.7936
3.0976
4.8190
6.0833
7.8165
8.5477
8.9338
7.3533
7.1856
6.4119
7.6560
6.8637
7.0557
7.1578
6.1084
7.8956
6.1121
5.1276
7.5374
6.3892
5.7485
5.8739
6.8744
6.6882
6.9121
5.9897
5.2915
5.0204
5.7290
5.7088
6.0110
5.1597
4.5255
6.1795
7.3249
5.2795
4.9884
5.5547
6.2178
6.9175
4.7623
5.1841
5.0468
6.1937
5.4463
5.2571
5.7615
5.3496
6.3190
3.9077
5.1311
5.7835
4.9425
5.3083
4.8510
5.9222
4.8451
4.9736
5.4767
5.1627
5.3486
5.7211
5.4840
5.9362
5.5332
4.9359
4.2820
5.4215
5.9072
4.6850
5.4161
5.0482
5.7372
5.5822
4.6757
5.5909
5.7700
4.9683
5.0091
5.2305
4.7300
5.3938
4.6042
4.9516
5.4365
4.6056
4.2498
5.3473
5.9150
4.6949
5.4675
4.4538
5.1525
4.9000
4.5762
5.7979
5.8230
5.5040
4.4920
4.4341
6.1254
6.0941
5.8233
5.3726
4.7246
4.6185
4.8482
5.4126
5.2233
5.5817
4.7922
5.0831
4.7860
4.4265
3.1573
4.6954
4.5304
7.0215
5.0911
5.0896
6.5809
5.1454
4.9091
5.0171
5.1050
5.2786
6.1291
5.0969
5.1660
4.4351
5.3367
4.8376
4.8760
4.8206
4.5059
4.0069
5.0791
5.3201
5.8945
3.6334
6.0930
4.3994
4.6239
5.2825
4.8208
4.4217
5.0827
4.1187
6.5720
5.5581
4.8617
6.2997
5.4390
4.4393
5.9797
4.4002
4.3345
5.2260
5.5711
4.4640
5.5064
4.4976
5.0244
3.5425
5.5399
5.0572
4.0861
4.0859
5.3754
4.9094
3.0785
4.5838
5.2309
4.7367
5.3392
4.3362
4.0308
4.0552
4.8122
6.1554
4.0138
4.5033
5.2879
3.7906
4.8240
4.2219
4.6522
4.7721
4.8294
3.9341
4.7727
4.3341
4.3958
3.6761
4.6363
6.4275
5.2151
4.2510
4.7379
3.9126
