3.0058
3.8065
6.0634
9.7938
8.4719
9.6021
8.2854
10.2882
10.5340
11.7072
10.2796
11.0561
11.1030
14.1465
12.1731
12.0624
10.7912
12.8655
12.5022
12.6424
11.6430
10.8318
10.9854
11.9606
12.5971
12.9553
13.0974
13.8100
12.8804
12.3251
11.5744
10.4112
11.2609
12.5538
13.0658
12.2395
12.6722
12.5519
11.9888
12.1637
12.6893
11.6346
11.3685
11.4652
13.8986
12.9215
12.2025
13.3545
11.4232
12.6674
12.1293
13.4289
11.8266
12.2383
12.7885
12.9549
13.2342
13.8991
13.7324
13.3292
13.0806
12.1215
13.7807
13.0056
11.5272
13.9649
14.1871
12.9481
11.8586
13.0073
11.0160
13.1348
14.0644
12.7523
11.4274
14.6919
11.7306
13.5189
13.0140
14.6295
14.8241
12.4753
11.4725
13.0049
13.9211
11.5472
12.5051
12.0263
11.3138
12.9683
14.0931
14.6202
11.1946
11.2751
11.6320
12.7138
13.6394
14.2815
11.6492
13.7414
11.2257
14.9165
14.0381
11.9541
11.8526
14.5918
13.3876
12.5543
14.6290
13.5444
14.1824
13.7133
12.7627
13.7089
13.7509
12.9980
12.5632
14.2707
13.9049
11.8757
13.3607
11.8191
15.6550
12.4579
12.3192
13.5309
14.2102
14.9866
11.1051
11.6351
14.5332
12.2478
12.2854
12.9668
13.3564
14.7749
13.7254
13.7961
12.4586
15.3682
14.5326
12.7415
11.5056
13.9513
12.9262
12.6971
11.6896
13.2658
13.2876
11.7251
14.7075
13.2052
15.4372
12.8272
15.0210
13.4235
13.5400
12.3497
14.2240
13.8573
13.7768
15.4749
14.9224
13.3318
13.2710
12.7011
13.6106
13.7688
13.4926
13.1786
13.4680
12.1980
11.3940
14.2157
13.2684
12.9303
15.3173
13.3130
12.8907
11.8863
12.7811
15.0702
12.0299
13.2160
12.2757
14.6189
13.0381
14.2283
11.8506
13.4981
12.6935
14.3745
13.4609
14.3108
13.8989
15.1411
13.5200
14.4479
15.2201
12.7329
