1.7986
12.5100
16.6108
17.7299
18.8884
18.7184
19.1512
19.0481
19.2520
19.2095
19.1005
19.7288
19.3072
19.2487
18.9083
19.2578
19.4452
19.3843
19.0794
19.3488
19.0686
19.2597
19.0690
19.1172
19.2432
19.6806
19.4303
19.1563
19.3247
19.4193
19.4756
19.3530
19.1825
19.0042
19.1955
19.2637
19.1594
19.6342
19.1732
19.8037
19.0387
19.5002
19.3879
19.2781
19.4145
19.3599
19.5132
19.4087
18.9144
19.6906
19.7641
19.7270
19.3964
19.7465
19.7630
19.1258
18.9991
19.2606
19.8131
19.4678
19.4282
19.6379
19.4306
19.7734
19.6002
19.7216
19.7414
19.5154
19.2930
19.4826
19.3763
19.2419
19.4321
19.2458
19.4491
19.3043
19.3635
19.6904
19.2891
19.3436
19.5311
19.4905
19.3450
19.2564
19.5834
19.7170
19.6348
19.7044
19.4688
19.2805
19.8377
19.8733
19.5782
19.4257
19.7874
19.5224
19.4163
19.2652
19.5073
19.5155
19.3200
19.4444
19.3381
19.2874
19.4904
19.6404
19.4894
19.5108
19.6073
19.3952
19.0009
19.3240
19.4903
19.6403
19.3993
19.5186
19.6113
19.5312
19.2593
19.2269
19.1880
19.3198
19.6223
19.6796
19.4876
18.9334
19.7292
19.6310
19.4322
19.3717
19.6857
19.6156
19.5362
19.3904
19.3242
19.2285
19.3848
19.4021
19.2766
19.3194
19.8690
19.4043
19.4002
19.5779
19.3580
19.1772
19.4152
19.4343
19.8918
19.2246
19.4362
19.5189
19.3632
19.3568
20.1103
19.4074
19.5850
19.4703
19.7311
19.4258
19.7008
19.6094
19.2957
19.5588
19.4954
19.5237
19.1901
19.4295
19.6906
19.2616
19.7809
19.1906
19.4976
19.9561
19.5456
19.6447
19.3887
19.4767
19.5382
19.1998
19.7794
19.5312
19.5690
19.4151
19.2207
19.6773
19.1776
19.4424
19.3320
19.5800
19.4199
19.6225
19.8989
19.5112
19.5715
19.1504
19.9405
19.3695
19.5409
19.5040
