2.2400
2.5105
2.9167
4.1871
6.2270
6.3227
6.6953
6.7977
6.3972
5.6891
6.3162
6.2367
7.3352
6.2424
5.9842
5.5277
6.4924
5.9818
6.4464
5.7867
6.5779
5.8128
6.3928
5.9246
6.6913
5.3195
5.9552
5.8263
5.5377
6.3199
5.0062
5.1167
5.5346
5.5706
5.5137
5.7928
5.0273
6.0103
5.3430
5.7668
5.0740
5.4009
5.7486
5.1225
5.4171
4.6578
5.0824
5.0051
5.4520
5.0640
6.1655
5.0913
4.9638
5.2367
5.4829
5.2670
5.6043
5.5904
4.8969
5.2227
5.7763
6.2642
5.0952
5.4166
5.2059
5.2681
4.6129
4.7032
5.2248
4.9353
5.2872
5.0339
5.7814
5.3804
5.1269
5.2901
5.1886
5.1413
4.9675
5.3033
5.7255
5.1288
4.9052
4.8938
4.6381
5.1811
4.9970
5.6069
5.5878
4.8837
5.0885
5.4022
5.2319
5.3415
5.5718
5.3991
5.3300
4.8647
5.1268
5.2047
5.1343
4.5588
5.4709
5.3593
5.1712
5.3221
5.6514
5.1816
5.2050
5.3260
5.1087
4.9439
5.2373
4.9625
5.1961
4.9798
5.0899
4.7693
5.1267
5.0122
5.1707
4.9938
5.5260
5.3912
4.6181
4.8843
5.2712
4.9984
5.0716
5.1509
5.1735
5.6375
4.6336
4.6857
5.6600
5.2260
5.1384
5.5354
4.5410
5.3994
5.0391
5.2307
4.9227
4.9260
4.9518
4.8670
5.1135
5.4283
5.3722
5.4531
5.1022
5.6047
5.1248
5.6189
5.2591
5.1667
5.1165
4.8485
5.0548
5.3347
5.7314
5.7331
5.1925
5.4994
5.7145
5.4491
5.7387
5.4080
5.5221
4.6652
5.0610
5.8991
4.6657
4.8131
4.1671
5.0367
4.9796
5.4429
5.7102
5.4419
5.1311
5.3085
4.9290
5.3186
5.1819
5.1591
5.1129
5.1950
5.5272
5.0579
5.6464
5.4959
5.0267
4.9598
5.0181
5.9828
5.5154
4.7951
5.5325
5.8691
