2.6745
3.5391
5.6965
7.2683
7.8984
7.1620
6.9546
6.6626
5.2916
5.5842
6.0258
5.6146
5.7207
5.2238
5.7602
5.1075
5.0198
6.4900
4.5579
4.2922
4.6708
4.7653
4.1285
5.0951
4.4659
3.9341
5.1947
4.3609
5.3377
4.3832
5.2289
4.8429
4.5734
4.6041
3.8385
5.9107
3.8314
4.6658
5.1559
4.6632
3.9867
4.3303
4.5118
3.5803
4.2314
4.4354
4.1647
4.1715
5.2937
4.2624
4.2306
3.9120
4.3186
5.1467
4.5326
4.5569
4.6149
5.2526
4.4141
4.0615
3.8383
4.0705
3.8512
4.1947
3.3833
4.3292
3.6528
4.5941
4.2425
3.7864
3.9449
3.1588
3.7466
4.1400
4.1720
3.6930
4.3609
4.2362
3.6780
3.6670
3.8968
3.6109
4.0008
3.5268
3.3733
3.4320
3.7555
4.1458
4.3128
4.6557
3.6839
3.6028
3.0659
3.5805
3.6167
4.9301
4.1158
4.1335
3.4706
4.4709
3.6580
3.1675
3.8888
3.2043
3.7674
3.6379
3.9712
3.5882
3.2355
3.1186
3.1710
2.9805
4.2865
4.0948
4.1108
4.1516
3.8823
3.9760
3.7656
3.3927
3.7294
3.6619
4.1951
3.2486
3.4457
3.0931
4.5307
3.4935
4.4298
4.0482
2.8824
3.6364
4.0431
2.7643
2.5366
3.6954
3.4581
3.2738
3.8017
3.9530
3.0552
4.6308
2.8750
3.2602
3.5336
3.2221
4.0863
4.6310
3.7243
5.1893
3.5534
3.2636
3.6065
4.0562
3.2682
4.2791
3.8600
3.3096
2.4440
3.2190
3.8037
3.2110
3.6916
2.6687
3.6144
3.6018
3.2683
2.5879
4.0137
4.2008
2.9602
3.3813
3.3213
3.3972
3.9213
2.9472
3.6963
2.8560
2.4163
2.4018
3.7561
3.0455
2.9612
4.1674
3.2852
3.5835
3.3966
4.0657
3.6244
3.6704
3.6397
3.1518
3.8330
3.2315
3.5809
3.2819
3.5949
3.6294
3.6308
3.0353
