16.3971
15.1296
13.1366
9.2334
6.3019
5.2585
4.3218
6.1984
4.2281
5.0100
14.7745
17.5292
14.7949
8.0232
4.7726
3.2052
3.4406
2.9855
3.2217
3.4957
3.7037
2.8759
3.8399
12.6396
15.8748
12.3225
3.2119
3.3609
3.6513
2.7274
2.8594
2.4290
4.7908
4.8221
8.2473
15.3270
5.4429
3.3092
3.6486
5.0204
2.4869
7.4257
10.8000
16.4448
7.1088
7.7818
3.8487
3.2629
3.7731
3.1510
2.5142
3.1473
2.9577
3.3749
3.1791
2.6619
8.4726
16.6884
17.2143
4.1004
3.1138
3.7292
4.5531
1.9801
3.3981
3.5070
13.0283
9.3874
15.9729
14.9182
4.6253
7.8536
5.3946
3.4701
3.0522
2.8113
3.2583
3.2242
2.6168
4.0845
9.7057
17.9975
8.9672
11.9885
5.1166
4.5206
3.3790
3.2164
3.5910
3.2525
2.6490
4.8451
10.8307
14.5461
12.6221
14.3479
7.4229
3.6489
3.3762
3.5477
3.7438
3.6672
3.2354
3.6219
5.6019
9.0489
16.2300
16.4265
7.6939
5.0326
2.8867
2.9247
2.8589
2.6805
3.1697
2.0866
2.7512
5.7320
2.7351
4.1238
11.3676
7.4657
11.6792
8.1197
3.5482
2.6407
2.0612
3.4856
3.5522
5.9144
11.9520
13.7641
8.3533
6.8559
10.3822
7.7959
5.0991
4.2134
3.8283
3.3012
3.9664
3.4060
3.7660
5.3998
16.1032
16.4290
16.7535
6.5259
5.6333
3.1940
2.3692
2.3760
2.8290
2.9855
3.2526
3.1914
2.4394
12.0110
12.5264
6.4114
7.8334
2.4808
3.2051
8.6283
11.5432
14.3360
15.5780
8.8323
2.9635
3.5562
4.8681
2.7498
2.2553
2.1051
3.0212
3.3500
3.2883
9.9079
14.6252
9.8352
12.8544
4.1795
3.9773
3.1724
2.4279
3.3233
2.8935
3.2062
3.8007
4.1472
7.6915
14.7722
19.0255
11.5156
6.2562
5.8086
2.3317
3.3863
3.2062
2.5782
