20.3911
11.7813
11.0894
8.5347
7.7957
7.6990
7.3433
8.8674
7.7501
7.9577
6.8485
8.7682
7.0414
7.6288
7.8559
7.0760
6.4399
7.2679
6.5664
7.0947
6.5249
6.3671
5.5030
7.0110
5.6536
6.9337
7.7728
6.9533
6.9167
5.4569
6.6971
6.8281
6.6750
6.2513
7.3188
6.7877
5.9014
6.9982
6.6702
7.1017
7.4414
6.5596
6.9174
13.2408
8.5990
6.7996
6.0810
7.0986
6.1327
7.2615
6.7411
7.1763
5.5816
6.4073
6.4023
7.1963
6.1359
5.9938
6.8406
6.6173
5.7879
5.9039
6.5770
6.3601
7.3857
6.8515
7.0017
6.2687
7.5868
5.4349
6.6167
7.6824
7.6234
6.8591
7.5254
7.1852
6.1679
6.8643
7.4198
5.5742
6.6330
8.2335
7.5256
5.8677
6.0748
5.7976
8.4701
7.8666
6.7420
6.0352
5.1239
7.2976
6.6029
7.3033
6.6221
6.6971
6.3513
7.9133
6.6585
6.5543
5.9941
6.1901
6.6316
6.5433
6.8000
6.4014
6.2854
6.4315
6.7747
6.3996
11.2623
5.6123
5.9342
5.8049
7.2892
7.2199
6.0414
6.1137
7.1616
5.9701
6.0221
6.4679
6.4504
5.5194
6.8669
5.4362
7.1455
5.5318
6.7156
6.6580
6.2506
6.7136
7.1022
8.0017
6.3041
6.6529
6.3955
4.9291
6.1950
6.9663
7.2745
7.7214
6.5342
6.7359
6.8409
7.5719
6.6956
5.9833
5.5693
6.4945
4.9806
6.8594
5.8878
7.0983
7.3219
6.1217
5.7855
6.9914
6.9104
6.7517
6.9217
6.5690
7.1763
6.5771
7.9133
7.1935
5.2119
6.2002
6.8982
6.0410
7.7958
7.6822
6.5990
5.5435
5.9702
6.0925
6.6967
7.1605
6.1782
6.1733
6.8872
5.7741
6.8360
7.4508
7.4640
6.7454
5.9710
7.0708
6.6639
7.1419
6.2622
7.3293
6.1313
6.3390
7.5208
5.8782
6.2459
7.1689
6.3888
6.5293
