1.5923
8.0397
6.0860
5.3505
4.8360
4.7029
4.2778
4.2155
4.2887
3.9195
3.6699
3.9385
3.9660
3.4998
3.4665
3.4175
3.3865
3.4739
3.2928
3.5785
3.5522
3.5105
3.5428
3.5698
3.4092
3.5052
3.3164
3.3231
3.3361
3.3572
3.1089
3.0521
3.4844
3.4177
3.2109
3.0268
3.2735
2.9187
3.3168
3.4594
3.1450
3.0034
3.0814
3.0568
2.8117
3.3366
2.8523
3.1720
3.2041
2.9166
2.9712
2.8528
3.1082
3.2095
2.9311
3.0050
3.1499
3.1083
3.1236
3.2113
3.1731
2.8049
2.7536
3.1339
2.9768
3.0110
2.7920
2.8645
3.0346
3.0180
3.3312
3.3543
2.9317
2.9965
3.0636
2.8634
2.8492
2.6760
2.8855
2.8237
2.9594
2.7355
3.0418
3.1612
2.6535
2.8747
3.1378
3.1059
2.8526
3.0874
2.7273
2.8677
2.8043
2.9107
2.7559
3.0810
2.8263
2.8366
2.6539
3.1122
2.6534
2.6904
2.7562
2.6824
2.7425
2.8797
2.8098
2.7216
2.8755
3.1160
2.7731
2.8799
2.8842
2.9444
2.9810
2.7657
2.5656
2.7542
2.7480
2.7377
2.5532
2.9284
2.7200
2.9433
2.7650
2.7506
2.7602
2.9721
2.7834
2.9423
2.8490
2.7082
3.0683
2.8391
2.8676
2.7043
2.6944
2.5273
2.7968
2.5476
2.6086
2.8341
2.8105
2.9903
2.7614
2.8971
2.6179
2.8907
2.9277
2.8672
2.7451
2.7854
2.5934
2.7834
2.7570
3.0808
2.9669
3.0015
2.8177
2.8186
2.9043
2.6226
2.7687
2.7303
2.7705
2.6840
2.7083
2.8126
2.8748
2.9599
2.7832
2.6800
2.9870
2.7554
2.9689
2.9239
2.7799
2.9121
3.0767
2.7595
2.5274
2.8494
2.5173
2.6589
2.7641
2.8845
2.6517
2.7942
2.6103
2.7057
2.5073
2.9109
2.9270
2.7559
2.9725
2.6120
2.9467
2.6914
2.7563
2.9330
