18.5817
16.7217
15.1006
14.3518
14.6191
14.1767
13.4763
13.1610
14.1020
14.0195
13.1146
10.9142
14.3151
12.3480
11.8865
12.6519
11.4722
12.1360
11.5036
14.4522
13.9018
14.0497
13.9430
10.9819
10.8562
11.5524
10.1800
10.3722
11.3165
12.2924
11.9847
11.7138
11.1155
12.3767
10.2999
11.3765
12.7840
12.3832
12.1756
13.5205
11.9170
12.2057
10.0863
10.9208
11.1430
12.2146
10.9597
12.6515
11.3393
11.0117
10.4196
10.0267
7.9336
11.1455
11.5915
10.6678
11.1848
12.0317
11.4008
10.1244
10.0797
11.2493
11.3581
12.7305
11.4153
12.8819
9.7617
11.1304
12.9536
12.3555
11.6662
11.3752
9.2126
11.8677
8.9215
12.5207
10.8581
10.9289
10.3442
12.7730
12.7835
10.3293
12.1891
12.5652
8.8694
10.4164
10.2011
11.4975
10.2195
9.8711
9.1241
10.7125
9.8932
11.4090
11.7620
11.1913
12.8426
11.5017
10.3399
10.3083
8.9902
9.4186
11.2613
10.7036
9.4875
9.4470
12.4378
10.0302
9.3837
11.8187
10.7241
11.7717
9.3707
8.7012
10.1061
11.7603
11.3258
11.5151
12.1514
9.4896
9.5513
9.3518
9.0335
10.1317
9.1715
11.2230
13.4682
11.9985
12.0717
11.5321
9.8467
10.3877
11.4274
11.2681
9.0115
7.8988
10.8333
12.1795
10.6433
9.8972
10.0690
10.6353
12.3873
10.3973
9.1052
9.4908
11.1228
13.6906
10.6762
9.6696
9.4016
11.1195
9.6339
8.9261
10.6797
12.6231
9.5619
10.6755
9.9744
8.7782
10.1786
9.7628
11.6769
11.2625
11.4958
9.4699
12.2133
10.9919
11.3443
9.8619
7.0798
10.6516
11.5959
10.7175
11.0585
10.7327
8.7736
10.7385
10.6535
10.3635
11.1390
11.3236
10.5512
9.2729
10.2792
11.4784
9.7384
11.4422
10.4610
11.4826
13.4268
11.4227
12.4531
9.0782
10.8672
10.9894
11.0983
8.5578
10.3826
11.8704
