4.0896
8.9116
14.3428
17.0739
18.9940
20.8547
21.6851
22.6552
24.3003
22.6416
22.9028
23.4034
21.5297
23.0095
26.5811
27.5131
22.4550
27.6218
27.2894
23.7568
24.2150
27.3256
23.0365
22.2963
29.4761
25.2976
28.5995
24.8061
26.2661
28.0312
24.9076
27.6141
24.5910
27.6042
27.6020
28.6215
26.4105
25.1908
24.7368
28.4685
27.8852
27.2948
23.4440
32.0129
28.0358
31.9703
26.4349
28.2571
33.3514
34.5468
29.4854
30.8887
31.4657
28.4118
27.2427
29.3079
29.0449
28.1824
26.4156
28.0537
26.5543
27.9717
28.6230
32.8889
24.0882
25.2490
24.6092
26.1331
28.5262
23.2894
22.2490
27.1575
31.3509
28.5895
26.9861
27.8897
25.4743
26.1792
25.3400
23.3819
28.2578
24.5902
34.2840
29.6909
26.5065
30.3987
34.3728
30.7116
35.6880
25.5650
36.7551
32.8231
27.5480
32.2236
32.6832
31.6904
29.7300
30.5198
31.7685
29.8697
24.5328
29.6423
34.4314
31.4550
30.7183
29.2088
37.4606
27.6724
35.0816
35.9107
28.8689
28.4097
31.0594
30.5602
29.3121
29.9865
33.2980
34.9726
39.6229
35.0758
34.7696
37.5432
27.9724
27.6818
32.2478
29.7442
29.6545
40.3161
38.4044
31.4919
35.9677
33.9656
34.8302
34.7093
31.4884
31.3996
37.2111
41.2882
39.0367
29.4375
46.1868
29.5088
34.0964
36.6357
33.4169
30.4596
40.8044
31.9746
34.2059
28.6859
30.9144
32.5767
35.5052
31.4713
38.9387
30.6067
27.0913
39.3667
39.3540
34.7578
36.7804
39.2971
42.3444
37.3591
37.1197
33.2572
37.6242
39.0878
33.2591
49.7491
39.2420
34.6177
36.2562
40.5496
29.0728
35.0787
37.5435
38.1754
51.1816
41.6760
39.7877
23.2939
44.9724
36.8862
45.6361
34.9096
43.5605
33.8767
46.4965
39.6677
33.2584
41.8058
45.8308
34.7829
61.0317
58.4155
47.3289
44.4988
43.0037
32.3297
