2.0410
1.9106
2.4654
4.2957
4.9906
6.3889
7.2574
6.1480
7.7630
7.0607
5.8895
6.1794
6.5149
5.6411
6.5599
6.5360
6.1302
5.7508
7.4864
6.0219
6.4190
7.5267
8.1644
6.6018
6.1320
5.6222
5.8974
6.3322
7.0168
6.2736
6.8488
6.3025
6.3146
5.8382
5.5827
5.8893
6.2690
6.3537
5.8294
5.4986
6.0289
5.5256
5.7580
5.8560
5.7630
5.9092
6.6572
5.9852
5.9651
5.9527
6.1412
6.1271
5.6428
6.4338
6.1453
6.6219
6.1721
5.9869
6.3118
6.1036
5.9412
5.7645
5.9252
6.1102
6.9414
6.7505
6.9131
6.2721
5.4937
5.8597
5.5856
6.0508
7.0473
5.8849
5.7997
5.6527
5.8575
5.6101
6.2716
5.6627
5.4277
5.4720
5.7465
5.8349
6.4919
5.8994
7.4230
5.4534
6.1884
6.5642
5.6185
6.2147
6.8328
6.4261
6.0834
5.9723
6.2892
5.9626
5.7192
5.7773
5.5079
5.9419
6.3892
6.4283
6.2052
5.1863
6.5359
6.0571
5.6359
6.7905
6.1371
7.0141
6.3534
6.3639
5.9702
5.9786
5.8895
5.7483
6.4825
5.5100
5.4034
6.2314
6.5999
6.1883
5.6329
6.1307
5.9024
5.9420
5.1469
6.6581
5.4146
5.7100
6.3715
6.0574
5.6273
6.4034
7.2578
5.6807
6.1828
6.5656
5.9137
6.0864
5.8718
6.8298
6.9033
5.6342
6.6108
6.0371
6.3544
6.3160
6.0690
5.7378
5.4603
6.4529
5.8285
6.2584
5.8500
5.8930
6.2158
6.3526
6.0044
6.0367
6.2439
5.1057
6.1365
5.3862
5.8832
6.9477
5.6004
6.0352
6.0076
6.1825
5.8896
6.6307
5.7187
6.5024
6.3342
6.6679
5.7687
6.5110
5.9496
5.5935
6.4539
6.0369
5.8012
5.0132
6.4949
6.5471
6.4629
5.7726
7.3404
5.7178
5.7174
6.5108
5.7178
6.5189
6.0441
6.7347
5.4380
6.1606
