13.6958
9.9358
10.4285
11.5150
11.7858
11.2954
9.9749
10.8459
13.5073
11.9210
11.7666
11.7056
11.5518
10.4765
10.0681
11.4975
12.8508
12.3791
11.9298
11.8347
13.0570
10.8444
11.2092
14.2947
11.2139
9.9533
12.8827
11.9184
10.7584
11.8516
12.3727
12.2916
13.5713
10.7060
11.4550
14.4848
14.5438
14.1647
12.1920
12.1795
11.6288
12.4057
14.1073
11.5226
12.7160
13.1233
12.3382
12.8145
11.6891
11.9371
13.5188
13.9251
12.4903
14.2854
11.7369
12.2678
12.8466
11.1394
12.9623
13.3642
14.7909
12.6989
12.7080
13.8985
12.2825
14.3938
13.9034
12.5903
11.7951
12.6813
12.4039
11.4220
12.2596
13.6965
13.6077
14.5673
12.3681
12.1908
12.6725
10.9758
13.5433
12.5003
12.1855
12.6711
13.2633
12.5155
13.9966
13.2911
12.7270
12.2305
13.6703
13.8207
12.6565
14.2966
13.7916
11.7434
14.0300
12.8182
12.2749
13.4541
12.4727
13.7486
15.0667
13.0740
11.5239
11.8269
11.8439
12.6789
12.9389
12.5542
13.6900
12.6439
11.8138
12.1338
11.8178
12.7622
13.6829
13.6054
13.3777
13.2090
12.0234
14.1949
11.3908
12.7441
12.6549
13.9888
13.6329
13.6429
14.5098
12.8449
14.3115
13.0911
13.3021
11.9800
11.9784
14.5066
12.2042
14.0762
12.0372
12.9245
15.2078
12.5998
12.1453
11.9266
14.2090
14.4398
12.8351
13.9275
12.0416
12.1379
13.3328
12.6401
14.7913
13.6929
13.2341
13.7839
13.5942
13.0195
13.1861
11.8405
13.4032
13.2664
12.5709
13.9995
11.5951
13.9332
13.7835
12.6545
12.1665
12.5348
12.4984
12.6006
13.1780
14.5751
11.2611
13.5712
14.1199
13.7740
12.1715
12.6565
13.1764
12.9817
13.7368
11.7136
14.3500
13.9454
12.1245
10.4871
13.5412
12.3516
12.5268
13.7308
14.0033
14.7489
11.7711
13.4979
13.6357
11.7448
12.4145
14.0496
