1.8068
1.5713
2.9414
5.0520
6.3097
6.0504
7.1832
8.2641
7.5203
7.3625
8.7793
6.3867
7.2690
6.8071
7.4961
6.2166
7.8975
7.0552
8.3004
8.3636
6.9962
6.7243
6.9278
8.8412
6.0632
7.0405
7.3882
7.9575
9.2890
7.1178
7.4154
6.7911
5.9477
7.3105
7.4488
8.8674
8.0756
7.7414
7.9396
5.3056
8.4805
7.2822
8.4277
6.8680
6.2784
8.3571
7.8757
6.6952
6.4030
8.1453
7.1055
8.4039
8.6682
8.1876
8.5022
8.1923
9.2626
6.8307
8.3290
6.8672
7.3721
8.0511
7.5667
6.9771
5.8562
8.6983
7.2541
7.4193
6.9581
6.7986
7.3325
6.2606
6.6295
7.9012
7.4225
6.4533
7.9082
7.2084
8.1701
6.8853
7.4364
6.4152
7.2220
8.9071
7.4071
7.0131
7.4108
7.0245
7.5648
10.2573
8.9589
7.3036
10.5937
6.7123
7.6884
9.3145
6.6534
8.6545
8.4510
6.4469
10.1862
7.5095
7.6987
8.8338
6.1385
7.7500
8.0888
8.4949
7.5192
6.9918
7.0238
7.4168
7.5708
7.3508
7.8875
7.1440
8.7583
7.8038
7.4147
6.5884
7.7014
6.7899
8.5883
8.5599
8.3693
7.8393
9.8170
7.7775
8.3349
8.3674
7.8763
7.4031
7.9683
8.4499
7.6513
7.9074
7.6388
7.9994
8.2447
8.2497
7.5135
7.7579
7.2159
7.3498
6.8277
7.6898
6.9875
7.6667
7.1384
9.0175
8.4482
8.4852
7.6414
7.7198
7.1446
7.2956
8.1516
7.0523
8.3208
9.6898
8.1316
7.1956
8.7689
6.8649
7.0224
7.9268
7.7833
8.0706
6.1860
7.2133
6.9729
6.9723
8.3905
8.9656
6.8387
8.5704
8.9106
7.4577
7.1825
7.1319
6.6437
7.4568
6.8656
6.6520
9.7410
8.7359
8.5764
6.5075
8.3692
7.1753
7.1211
9.0784
9.1453
8.4266
7.5680
6.9861
8.2808
7.9513
6.7112
8.4703
