2.5528
4.5067
5.8556
8.7544
9.6115
12.6573
12.6645
15.8941
17.1290
16.3626
17.6778
16.9847
15.6379
18.6733
17.0891
15.2177
17.5991
19.2384
21.3575
20.0861
19.2373
21.6116
18.3959
17.8877
20.8671
20.8234
22.9464
21.6297
24.8920
22.4603
26.0839
19.1582
24.2929
24.4905
24.6855
25.8382
22.4506
22.1997
24.2737
25.0540
25.4082
25.2750
28.2403
28.8367
32.1111
24.4468
24.0183
26.7247
23.2395
28.0068
22.5921
29.8404
27.4705
24.7495
35.1875
27.0380
29.9478
25.6188
27.6770
27.7823
25.8679
28.3853
28.5555
29.1622
26.6836
28.6097
30.6678
32.4403
28.0198
31.0639
28.6120
36.0479
34.1803
30.0133
32.2119
40.4820
33.9887
33.3085
32.6367
22.8786
33.7395
35.2161
29.9780
32.1630
29.4403
36.2960
31.1108
30.3880
27.1171
26.8178
41.5201
30.5426
29.1303
36.6177
33.4162
33.1273
35.7677
32.8757
30.2800
26.4267
28.7975
30.6592
34.9132
28.4854
34.7622
31.6291
33.5680
38.2644
31.6957
32.4576
35.1091
35.3891
36.5742
36.2696
29.6717
34.9058
39.7530
39.9328
40.0330
39.9838
32.7042
28.0662
38.4999
32.5793
37.5315
28.8614
33.7840
34.3378
33.0081
43.2153
31.1511
32.2462
30.2465
38.6073
36.4668
36.0698
37.7778
40.2526
34.6106
35.9913
32.9364
39.0354
40.8584
36.4277
32.6174
42.9106
40.4728
45.4824
33.5159
39.0552
43.8213
42.5561
37.4404
35.8810
37.8301
39.0862
42.8992
52.9832
36.2524
38.1310
37.4300
39.8046
33.4850
46.8399
39.4493
41.7142
31.7330
32.8937
39.5790
39.9963
43.3671
35.3573
38.1066
39.8473
32.3699
39.5255
42.2673
44.7307
48.2144
37.2435
39.3722
40.4769
41.9963
35.7675
37.5222
38.6838
47.1407
41.3689
37.8646
33.7064
40.1679
41.4340
39.3115
40.1425
38.6231
40.4970
29.4865
37.1999
41.9790
39.3165
