1.6307
4.0494
3.2090
3.1846
2.4594
2.7772
2.5976
2.3735
2.3819
2.2795
2.0921
2.0986
2.3156
2.0263
1.8966
2.2192
1.9521
2.0200
1.9450
1.8716
1.8747
1.9539
1.9305
1.8666
2.0760
1.8769
1.9568
1.9332
1.8262
1.8727
2.0310
1.7107
1.9532
1.7011
1.7145
1.7031
2.0084
1.8871
1.7045
1.6777
1.8387
1.6686
1.7268
1.6884
1.7773
1.8675
1.5894
1.6852
1.4769
1.7984
1.7369
1.7140
1.6416
1.6969
1.7706
1.7973
1.4753
1.6358
1.6982
1.4330
1.4771
1.5980
1.8228
1.7525
1.6851
1.6431
1.7955
1.5568
1.6941
1.5735
1.6765
1.5854
1.7549
1.5319
1.6279
1.5021
1.6840
1.6597
1.6755
1.5530
1.7462
1.5350
1.7056
1.7577
1.5067
1.5701
1.7595
1.6225
1.6546
1.5484
1.5578
1.5964
1.6750
1.6561
1.6110
1.5711
1.6178
1.5646
1.6037
1.6659
1.6434
1.5887
1.6747
1.5335
1.6168
1.6262
1.5994
1.7629
1.6318
1.5472
1.7021
1.7717
1.7387
1.6391
1.5259
1.6765
1.6219
1.5248
1.5807
1.7853
1.6892
1.5756
1.7947
1.6788
1.6571
1.5948
1.4457
1.4991
1.5834
1.4947
1.4435
1.4708
1.6788
1.6049
1.5863
1.4570
1.6182
1.5967
1.5490
1.5255
1.5135
1.5814
1.6864
1.6747
1.6798
1.4693
1.7118
1.5873
1.6645
1.7145
1.5805
1.5453
1.4477
1.4980
1.6658
1.5900
1.3632
1.8441
1.4062
1.6065
1.4356
1.5784
1.5956
1.6643
1.5766
1.5967
1.6718
1.6742
1.5594
1.6601
1.4846
1.6908
1.5608
1.5696
1.4413
1.6413
1.4961
1.6009
1.5834
1.6471
1.5884
1.5949
1.5072
1.5031
1.5820
1.5651
1.5012
1.6536
1.5880
1.4403
1.6251
1.4625
1.5667
1.4990
1.4684
1.4397
1.4760
1.4179
1.5824
1.6131
