2.8008
3.1042
4.6881
5.4858
5.4080
6.2505
5.6326
5.6403
5.4906
5.2175
4.8637
4.8806
5.5620
6.2184
7.4161
7.4741
6.2105
6.3670
5.5933
5.3584
7.3625
6.2363
5.7876
5.9895
4.8419
4.3959
5.8187
5.2549
5.9862
5.6815
6.3680
5.1359
5.5930
5.5786
5.9052
5.6541
5.6865
4.5269
6.1035
4.7133
5.4880
5.5011
5.6363
5.3439
4.3045
5.2331
4.2592
4.4003
5.0169
5.4182
6.2203
5.1669
5.3058
5.0665
3.9112
6.4285
4.3512
5.5891
4.6182
4.8852
5.1352
5.4492
4.1568
4.6947
5.1358
5.0076
4.5275
4.6515
4.5422
4.1743
5.1811
5.4764
4.3444
5.4920
5.4972
4.1704
5.7347
4.3830
3.5236
5.4141
5.2804
4.3877
4.5309
4.6694
5.6656
6.2706
4.1966
4.5286
4.8997
5.9257
4.3640
4.7797
5.0513
4.2110
4.3477
5.1056
4.5411
5.3372
3.8358
3.7814
4.5084
4.9714
4.5416
4.9848
6.9378
4.3692
4.4502
4.3887
4.2362
4.7653
4.8492
3.9038
4.1886
4.7214
4.4149
4.0139
3.7285
3.8974
5.0635
4.5475
4.1055
4.3386
4.7031
5.5134
3.8641
4.1055
4.5401
4.1731
4.2310
4.7538
3.5214
3.9239
4.7431
3.7007
4.2671
3.7612
3.1841
5.6536
3.8739
3.4611
4.7554
4.1108
3.8245
4.2689
4.0841
3.5425
3.3476
4.7945
4.9039
3.4247
4.5097
4.6904
3.7773
3.0999
4.0249
3.8567
3.7883
4.7915
4.1780
3.4412
4.2139
4.0062
4.5903
4.6561
4.5636
3.4974
3.7601
4.0513
3.6113
5.8040
4.0083
3.7261
3.2749
4.3970
3.6388
4.3327
3.3683
3.7766
3.3909
3.3684
4.4457
4.8239
3.4035
4.7152
4.4741
3.6277
3.3845
4.8077
3.8393
4.2945
4.0253
3.6298
4.0825
3.6515
4.3660
4.0184
3.0862
4.8371
3.9221
3.1835
