2.1668
2.1492
2.8342
5.8343
7.7922
8.7721
10.2459
10.1961
11.5489
10.1686
9.9834
11.0412
10.0680
11.0216
11.8613
12.4389
9.7595
11.6696
10.6569
8.8545
9.8493
11.0864
11.8152
12.2036
8.9370
10.9097
10.7811
10.5897
10.9130
12.5226
12.4876
10.6842
12.3283
11.5597
12.8189
11.3596
12.9463
11.9127
11.0265
11.1944
11.1840
13.3121
12.2163
10.9029
9.8565
10.9843
8.8139
11.2922
11.4744
11.3174
11.6617
11.7031
11.2076
11.1918
12.4532
11.5885
10.8182
12.0207
11.2795
9.9335
11.2592
12.4496
13.3669
7.9823
9.4846
10.2373
10.1038
12.1836
10.2198
11.7056
11.5494
12.2208
11.0024
12.1101
10.8843
13.0220
9.7668
11.5134
9.7619
10.1701
11.7633
15.2297
10.2620
11.7702
10.3174
10.1044
13.0782
10.4965
9.6334
9.3038
10.5096
10.4260
10.1947
11.7266
12.5569
11.8022
10.5960
12.8254
10.9583
10.7063
10.2019
10.2220
11.6762
10.4532
11.7478
12.5857
10.9333
11.0095
11.5903
11.6802
12.7767
12.2030
10.3264
11.1162
10.7070
12.0750
12.5435
12.5108
11.7054
10.6328
11.6077
12.1633
10.0793
9.0608
11.2552
11.2664
10.5792
11.7691
9.3038
11.1008
10.9501
10.3806
9.6352
10.5670
9.8230
11.9177
14.1358
10.7688
10.6017
10.2956
11.6481
10.3327
10.8189
12.8568
9.4820
11.3461
11.0003
10.1131
8.9972
12.0193
12.2764
10.3533
9.6498
10.7129
9.0834
11.8353
11.9966
11.0066
11.2494
10.7386
11.3924
12.3261
11.9316
10.6643
9.4335
11.2263
11.2887
10.8111
11.9670
12.9732
11.9222
11.4527
11.1191
11.4525
10.0075
10.0726
10.5545
13.0294
11.3854
11.9642
10.6482
11.1318
11.5426
11.7605
12.3886
11.3859
10.9262
10.7675
9.7739
10.9381
11.6889
12.5222
10.7091
11.1527
11.3369
9.2642
11.9005
12.3872
11.5982
11.4756
