2.6354
5.2094
7.3537
6.5658
8.4673
7.1106
5.5612
6.0042
6.6445
5.2625
7.6177
5.6156
6.2343
3.4979
5.7248
4.6352
4.2070
4.0283
4.1872
4.2075
3.0569
4.3176
4.3251
3.6854
5.6382
3.3604
4.0559
2.3865
4.3879
3.9997
6.2513
4.8319
4.1894
4.0449
2.8527
3.9711
2.5623
2.8551
2.1182
5.0883
2.9515
3.5705
1.8619
4.8453
4.1234
2.9833
2.2105
2.5185
3.8401
3.4526
2.6555
3.9164
4.6938
2.8942
3.8357
2.8641
2.5378
1.9287
2.7541
2.9334
2.3436
1.9673
3.7994
3.7567
0.8911
4.1560
4.7678
3.1105
5.3659
3.8640
2.7233
2.1423
0.8166
2.9186
2.9514
2.7841
4.8371
3.7433
3.3660
2.7880
2.4175
3.1608
5.2536
4.6431
1.2167
3.3405
4.4052
3.9174
1.8897
1.4432
2.2139
3.1007
1.2133
2.4110
3.6178
4.1005
2.9375
6.6105
5.0675
1.9707
2.4489
4.3157
1.9352
3.9891
2.7689
3.4416
3.3342
4.7177
2.1063
1.9560
1.6594
2.4104
2.2291
2.2421
2.7780
4.1939
1.9749
2.7864
3.3575
4.1369
1.0827
2.2045
1.3801
5.5393
1.0461
2.8926
1.9684
4.1175
1.2642
2.1664
2.0974
2.5663
4.1077
3.6299
3.1422
2.7308
2.3399
1.4308
2.4502
2.4069
1.4844
4.0136
3.3523
3.4386
1.3981
2.0350
3.3922
4.0913
3.4084
3.0151
2.1592
2.6082
1.5645
2.1500
0.9779
2.6819
1.6152
2.3706
1.4079
4.6569
2.7139
2.0059
1.9265
3.5837
2.1465
4.0711
1.7605
3.0286
3.4394
4.2110
4.1440
1.9569
1.5335
3.8129
1.3585
1.9151
3.6671
4.3514
1.3332
1.2489
2.1465
2.0568
2.9312
1.9624
2.2868
2.8074
3.7258
3.9600
2.3436
0.8902
1.7185
2.7110
1.1086
1.2474
2.6945
1.5226
1.5484
1.5164
1.8777
2.7494
