20.4130
13.6361
8.5252
7.3504
8.1599
7.2061
5.4461
6.0708
8.6873
4.8284
6.4634
5.1825
5.8228
7.2346
6.1374
7.6406
7.6925
5.3568
4.5485
7.7240
4.4027
5.3692
6.6873
5.5581
8.3293
7.3357
5.1266
5.7633
6.2048
5.7743
5.5773
5.8243
4.6357
6.5268
7.0082
7.0562
5.8118
6.6493
6.3197
5.9425
6.1760
7.1410
6.3957
6.0159
4.8647
6.5076
6.3056
7.3712
5.9362
4.3803
5.8004
6.5251
5.9723
6.6301
5.4101
7.8003
6.7663
4.6378
7.4521
5.1088
8.3211
6.4506
5.6259
8.2014
5.9900
4.7508
4.6200
7.4563
5.8661
6.2235
9.3860
5.3800
6.5584
8.0734
6.2649
6.2467
4.8959
7.2548
5.9383
5.0191
5.4933
5.1914
6.3431
4.7812
5.2150
6.3682
6.1826
7.0909
5.8433
7.3680
4.8345
3.7769
5.4166
5.2033
6.2596
7.8624
7.6413
6.4229
5.0361
5.6079
4.8073
6.3107
3.7140
4.5668
5.8851
4.8530
5.2909
7.8935
6.8216
6.5768
5.1337
5.4157
5.8428
6.6388
6.9396
5.9571
5.5053
5.2491
6.8735
4.9457
6.5662
7.2798
7.2435
6.1732
5.9008
5.4501
7.3253
7.0027
4.3410
4.8556
6.5527
5.4025
4.8984
7.1979
5.8268
4.1919
5.3342
7.4003
5.7206
6.0010
6.8165
5.9759
5.0027
5.8483
6.0111
7.9731
5.6349
5.6329
4.9452
3.9478
6.9166
4.9652
5.9484
4.7146
5.1945
4.6705
7.7975
4.4930
7.4588
4.4813
5.1721
5.1255
7.0751
4.9486
6.0741
5.7829
5.5265
5.8560
6.1142
7.7270
3.9323
5.9143
5.1514
5.8315
6.5320
6.2647
6.2480
7.8263
6.0432
4.1569
5.9146
6.1760
5.1370
7.8329
3.9691
6.0016
7.4888
5.4948
6.4889
6.0706
8.0666
7.8152
5.0891
6.4240
5.1325
7.0159
4.3675
8.1565
6.6300
3.8260
