1.8854
2.5384
3.5284
3.6030
4.3202
4.5698
3.9696
3.7882
4.1320
4.4166
3.2360
3.4315
3.0851
3.8294
2.9320
3.3903
3.0217
2.5439
2.8225
2.8514
2.7901
2.7115
3.5854
2.7632
2.6459
2.4991
2.6842
2.8700
2.6516
2.3100
2.3624
3.3175
2.1306
2.6147
3.2693
3.4012
2.3711
3.1769
2.6727
2.4548
2.6604
2.4375
2.2385
2.5381
1.8718
2.3671
2.4728
2.5338
2.7768
2.8548
2.5138
2.2556
2.3915
2.0767
2.4283
2.7971
2.3096
2.0484
3.7150
2.5342
3.3658
2.1762
2.4902
2.8768
2.5301
3.4061
2.5530
2.6893
2.9958
2.7240
2.6068
2.4500
2.4509
2.4606
2.5552
2.5987
2.5248
2.4141
2.2373
2.7062
3.0004
2.1922
2.6998
2.0988
2.0755
2.0814
2.9328
2.4114
2.7591
1.9999
2.7095
2.3980
2.5975
2.6518
2.0405
2.4856
2.4085
2.0156
2.1288
2.3156
2.6855
2.0789
2.1729
2.4314
2.7141
2.2211
2.3676
2.4364
2.1930
2.1364
1.9784
2.3701
2.6233
1.9475
2.3088
2.1754
2.9703
2.1868
2.4703
2.1428
2.3173
2.2116
2.3187
2.4070
2.2825
2.3112
2.1826
2.1126
2.3845
2.5062
1.7754
2.1111
2.3986
1.6809
2.0507
2.0584
2.8641
2.6895
1.9020
1.9650
1.9642
3.0308
2.2218
2.3369
2.2603
2.0204
2.5772
1.7222
2.8817
2.5440
2.8150
2.2220
2.1790
2.2587
2.8525
2.3341
2.4799
2.2902
2.8291
2.0128
2.1901
1.8565
2.3474
2.5896
2.3424
1.9643
1.9604
2.3813
1.7792
2.3584
1.7097
1.9236
1.5630
1.9946
2.3112
2.5951
2.8033
2.1055
2.2292
2.0499
2.2954
2.2994
2.0761
2.1385
2.3395
2.4149
1.8647
2.4999
2.2765
2.0345
1.9524
2.1101
2.5844
1.9972
1.8314
2.7704
2.1254
2.1458
2.4435
2.1567
