6.4347
2.9173
2.9127
2.1843
2.7454
2.0739
2.3922
2.4053
2.0626
1.9792
2.2362
2.0954
2.4521
2.2868
2.2453
2.1221
2.1059
2.3578
2.0657
2.5451
2.2809
2.4234
2.2452
1.7453
2.2639
2.1727
2.5008
2.0940
2.2854
2.2334
1.8221
2.1976
1.9419
2.0496
2.3468
2.2670
2.3136
2.3970
2.5810
2.0926
2.2251
1.8929
2.5715
1.9587
2.1439
2.0664
2.2563
1.8324
2.4831
2.6112
2.3655
2.0983
1.8872
2.1290
2.1385
1.7460
2.6836
2.4282
2.5973
2.4425
2.5207
1.7179
1.7511
1.9124
2.4815
1.7361
2.0952
1.9316
1.9133
2.5040
1.9698
2.2721
2.3062
1.9502
2.1258
1.6493
1.9467
2.0074
1.9026
2.2476
1.8534
1.9790
1.8136
1.9196
2.3036
2.2602
2.1814
1.8771
1.7729
2.8590
2.2109
2.0133
2.4522
1.6603
2.4755
2.0318
1.6332
2.1975
2.1533
1.7596
2.0480
2.9470
2.2323
1.9109
2.1019
2.0484
1.6980
2.5301
2.8154
2.7329
2.5164
2.6082
2.1924
2.2127
2.0301
1.8511
2.1981
2.0382
2.3308
2.2461
1.8467
2.4910
2.1924
2.0094
2.0797
1.8896
1.7742
1.7960
1.8256
1.8508
2.3752
1.9395
2.0938
2.5672
1.8826
2.1962
2.1904
2.1063
2.3289
2.7366
1.7221
2.0709
1.7781
2.0791
1.5043
1.6619
2.3138
2.4546
1.8757
1.8548
1.8212
2.2836
2.3475
1.6029
2.0013
2.3618
2.1140
1.9599
2.2268
1.9265
2.0347
2.0073
1.8760
2.0050
2.1013
2.4417
2.1881
2.4337
1.6085
1.8855
1.7508
2.6597
2.1985
2.0869
2.6759
2.3744
1.9868
1.7967
2.1157
1.9800
1.7442
1.9303
1.9427
2.0618
2.4814
2.2414
2.0521
1.8026
1.8189
1.6213
2.3955
2.0646
2.0954
1.7357
2.3673
2.0628
2.4716
1.9482
1.8611
2.2999
