5.0602
11.5152
15.6812
19.0580
20.9214
24.0932
26.7721
27.5510
29.1068
32.9973
30.2991
32.5722
29.6428
37.5974
35.2572
35.4310
37.5264
34.3871
36.0646
37.6103
38.4437
37.3045
35.9955
35.8982
39.2006
34.2674
38.3165
47.5445
47.1547
43.2360
41.8064
38.6054
40.4281
39.8970
48.9293
47.0838
41.6830
45.8015
47.6154
44.4150
46.4485
42.2513
43.3307
48.8324
42.5339
44.5826
40.9528
48.1021
52.3661
51.7838
53.6844
51.6233
51.5225
40.3348
44.7026
49.5664
50.7178
49.1437
50.0210
50.1501
51.1626
47.8845
50.9996
58.4526
50.7078
47.0651
55.6248
52.8869
48.4369
41.5844
58.8099
52.5254
54.9352
53.1528
60.6760
61.5086
57.0375
50.3237
54.3052
55.0998
48.9224
55.9028
59.6867
52.7050
47.1496
57.7616
59.5138
60.3128
61.9634
48.9245
57.2835
57.4011
58.1029
59.6870
63.8009
53.3352
62.8858
55.6956
53.0156
59.2257
61.2555
69.0338
57.9961
56.0275
72.4245
64.5392
64.9596
59.4770
59.0135
72.7926
68.9716
70.6767
57.9436
62.6134
70.9301
65.5866
60.3620
62.1625
68.0383
70.9582
74.1069
75.2076
70.0946
64.7475
73.6670
60.9411
71.9574
72.1482
60.0154
62.6614
69.8932
72.8729
63.7564
78.2807
65.2699
66.4203
69.8900
64.5936
91.7035
76.6554
76.1994
71.6260
78.7346
71.5018
73.2765
77.4635
70.9318
74.9634
81.7664
84.1525
76.7412
66.4494
80.0926
68.6981
78.0571
72.8954
74.7291
79.7335
79.4532
82.9548
83.7610
96.2108
70.1113
67.5921
74.8219
89.5244
79.7671
78.6082
87.4357
100.6410
72.3561
89.5721
82.9421
84.3352
71.0724
73.9620
76.4802
79.9351
80.9499
91.7417
82.1151
83.4990
86.9491
84.0814
74.4582
108.6487
95.0269
96.7554
101.4877
76.0114
81.2231
85.9930
88.3830
92.3205
96.0770
82.5362
97.2854
86.9754
79.7680
95.7559
