2.1436
13.3064
13.6697
14.2745
14.9911
15.0040
15.4658
15.8258
15.4191
15.4051
16.0111
15.6929
15.3761
15.5158
15.8095
16.2052
15.6376
15.8514
16.0491
15.8674
15.4264
15.8456
15.8545
15.7931
15.5452
15.6270
15.8382
16.2212
16.0581
15.6420
15.7495
15.3746
15.8046
16.2677
15.7186
15.4190
15.5927
15.9279
15.8672
15.7485
15.9467
16.2844
15.5594
16.2254
16.0579
16.1187
15.9944
15.8802
16.0246
16.0041
15.8067
15.7757
16.1870
15.6082
16.1284
15.3935
15.8491
15.8155
16.1962
15.4856
16.1596
16.1989
15.8178
16.1452
15.6909
15.9804
16.0274
16.2622
16.0099
16.0177
16.0621
16.1909
15.5187
15.9592
16.0238
15.6693
16.0661
15.4844
15.9849
15.8324
15.8400
16.0076
16.0435
15.7792
15.9945
16.2999
15.6699
16.0346
16.1364
16.0393
16.0221
15.8016
16.0591
16.0994
15.7541
16.2328
15.9769
15.5475
15.8798
15.9442
15.8864
16.1554
16.3860
15.8842
15.6911
15.7431
15.8904
15.8555
16.1508
16.0587
16.0590
15.6876
15.8088
16.0902
15.5395
16.0321
16.0771
15.8445
16.0681
16.0857
15.8913
15.8635
15.7961
15.7008
15.8853
15.7931
15.7137
15.8346
16.0437
15.9159
16.2406
16.4636
15.8808
16.0073
16.1387
16.0985
15.7328
16.0068
15.6931
16.2645
15.9694
15.9353
15.8628
15.6660
15.9763
16.0640
15.7967
16.1157
15.9680
15.9910
16.2227
16.3664
16.1286
16.0674
15.6940
15.9108
15.7494
15.6817
15.8914
15.9143
16.1174
16.0053
16.4402
16.0973
15.8821
15.9318
16.0730
15.9370
15.9824
15.9755
15.7497
15.4262
15.9832
16.1619
15.9570
16.0960
16.4537
16.1940
16.0794
16.0569
16.0451
16.3786
16.2235
16.2872
15.9839
15.5982
15.9472
16.2636
16.1036
15.5648
16.2786
16.3239
15.9018
15.5605
15.6454
16.2217
15.8520
15.8591
16.0424
15.8397
