7.4347
3.0434
3.0399
2.3967
1.8855
1.9002
2.7376
2.1486
1.8763
1.9148
2.7175
2.3222
2.6796
1.7035
2.3541
1.4788
1.7264
1.8853
1.8873
1.4142
2.4474
2.1041
1.8842
1.4778
2.4068
1.5004
2.2940
2.7859
2.1024
1.5492
1.7652
2.1343
1.6998
1.1722
1.9019
1.9421
2.1747
1.6642
1.7568
1.6472
0.7836
1.4111
2.4825
1.8021
1.0574
1.5160
1.4760
1.4882
1.6947
1.5228
2.4670
1.7352
2.2765
1.5913
1.7891
2.1597
1.9850
1.2418
0.9648
1.1312
1.6497
1.2410
1.6088
1.6853
1.5005
0.5826
1.4432
1.5678
1.5422
2.1377
2.4860
1.2194
1.4791
1.0803
1.8652
2.0062
0.9844
2.0687
2.1709
1.9622
2.3867
1.5639
1.5545
1.3608
1.5399
2.0625
1.7137
1.0394
1.8495
1.7088
1.7581
1.5211
1.8616
2.5426
2.4224
2.9254
0.9066
0.9914
1.4069
1.9795
1.9627
1.1085
1.1878
1.2841
1.6061
2.2090
1.2204
1.0343
1.9006
1.6590
2.0412
1.4311
1.6877
3.6470
2.6440
2.2575
1.7135
1.6198
1.7108
2.6142
1.7537
1.3025
1.4483
1.7565
2.1914
1.7894
2.7716
1.5807
1.8739
1.3783
1.6704
1.6150
1.7878
2.0445
1.8145
1.1898
2.6178
2.0177
2.1394
1.7386
2.3421
1.8219
1.9645
0.8533
1.3974
1.0719
1.7747
1.2108
1.4469
1.6111
2.3114
2.3050
1.8390
2.5627
1.2089
2.2496
1.6873
1.4527
1.5581
1.5009
1.1584
1.5941
1.8446
1.3429
0.7836
1.8723
2.0295
2.5710
1.7997
1.7718
1.5302
2.0239
2.3382
2.0061
1.9318
2.1342
1.4746
1.7107
0.8724
2.4196
1.7335
1.2909
2.8378
1.1342
0.9042
2.3196
1.8356
3.2844
0.9208
1.5607
2.5763
1.3790
1.8102
1.6108
2.1694
0.9350
1.4201
1.7272
0.8687
1.6208
