5.5423
3.3188
5.1329
7.5408
8.9508
8.8879
7.2713
8.6022
7.6023
6.8029
8.2451
8.4958
10.4987
9.4367
8.6557
10.4938
11.1773
12.6929
11.1880
11.6170
13.6081
12.8459
15.7214
15.0731
14.9716
14.6949
14.6011
13.3816
17.8240
11.1850
12.5081
14.3073
18.3742
15.2614
15.3200
14.2789
16.4454
15.7502
11.1158
14.6829
18.1872
17.3909
20.4396
14.6449
19.3685
16.2222
17.2075
18.1584
17.0497
17.1750
18.6008
19.0623
20.3906
18.4336
20.7409
20.6214
16.4592
16.7206
18.4598
17.3640
15.6200
16.7776
18.2632
19.5236
20.9067
18.6609
20.1995
18.7948
20.4084
19.3197
22.3908
21.0140
24.8357
19.7053
20.6941
23.7147
21.4827
20.3909
19.3085
26.1636
19.9511
21.3165
23.6710
22.8106
19.7903
19.0553
22.9164
20.9624
21.9380
24.5377
22.2499
21.3751
20.1708
24.1011
26.6211
26.1132
21.3163
23.3995
24.9055
20.3990
27.4782
24.2785
25.0722
21.1658
22.4688
25.3579
27.3733
25.7280
20.8092
28.9375
21.6860
25.3083
19.6196
24.9743
26.1719
27.0589
22.6712
25.1188
23.7809
26.6171
26.4076
26.0983
25.9420
26.2173
21.7388
30.8707
26.3342
30.0219
24.7732
20.7941
25.4997
25.0024
25.8139
24.0880
25.6976
24.9409
27.5497
25.2128
27.8107
24.0207
24.7437
25.6802
22.4108
24.1870
29.7580
26.1838
28.4209
23.4759
26.1648
26.3045
30.7769
28.9267
30.1706
28.5369
24.5173
30.0976
30.0191
24.1298
25.6601
26.0956
27.2666
27.6475
26.4003
26.5197
23.7414
31.6780
28.1305
26.0765
31.5760
26.9155
31.0395
32.8357
28.2938
24.9118
31.1011
28.7212
32.9402
28.6529
27.1028
32.2963
28.9381
24.1903
27.8562
30.9395
33.6706
24.3936
31.2190
28.0449
34.3202
25.1750
31.6558
29.9969
25.4820
26.1635
34.3417
32.5369
33.1239
28.9494
32.9624
31.2682
