15.9414
14.3058
11.7401
11.9680
9.1100
15.0193
8.4763
11.1207
13.0502
7.8038
11.5573
12.5126
11.9684
10.4684
11.8312
12.5688
7.4485
13.5623
6.4695
9.4174
5.8783
11.7364
7.6431
14.3800
12.2664
9.5381
11.7498
14.5856
8.1107
11.0591
7.1047
11.5940
13.0147
12.3528
5.6560
10.8580
7.5985
14.0026
5.6465
11.3982
9.6154
12.2662
9.2761
8.0766
9.5516
16.0484
6.9826
9.7997
8.4066
6.0096
8.3484
10.4604
11.7731
8.2528
12.5208
7.0395
9.6089
6.7599
8.4471
12.9124
6.9569
9.5373
12.5032
7.8185
12.2968
10.7797
10.3629
8.4701
8.8026
14.6923
6.5635
10.8733
9.9310
13.6591
5.1630
10.8023
14.6888
10.1575
12.3017
9.2261
12.4781
10.2846
4.2480
10.8726
10.1647
8.9708
8.3691
12.0463
6.0357
7.0116
12.8757
5.6554
13.1108
12.3189
9.0671
12.6595
9.8377
9.9277
11.2770
7.2980
12.3690
5.5724
14.5414
8.3293
6.4776
9.9324
12.9214
14.6354
9.2699
10.7802
11.0896
13.2379
8.4338
14.4096
4.0225
13.9800
5.6542
9.9120
13.5211
8.0788
8.7840
10.6968
12.1696
10.6992
9.4361
8.1794
9.9421
8.7228
14.0823
10.0403
9.0662
8.8161
8.5079
10.2570
11.4202
9.4051
11.9725
9.8341
9.0963
10.3741
8.6008
11.1112
10.8614
9.7232
11.1115
8.6681
12.2673
5.5698
11.9115
5.7209
10.7117
5.6903
11.5343
7.6954
11.0709
5.3255
9.7635
5.2191
12.3211
8.7702
9.7855
14.2337
4.4613
10.8999
6.6671
12.7943
7.4199
10.3102
7.7634
10.0297
6.5433
15.2833
6.0657
12.3857
7.7798
7.9050
3.9340
9.0317
9.4347
11.6040
9.9657
13.0803
7.5662
7.5902
11.7673
7.0422
11.2884
5.5972
9.3784
7.2920
11.5204
10.3329
12.9066
8.0039
9.5767
11.4375
6.3327
7.6246
9.0691
9.0437
