20.3911
25.3403
25.1205
26.5451
23.4303
28.3972
26.3896
25.0025
23.7393
27.0200
23.8344
25.2707
22.4053
26.2545
23.9114
25.2823
27.6773
23.4259
25.7511
27.0961
24.1777
26.4606
26.4110
25.8055
26.6708
25.4670
21.6908
25.9719
24.7199
23.6152
25.8104
25.1385
24.1329
25.3429
26.2064
25.3046
25.3789
24.8247
24.7753
24.1689
21.7761
24.5823
24.5898
22.3257
25.0650
23.5594
26.3514
23.8985
25.8923
26.3724
22.1436
25.4900
24.8678
24.4803
25.1251
25.3785
23.4600
23.9078
25.1465
25.0959
24.9922
26.3007
25.3091
24.6263
20.7148
24.3055
25.3212
23.6031
23.9980
23.9145
24.0727
25.4085
24.2094
23.1259
24.5839
24.6035
22.0971
23.0489
26.2578
23.4863
22.7063
22.0743
22.3879
23.2498
21.8733
22.1602
22.5038
24.4609
24.2562
23.2293
24.9627
25.2851
24.7087
25.5479
23.6421
23.7738
23.3514
23.1690
23.1961
23.7962
24.6196
24.1133
25.2169
23.1534
24.2755
22.0658
23.0794
26.0454
24.0641
24.5820
23.1617
26.3906
22.7815
24.3229
25.5426
24.9602
25.4741
22.8728
26.2172
23.5852
25.4442
24.9137
25.2544
22.2694
22.9800
24.2907
23.4366
24.0195
25.9227
23.1904
21.0531
25.0608
24.2087
24.0824
22.6256
23.4162
24.6327
25.0469
23.6770
24.3383
21.9030
23.4286
24.8261
24.1762
26.9086
24.4622
24.3478
25.9666
22.6221
21.9716
23.9074
22.8160
26.8658
23.7916
24.6074
22.7729
25.2636
23.8906
23.6199
26.1661
23.8321
20.7887
23.6131
23.5876
27.4298
21.3803
25.5807
21.8661
26.2901
22.7449
25.2137
22.4412
22.1593
24.8850
24.9278
23.8062
23.8931
21.2547
25.9032
25.2029
23.0203
23.9967
22.6101
20.5922
21.7681
25.0650
25.1860
26.2333
27.3184
25.9079
22.1243
24.0311
24.8420
23.3132
24.6512
23.5871
21.2060
21.5963
23.6140
24.4139
