1.8644
13.3924
13.4932
12.8009
12.7980
12.4309
12.2289
11.2488
11.5371
11.3452
11.5439
10.9144
11.0338
10.8336
10.9786
10.1839
11.3636
10.5801
10.7393
10.6415
10.0579
9.8693
10.3812
10.2723
10.3845
10.3082
9.9666
10.1498
10.2977
9.9367
10.6928
10.5180
9.4218
10.0060
9.6640
9.8684
9.9562
10.0797
9.8939
9.7578
10.2084
8.7128
9.4334
9.6832
9.6350
9.7146
9.3155
9.7457
10.5091
9.2572
9.6406
10.1014
9.8989
10.0991
9.5856
9.4678
9.0279
8.4339
8.7529
9.2271
9.3145
10.2323
9.5423
9.0007
9.1060
9.3678
9.1763
9.5676
10.1687
9.8873
9.7936
9.5090
9.4206
9.2502
8.9980
9.1326
9.3854
9.3890
9.4925
9.8399
9.8485
9.2659
9.6583
9.8147
9.2732
9.0734
9.7063
9.1846
9.4671
9.9402
9.1211
8.7512
8.9662
9.6979
9.5065
9.1285
9.3141
8.9650
8.5142
8.1772
9.1878
9.6025
8.6809
9.4804
8.9572
8.8681
8.5119
8.1035
9.5758
8.9838
9.0812
8.8901
8.7103
8.9656
8.5145
8.9494
8.9301
9.2549
8.8729
9.7893
9.0944
8.9004
8.5578
7.6425
8.2917
8.4529
9.0590
8.9027
8.4308
7.7405
8.9421
9.4625
8.1925
8.4200
8.2203
8.6347
8.6158
8.5054
9.0124
8.8335
7.6347
7.8910
8.7948
7.6579
7.9592
8.2525
8.1304
8.9282
9.1083
7.6479
8.0706
4.3235
3.6117
3.4741
3.2663
3.4730
3.2088
3.3091
3.2817
3.2343
3.2313
3.1782
3.3071
3.0294
3.1541
2.8791
3.3516
2.9362
2.9931
2.9245
3.0279
2.9571
2.8005
3.2086
3.0553
2.8177
3.0456
2.8763
3.1943
3.1340
2.9297
2.8780
2.9607
2.8972
2.8896
2.8114
2.7274
2.8615
2.8078
3.1449
2.7644
3.2124
2.8482
2.7717
2.9727
2.8799
2.8339
2.7220
2.8735
2.9556
