1.5607
3.9826
3.6286
4.7215
5.4281
5.8076
4.7275
4.6255
5.1532
4.4732
4.3805
4.8704
5.1103
4.2056
3.2259
4.8465
3.8815
4.6342
3.6532
3.8179
3.3979
3.5375
3.6227
3.0538
4.2816
3.6966
4.2658
3.9531
2.8141
3.8740
3.4091
3.1391
2.4708
3.0130
3.5540
3.4459
2.9267
2.3063
3.4181
3.5419
3.5015
2.9112
3.0878
3.2652
3.6664
3.3321
3.6275
2.9847
2.6490
3.5308
3.3409
2.6966
3.0633
3.0593
3.3660
3.4791
2.5895
3.0844
2.5469
3.2194
2.5654
3.8911
3.2243
2.8906
2.7196
3.1231
3.7133
2.8181
2.7611
2.7687
3.4185
3.4042
3.8606
3.7063
3.5622
2.6308
2.8953
3.1448
2.6762
2.3253
3.0292
2.6365
2.3755
3.5824
4.9182
3.0954
2.6919
2.8586
4.2516
2.8620
2.2594
3.1385
2.6963
1.9631
3.3020
3.2664
3.8456
2.2050
3.0150
2.3392
1.9415
4.2975
2.8145
2.7324
3.4695
2.6695
2.6490
2.7299
2.5682
3.4843
2.9356
2.3711
2.9417
2.3332
3.0333
3.9714
2.9326
2.7641
4.1851
2.7281
2.6428
3.0900
3.4493
3.4356
3.3588
2.5240
3.3760
2.8634
2.3228
2.5847
3.0296
3.1887
3.1242
2.7545
2.9665
3.1130
1.7574
3.3908
2.4633
2.7627
2.7452
2.4834
2.6562
2.7781
2.7259
2.9992
2.3627
2.9282
2.5141
2.2557
2.9015
2.7615
2.7125
3.1955
2.6626
2.6975
2.4752
2.3802
2.2872
2.6373
2.8331
2.7317
2.3581
2.3955
2.7290
2.1233
5.2175
2.6990
2.5964
2.2140
2.2078
3.4412
2.0999
2.1988
2.3726
2.9127
2.1842
2.7889
2.3592
2.6350
2.8976
3.3481
2.5920
2.6892
2.5044
2.5082
2.1298
3.2057
2.8313
2.0018
2.0481
2.4882
2.1080
2.3486
2.1467
2.4780
2.1264
2.1697
2.4281
2.3258
