1.8394
3.4328
2.8287
4.6666
4.3252
6.1470
4.1419
4.6496
5.2983
4.5707
4.8848
4.4892
4.2900
4.6805
6.0432
4.3259
5.0579
5.4145
6.2447
5.8455
5.6032
4.9729
5.1284
6.0282
5.0756
5.6942
5.3948
4.6582
4.5591
5.5385
5.8554
6.2431
5.4225
4.5845
4.5431
5.3010
5.7953
4.9433
5.6182
5.4070
5.0259
5.7991
6.4429
5.8582
4.8661
5.0804
5.7414
6.0292
5.2767
5.2615
7.4311
7.1969
6.8542
6.4135
6.3812
6.4117
6.4981
6.4481
5.8906
6.9994
5.6702
6.6021
6.3969
6.7572
5.7852
7.0002
6.3108
5.7977
6.8593
6.6822
7.5359
6.4527
5.4669
6.4678
6.1133
6.0875
6.4780
7.2658
7.5793
10.0898
7.0774
6.8079
6.7011
9.4540
6.1901
5.8939
5.9280
7.1977
4.8586
4.7205
5.2065
6.7481
5.2372
6.2656
6.7535
6.3920
6.7944
7.1538
6.7959
7.7014
6.3405
6.6389
8.0274
8.4327
6.7911
7.5712
7.8646
6.5567
7.7154
7.6941
8.4187
5.5549
7.2003
7.7646
5.9668
6.8343
6.4189
5.9706
6.6252
6.8125
6.3345
6.1391
8.3473
6.6472
7.1775
7.3447
6.7083
5.8921
7.2375
8.8519
6.9528
5.2857
8.1649
7.1213
6.6481
6.0581
5.7350
8.0748
8.0529
5.7345
7.7604
5.4712
7.2923
7.3021
6.5792
7.1191
6.9726
7.8047
6.0315
7.1654
6.7005
6.6154
8.4199
7.2840
6.9274
7.8175
6.2723
8.1721
6.0482
7.3051
8.0876
8.3944
6.8610
6.3492
6.9573
6.7981
8.6850
6.4105
7.2147
8.3953
6.9528
6.7371
7.1158
5.7545
6.8569
5.8612
7.1960
7.3229
6.4486
8.5684
8.0011
7.4531
7.3118
7.0249
6.4418
5.4205
6.7570
7.2143
6.8741
6.3744
6.5897
5.9260
7.5045
7.7837
7.2979
5.9228
8.2489
6.5430
6.4293
5.8063
