22.1275
24.3994
24.5462
22.0014
21.2799
22.9342
23.4429
22.6981
24.6167
25.1648
21.7705
23.3996
24.7770
22.6723
23.4207
20.3631
23.6164
22.0411
23.2106
26.9939
26.1225
24.2382
21.9643
25.0832
22.8175
20.7668
21.6828
25.1223
20.0348
23.1595
22.2651
25.2919
24.5841
26.2855
22.6701
22.7469
24.1776
23.1466
26.8651
23.1786
21.1426
21.2231
22.9519
20.8309
24.2094
25.9777
23.2351
20.8209
21.4861
24.5392
22.1240
23.6596
23.3594
23.8662
26.9059
24.1042
21.8119
21.4554
22.8046
21.9460
25.4887
20.1267
22.2873
20.8268
21.9839
20.7890
19.9855
25.5511
25.8518
20.1232
22.9022
22.0400
23.0102
20.7921
26.0610
24.6364
25.0845
22.5666
23.6007
20.5526
19.3938
24.0718
23.4924
23.1617
24.1346
23.1460
24.7849
22.7178
23.5051
20.5784
20.8819
23.5690
21.5208
23.5064
20.9017
24.5657
22.7745
22.4973
23.7015
21.1031
22.8701
24.9309
23.7053
22.5961
23.5882
24.2286
24.9761
23.5478
23.7651
23.6687
22.5942
24.5826
23.8832
22.9383
23.4326
21.5348
22.7898
23.6156
22.4653
22.8025
24.7774
24.2249
20.6648
22.4011
23.6122
21.1626
25.2337
22.2149
22.5070
24.5785
22.2600
22.7224
21.7434
23.2327
23.5631
25.4428
23.7808
24.1173
23.5517
21.3123
21.7570
24.2438
22.1619
23.6389
23.6846
22.7769
24.3853
24.4749
22.4779
21.6561
24.0255
21.3109
24.3436
22.3224
23.1923
21.8599
23.0800
24.1617
23.2966
22.6820
21.7586
23.8925
25.0472
24.4809
25.6139
25.5987
23.6373
20.3024
23.0947
20.3679
24.3541
22.8345
24.0311
21.8299
19.4484
25.0907
21.7215
23.9108
20.8861
23.1174
23.4433
23.5549
21.4061
21.6166
20.0088
21.0784
22.2821
23.7967
23.4251
26.0510
24.1685
24.0260
20.8816
23.7205
23.5578
22.8344
24.6079
21.0791
26.0877
19.7268
