1.7794
19.3463
20.6354
20.9936
20.7679
21.1855
21.1860
21.0603
20.9403
21.2144
21.4709
21.0759
21.0242
21.0055
21.1963
21.1660
21.2767
21.3458
21.3616
21.5530
21.0896
20.9758
21.5068
21.1379
21.5137
20.7970
21.0842
21.2923
21.2751
21.8078
21.2058
21.4798
21.3334
21.4292
21.1816
21.4426
21.2430
21.0789
21.0734
21.5378
21.5511
21.0910
21.6383
21.2929
21.2133
21.2443
21.4958
21.0527
21.0585
21.7196
21.5392
21.6484
21.1233
20.9369
21.2153
21.5685
21.6145
21.1459
21.3028
21.1286
21.1091
21.1185
21.1268
21.2757
20.6915
21.0842
21.3141
21.2505
21.0663
21.2961
21.5581
21.0899
21.3774
21.2378
21.2320
21.2096
21.6509
21.1556
21.3673
21.4560
21.3499
21.3917
20.9126
21.3524
21.3085
21.5253
21.7687
20.9894
21.1946
21.2107
21.3123
21.2404
21.3750
21.3705
21.4381
21.7599
21.0310
21.2209
21.5027
20.9542
21.4279
21.3701
21.3849
21.0470
21.1938
21.4851
21.6047
21.4008
21.3825
21.1765
21.4550
21.4691
20.9936
21.3513
21.4146
21.3575
21.7351
21.1546
21.3969
21.4624
21.3982
21.3131
21.1888
21.5200
21.2771
21.3410
21.4211
21.3731
21.5340
21.1605
21.3959
21.2053
21.2763
21.3910
21.1033
21.5536
21.5028
21.6070
20.9791
21.3229
21.5101
21.3512
21.1657
21.1083
21.3267
21.0020
21.4122
20.9085
22.2101
21.4809
21.4347
21.5153
21.4758
21.3591
21.6874
21.1295
21.2271
21.2500
21.1009
21.5342
21.0792
21.2527
21.6344
21.9002
21.3436
21.1526
21.4304
21.5336
21.3890
21.5486
21.2624
21.5305
21.6583
21.4079
21.4012
21.7515
21.5392
21.3922
21.3682
21.1977
21.3347
21.2114
21.4022
21.4362
21.2333
21.3176
21.4700
21.4991
21.4967
21.0624
21.3987
21.4750
21.5378
20.8867
21.3450
21.2844
21.4655
21.3293
21.6546
21.5354
