16.2534
16.6120
14.8609
14.9314
13.7955
15.3419
14.9579
14.2690
13.6419
16.5364
16.5988
13.5564
16.1299
14.1160
14.5311
14.8328
17.5247
15.7187
15.5177
15.5999
14.4773
15.0594
14.9958
14.3686
16.0713
16.5755
16.3614
16.6386
14.0265
15.6982
14.2921
15.2619
15.2879
13.9187
17.1526
15.1304
14.2131
16.0275
16.3917
15.5138
16.6152
15.7728
15.9271
14.3389
16.8584
15.9466
14.2877
16.5696
14.4232
16.8447
17.0330
16.0278
15.9703
17.7672
17.6147
16.1822
19.2833
15.3157
14.9456
14.6961
16.5332
16.5773
14.8766
15.5547
16.7975
13.9054
14.7791
15.4181
16.5712
14.3218
16.4626
16.3513
13.9372
15.8288
15.9335
14.8147
15.9152
15.2021
14.8732
14.7948
14.5246
16.9824
15.3308
17.6557
15.0787
15.5519
16.7304
15.8986
16.9504
15.3243
13.6765
14.1509
14.6287
18.6891
15.0991
13.5337
17.6207
17.3708
14.2298
13.5404
14.8936
14.0793
16.1799
16.3081
16.4841
17.2604
16.3369
15.8213
16.6496
16.3272
15.1992
16.2685
15.1156
13.8340
16.5514
18.0484
15.5343
18.2514
13.4302
18.1190
18.3039
13.0620
16.7348
17.0511
15.3413
14.1609
15.1925
14.2257
13.5929
15.5264
16.5828
15.0937
14.6332
16.9459
15.5898
14.9205
15.1032
15.3820
15.6067
15.7954
14.1183
17.2062
13.7714
16.4144
15.9165
15.9893
15.6680
14.9373
15.8599
14.4854
13.6235
15.8139
15.9208
16.8459
17.6266
16.2505
17.1411
16.6776
14.4936
15.7429
15.0216
15.6184
14.3129
16.2833
16.3392
13.8279
15.8591
14.3953
14.8770
15.3298
15.0992
14.7857
18.3881
15.4399
12.9075
14.5368
18.1471
14.6185
16.5182
15.1417
14.7605
16.8990
15.6464
15.4059
15.1124
14.6072
15.7730
18.0658
14.9039
16.2982
15.7448
17.2763
15.3686
15.0231
16.7386
16.0497
14.3587
13.8305
13.3084
15.5626
