2.6019
2.6970
4.7559
7.3012
9.7312
9.6383
9.9773
11.3332
10.3170
9.6067
10.3892
9.2314
9.3426
8.1089
9.8156
10.3792
9.0651
8.0072
8.7878
8.7210
7.6602
9.5576
8.6616
7.7356
9.3150
7.7476
7.2660
9.4606
8.5197
8.1006
7.5003
8.8319
7.8411
7.1529
7.9005
7.6109
8.2254
7.4101
7.0560
6.0984
7.5607
7.4444
7.8866
8.3401
6.5752
7.1724
8.5131
6.8549
7.2684
7.4656
7.2698
7.5193
6.2916
7.8542
6.0222
7.7857
7.6506
5.3321
6.1395
6.1738
6.3161
4.9786
5.8232
5.1387
6.5468
6.5431
5.8245
7.0171
4.7939
5.7029
4.5226
4.6207
4.6356
3.9054
4.0820
4.3301
3.4886
2.8204
5.0399
5.2551
5.1997
4.4259
3.4063
4.2825
4.3985
3.7758
5.1740
4.6481
4.2348
4.3544
4.3502
3.8077
3.3860
5.8005
4.0362
3.4221
3.2393
3.1918
3.6153
3.6061
4.6127
3.1978
4.3418
4.2947
4.1126
4.0750
3.3110
4.6043
3.5460
3.6820
4.5165
3.6354
3.5822
4.3409
4.1089
3.6147
4.2372
4.5487
3.7810
2.8244
4.2147
2.6068
3.4122
3.1561
2.7357
4.8154
4.7158
3.4193
4.5001
3.2435
3.5588
5.1746
3.6163
3.6476
2.9145
2.9532
4.5486
4.1255
3.6648
3.8322
3.9327
3.8817
4.3643
2.4827
4.1260
3.0643
4.2843
2.4429
5.2786
3.1175
3.6092
2.9677
3.4682
2.8094
3.2859
2.9402
4.8393
4.8246
3.1607
2.8073
4.2894
4.6639
3.0716
2.9984
4.2145
3.2444
4.6989
4.0080
2.5048
5.2802
4.7010
3.3783
2.8267
2.7642
2.9048
5.3318
3.0239
3.4813
3.2946
3.9981
4.1966
3.5558
3.3514
3.1915
3.6154
3.4929
3.8628
2.9711
3.6410
3.2055
3.2373
3.6676
3.9409
3.4993
4.3944
2.9623
3.0696
3.0999
4.5277
3.9562
