1.5746
2.1331
3.6975
4.2844
6.3292
6.4190
6.0374
6.3356
7.1595
6.4946
6.1247
6.4757
5.6425
5.1639
5.6931
6.6497
5.9923
7.4403
5.2477
6.2690
6.2259
6.6757
5.5927
5.3421
5.8784
6.1208
5.6526
5.1150
5.8118
5.9136
5.0707
4.2558
5.6594
5.6532
5.7836
4.8479
5.2404
6.0000
5.8322
5.8133
5.3775
5.8261
5.5273
5.2374
4.9753
5.4638
5.5224
5.2539
5.4323
5.5546
5.6016
5.5989
5.7846
5.5274
5.2743
5.0608
5.3849
5.5415
5.0993
6.4311
5.0841
5.5141
5.3869
5.3882
5.9447
5.6688
4.8722
6.0416
6.2834
5.6078
5.7590
5.2126
5.0029
5.6533
4.7937
5.4940
5.2304
5.4233
5.1788
5.3326
4.9463
5.6185
5.1888
4.2332
4.8706
5.3361
5.6830
5.5845
5.3310
5.2373
5.2329
4.7455
5.3624
5.2655
5.5442
5.0959
4.8720
4.7107
5.3810
5.3385
4.6983
5.1917
5.0755
5.4815
4.7349
4.9568
5.5782
5.0609
4.9114
4.4524
5.1219
4.7370
5.3046
4.9448
4.2975
5.3582
4.6714
5.1006
4.3544
4.7745
4.8453
5.6323
5.0334
5.1026
5.0986
5.6913
5.1596
6.0616
5.3942
4.2272
5.0857
4.9405
4.9247
5.4429
5.0711
5.1267
5.1350
5.1196
4.8011
4.8772
4.6579
5.7217
5.6061
4.4325
5.3432
5.2446
5.8643
5.1662
4.2729
4.7173
5.5646
4.3952
5.5192
5.0882
4.8339
4.8040
5.7042
4.5904
6.2826
4.7761
5.4051
5.3333
4.9742
5.3291
5.1665
5.6966
5.1572
4.2995
5.2767
4.8572
4.5975
4.9690
5.0141
4.7263
5.6947
5.1641
4.9121
5.4100
4.9848
5.3880
4.9931
5.4846
4.4051
5.2755
4.6154
5.1176
4.2776
5.3410
4.0622
4.7101
4.8370
4.6776
4.8322
4.3140
4.2608
5.2729
5.6419
5.0191
4.8302
4.8165
