13.3072
8.9568
9.0615
9.6277
9.5163
8.8057
8.9995
9.6880
10.6347
9.6614
8.8954
9.1833
8.7130
9.3398
8.9440
9.8567
10.6561
9.8479
9.1224
9.4349
7.7908
10.2105
8.8010
9.8809
9.5048
9.4132
9.0047
9.2468
10.6299
9.5386
9.6998
9.5182
10.4262
9.7170
7.3532
10.7505
8.6076
10.2685
9.3529
9.3007
10.9544
9.6965
9.4925
8.3650
10.5406
9.6952
12.1295
10.0919
10.5175
8.7214
9.8264
8.7959
9.0084
8.0380
9.1565
10.5598
8.3318
9.8380
9.6510
9.7335
8.1747
9.0334
11.0510
9.9584
9.8219
9.3496
8.9531
9.3592
9.6084
10.2691
8.8248
8.1236
9.4637
8.3049
9.9159
8.3663
9.9826
9.4098
8.6655
10.4635
9.4113
9.4714
9.8872
9.3281
9.3829
9.0422
10.1136
8.9993
9.9294
10.4130
8.8909
9.6381
8.6007
8.7207
9.5751
8.3672
10.3590
8.8445
8.7793
9.8116
10.2665
9.5488
9.5404
8.4674
9.4402
9.3845
8.9804
8.6913
11.2828
9.1876
8.8303
9.2029
10.3363
9.0540
9.8445
10.2583
9.5765
9.0625
8.8711
8.4376
9.9424
9.4863
8.8886
10.2676
9.7375
8.9968
9.0687
9.7017
10.2707
8.8893
8.5353
8.3949
10.1741
8.4479
8.6631
8.4057
9.6602
10.7012
9.6110
8.0174
9.6788
9.2176
8.9699
10.0833
10.1684
9.5543
8.2405
9.1900
8.9258
9.6930
10.4544
9.5750
8.8635
9.3964
9.3863
8.9760
8.3846
9.2388
10.7357
8.3300
10.6714
9.8850
8.3395
9.4722
10.1096
9.7439
8.3350
9.1846
9.2610
8.2396
9.0515
8.3655
9.6543
9.6194
8.8158
8.8044
9.2239
9.6204
11.0109
9.0636
10.3314
9.8049
8.9483
8.6849
9.1069
8.4727
8.0114
8.0298
8.3680
9.7536
8.6584
8.5636
9.8792
7.8917
9.1906
8.6580
8.9879
8.7647
9.6577
9.5540
