17.3231
18.6570
14.9990
14.7737
16.1754
13.6545
15.6950
15.9077
14.1127
15.2460
15.0443
13.3470
13.6698
14.6678
13.7447
13.6490
14.3011
15.1930
13.1344
14.2334
13.4099
14.9455
13.7783
13.8364
13.9819
14.1606
14.1736
14.1134
14.9355
14.0863
14.6793
12.9523
13.5057
14.0209
14.3597
15.5781
13.7530
12.4728
12.3259
13.2358
12.8534
13.5613
13.4849
14.1592
11.6237
14.1751
13.7975
11.8426
13.6793
13.7165
12.9302
13.8282
13.3609
14.7479
14.8988
12.7348
14.0331
15.5810
12.9886
12.7284
14.6532
13.7971
14.1158
13.4793
14.8989
14.5542
13.1920
13.8913
13.1695
14.6981
13.8073
15.0651
14.7491
14.0097
14.3376
14.0475
13.9843
14.1417
12.4052
14.4584
12.2528
13.8909
15.1388
12.2389
14.4068
14.3455
12.8154
13.2369
13.6685
14.9659
14.3419
13.7116
15.0637
13.0020
13.1183
14.5188
13.9903
13.4843
14.2660
12.9785
13.1760
12.9808
13.8222
13.3051
14.9615
13.4433
13.5721
13.3323
13.2863
12.1660
12.0827
14.0509
12.8374
16.1364
13.5246
13.4219
14.5699
14.0318
14.0663
13.3059
14.5051
12.9419
13.6962
13.4210
11.7694
14.5123
12.8676
13.4215
13.6464
13.5963
14.6445
13.9467
13.7357
14.4499
14.7578
14.4315
12.5004
14.4023
12.7135
13.4728
12.5232
13.5621
15.1762
13.5375
13.9445
13.9926
12.0587
15.0530
14.9089
14.1409
14.1934
14.5951
13.9911
15.7521
13.1274
12.0129
15.0495
12.0357
12.3263
13.0275
14.3364
13.4316
13.7454
14.6567
13.8688
12.6191
14.2458
12.3367
13.3789
13.6589
13.0240
13.0676
14.0947
14.0263
15.2688
13.5896
13.7078
13.7345
12.3774
14.5857
13.7530
15.5382
12.9946
13.3774
14.1569
11.7855
15.5925
13.0773
13.9299
14.4546
14.3105
14.7751
13.5546
14.1642
13.4691
14.5802
16.0126
12.1972
14.3847
13.1005
