4.2670
3.9122
5.1489
6.2547
5.8947
6.2062
6.4866
6.9416
6.6316
6.8280
9.9844
5.8188
10.9759
6.9157
6.8426
6.9947
6.8145
7.3268
9.1751
7.6571
8.3064
9.3651
7.9068
8.5559
8.7940
7.7282
9.6606
7.8872
9.5690
9.7943
10.6672
8.7924
10.3729
10.9892
9.6398
10.2986
13.6678
10.2872
10.5700
14.6042
10.6525
10.0029
14.0129
9.9488
10.3515
12.5964
12.2827
12.7070
12.1416
10.6524
13.9849
13.5579
12.7331
20.4423
13.6163
13.4365
12.5511
15.4885
14.0005
15.0548
15.0332
14.0343
14.8229
11.2051
16.7310
17.0930
18.0870
13.8091
16.4607
13.3894
13.1051
14.2175
14.5487
20.1320
15.7712
15.6568
15.6582
15.9563
14.7346
19.1151
18.2409
16.4226
14.8053
17.6406
19.8107
15.3315
19.5170
18.6964
20.5634
16.3752
18.0535
22.0156
15.9023
17.2960
20.7267
18.4099
16.6188
15.5351
19.0946
16.8259
18.9819
15.4094
14.9905
20.9170
17.0600
18.9754
18.9896
18.8687
18.5156
20.7838
17.0063
19.1318
17.6954
18.4340
15.8583
20.3488
16.6655
16.5509
22.9516
23.5480
26.8173
19.3900
18.6891
20.6913
25.8291
18.9987
17.9759
23.7235
22.6763
20.1767
21.2826
24.6854
22.3274
18.7281
22.2611
24.1292
22.2141
22.5951
26.0652
22.1768
20.1369
22.0481
29.6185
21.9911
22.4164
19.6549
22.3292
22.9496
24.2272
18.8641
28.7667
32.7079
22.6674
20.6470
28.1874
23.8101
20.8510
27.9239
18.8731
19.7873
22.4430
24.8314
24.4169
24.7928
26.6950
24.7425
22.0190
21.4374
25.5378
25.2026
26.0291
21.7101
23.8057
23.9129
23.9807
26.2233
21.2809
26.9731
19.6437
19.9529
24.0753
26.9899
21.4318
27.6675
24.8843
39.0864
31.4005
25.8950
22.0441
26.6446
19.8561
31.6769
24.9585
27.9194
21.5486
22.9300
25.7852
28.4453
25.9422
27.3993
