13.9709
11.3804
12.6617
13.0468
12.1279
14.2234
14.0123
12.7338
14.3738
12.5283
13.2833
12.7383
14.3972
14.0266
14.1837
12.7069
14.3846
12.4203
15.3334
13.0251
12.3197
14.8932
13.2058
14.6288
14.7912
13.9418
12.3560
15.3283
12.4204
13.6079
13.1663
15.2645
13.2050
14.0212
14.2859
14.1954
14.4792
12.3753
12.2259
14.0633
12.7930
13.0801
14.5152
15.2405
16.0869
13.5505
14.6346
14.0748
14.7766
14.8547
14.8042
13.8602
15.2210
15.8223
14.2314
14.5961
14.5958
13.3575
13.8470
19.6392
13.1694
15.6890
16.0668
14.6419
12.2380
14.5431
16.4846
15.3568
12.5729
14.7750
14.0118
14.6341
13.5801
14.7186
14.3378
14.0290
13.9475
16.0055
12.8047
15.0006
15.3252
16.1491
13.3945
13.5401
12.8792
15.6307
14.1658
17.0375
13.6700
13.6240
13.7526
14.7192
15.5620
14.1191
11.9508
14.7998
14.3237
14.9225
12.5989
15.1742
15.3952
13.3460
14.6031
12.9261
13.7179
15.0327
14.2838
15.2565
15.1778
13.8685
15.3673
11.9030
15.7614
14.1747
15.6603
14.0571
15.5756
15.6439
14.4396
14.4105
14.1670
14.0600
14.7011
12.5338
14.5237
14.4361
12.5662
12.4857
15.4739
12.2785
12.8463
14.0309
15.8457
13.3566
11.9917
16.6034
14.3303
12.8347
14.8061
15.3426
14.2346
14.5875
14.6397
16.0909
14.1757
14.0012
13.9668
14.8051
14.2505
15.7971
14.6775
14.3295
13.5576
13.3851
14.0479
14.7326
15.8381
14.1342
16.0141
15.7420
14.7534
15.8226
14.0344
14.1601
13.8718
15.3905
14.4392
14.4045
14.8975
14.8145
15.4109
12.5395
15.2941
15.9096
13.2625
14.3886
14.3765
15.0457
15.5422
15.0818
16.2307
14.7067
14.0870
14.8971
14.3579
13.1947
13.8305
13.0558
14.5850
14.3798
14.2301
14.2265
16.8032
13.7424
14.6795
12.3281
15.2066
14.1913
16.1170
14.5372
