15.9581
7.4870
7.8771
7.8527
6.1223
7.1010
6.4412
5.4241
5.1387
4.9027
4.4335
5.3683
6.1872
3.4701
5.8447
4.5267
5.3432
5.8027
4.9141
5.0310
5.7094
5.7997
4.0498
4.9602
5.4133
5.9592
6.2964
4.8782
5.0878
5.6727
5.6212
4.7579
4.6729
4.4369
4.7146
4.8280
3.6074
4.7208
4.2658
4.9870
5.2179
4.9994
5.4974
5.2452
5.5102
6.0280
4.7407
7.1121
5.4738
4.2193
4.8207
4.5564
3.8893
4.4450
5.1282
4.6446
4.5988
5.1353
5.6706
4.8741
4.5661
4.8637
4.6295
5.3613
5.5041
4.1454
4.3459
5.3682
5.5145
4.4955
4.5453
4.9122
4.8475
4.0591
3.9677
4.8345
4.2294
4.1498
6.2728
4.8897
4.0772
3.8870
3.9893
3.9030
4.4488
4.7735
4.3127
4.0434
6.1114
4.5476
4.5594
3.9534
5.4820
5.6828
3.9527
5.8273
4.7264
4.6370
5.3506
4.3381
4.7105
4.9983
5.2531
5.2934
4.4884
5.1462
4.2197
4.4871
6.9706
5.5839
4.5096
4.1123
4.6022
4.8605
4.4132
4.6685
4.1244
4.0623
4.5496
4.5486
4.4116
6.6409
4.1460
4.8986
3.7963
4.7228
5.0660
4.3935
5.1153
4.0730
4.6870
4.2368
5.9505
4.2588
4.5367
4.5431
4.5619
4.8784
4.4167
6.1719
5.1334
4.7072
4.5294
3.5029
6.2571
4.1874
4.7857
5.3568
3.3908
4.8710
4.3256
5.0657
5.0295
3.6016
5.3253
4.0244
4.0153
5.1162
5.0221
4.2059
5.4203
5.9913
5.8352
4.6545
4.9546
5.3425
3.5215
4.6926
4.6276
4.6402
4.0910
4.4476
3.6302
3.6067
4.5182
4.2987
4.6050
4.9286
4.4048
5.8236
4.1787
4.1513
4.5271
4.5852
3.9382
4.7780
6.5079
4.8817
4.9456
4.4352
4.9085
4.4937
4.2401
4.2030
4.0835
3.9401
4.3915
5.2383
4.5507
5.7406
