17.9864
19.2825
19.1237
19.9377
18.8645
20.1542
19.2724
21.0085
21.3224
19.4797
21.3088
18.0231
20.2301
19.8491
19.5726
18.0714
21.7187
18.3680
20.0223
20.1397
19.5975
20.1966
19.3605
19.4023
20.8743
18.8889
18.4642
19.6899
19.8723
20.0148
20.2280
19.8691
18.2326
20.4357
20.9012
18.3649
18.4332
20.4265
19.9739
18.7300
21.5454
19.9773
19.0454
23.1078
18.3513
19.0251
19.6260
20.6621
17.3105
20.3737
18.2585
19.6524
19.5790
18.7532
18.4705
20.5654
18.3807
19.5234
21.0457
18.9093
21.9188
19.6861
19.1551
20.2127
18.4304
20.0436
18.5688
18.0654
20.4692
18.8880
17.3763
20.0505
20.3714
20.8419
20.0484
19.2944
20.8331
19.8741
19.0495
20.2568
18.5754
19.3091
18.1461
18.9649
18.7091
18.0130
17.6807
19.7638
20.2593
19.3556
19.6317
18.4125
19.4713
18.8108
19.5271
19.6361
20.4521
19.4211
20.3308
19.6275
18.6969
19.2135
19.1774
20.3446
20.3548
19.7041
20.7716
19.0807
20.0865
19.7789
20.0449
19.3186
19.2981
19.2455
18.6077
18.2023
18.2333
18.2928
20.0682
19.9603
20.0685
19.5968
18.0745
20.0856
18.2620
19.0898
19.2090
18.4068
18.2169
19.7084
19.1780
18.8326
20.4702
18.6141
19.7416
19.4433
18.8518
19.1644
20.1380
20.9042
19.4372
19.9401
18.9115
19.0547
18.9623
19.7382
19.1166
18.6867
17.8124
18.9147
19.2590
20.0331
19.9004
20.6315
18.0869
18.8042
18.8203
18.9669
18.7587
18.3125
20.7453
17.6579
18.9857
19.7849
20.2831
19.6736
20.4348
19.5039
18.5698
19.1287
19.6715
20.0834
19.1733
18.9602
19.6410
19.1995
19.6008
19.8592
20.4946
19.2551
19.7710
21.4624
18.5081
17.8844
18.6767
19.6359
18.3639
18.9106
18.9204
19.4780
18.6775
20.1307
19.5710
19.2991
18.6656
17.9303
19.7194
20.4278
21.0430
21.3488
