2.6779
2.4081
3.4287
4.0106
4.5353
5.1868
5.4602
5.2397
5.2004
5.6901
4.7583
5.4310
5.2409
4.8036
5.2280
5.2644
5.2870
4.8858
4.8751
4.9910
4.7009
5.0691
4.9837
4.5127
4.6574
4.5305
4.8848
4.7639
4.9762
4.5976
4.5653
5.1167
4.3440
4.8484
5.0588
4.3581
4.5650
5.0761
4.8735
4.5191
4.9867
4.4355
4.5203
4.2719
4.9025
4.7411
4.7001
4.5998
4.3138
4.9432
4.8798
5.1825
4.6308
4.9830
4.5489
4.4324
4.6890
4.8964
4.5548
4.4311
4.9950
4.7242
4.5713
4.4166
4.6228
4.2860
4.1338
4.3188
4.9352
4.4870
4.5573
4.6866
4.2472
5.5675
4.7168
4.6757
4.5021
4.6287
4.4633
3.9870
4.7821
4.5523
4.5110
4.7658
4.5596
4.8166
5.0927
5.0084
4.9823
4.8615
4.2009
4.2203
4.5559
5.2007
4.3697
4.3811
4.4138
4.9511
4.5315
4.0344
4.4446
4.0583
4.5391
4.6326
4.2420
4.3152
4.6592
5.0556
4.8564
4.5499
4.6679
5.1713
4.3867
4.0606
4.6651
5.3245
5.3682
4.4447
4.3485
4.4961
5.3801
4.5927
4.6301
4.9579
4.3378
4.6744
4.5505
4.8203
4.2063
4.8576
4.5452
4.1878
4.3939
5.1298
4.3707
4.5820
4.6146
4.7388
4.6627
5.2116
4.5345
5.1628
4.5852
4.7932
4.4335
4.5131
4.2102
5.1190
4.2777
4.3876
5.0566
4.3416
4.1228
4.6590
4.8302
5.0859
4.5544
5.1714
4.0954
4.5740
4.6394
4.1794
4.2003
4.4188
4.3110
4.9609
4.6016
4.4101
4.1338
3.9788
4.5554
4.6263
5.4120
4.4326
4.3114
4.5447
4.5941
4.9575
5.1989
4.6101
4.4956
4.1373
4.7749
4.1969
4.1948
4.3066
4.4746
4.6932
4.6551
4.2389
4.1792
4.6648
4.4744
4.8080
5.1423
4.1452
4.3429
4.0710
4.2967
4.1334
