9.4605
23.1310
16.5499
18.3442
11.5828
18.6540
18.5014
21.3932
18.4719
16.1101
20.6154
18.3713
18.4605
11.8141
18.7543
18.3517
15.7685
21.2662
15.4713
21.9246
19.9482
11.1155
19.0188
17.6709
17.9727
18.5426
14.5329
19.3597
14.3013
16.9167
21.0218
13.2345
17.2259
12.9862
19.9382
8.7159
20.2115
15.4788
20.9253
7.2746
22.8486
11.6147
22.5388
11.0303
20.5294
16.1467
20.8621
19.8614
17.6778
19.8264
21.8566
20.1717
23.5909
14.0456
19.8386
13.8781
22.0926
17.0014
17.7195
13.2291
21.0267
14.1955
19.6640
18.1609
17.7482
19.6291
15.6082
21.2181
15.9277
16.8861
16.3342
14.2008
20.8916
13.5567
20.3625
16.4223
14.6898
19.9785
14.1785
16.2469
20.7580
17.1960
20.0641
16.4882
18.4931
17.8749
18.3186
16.4004
16.6577
21.7189
20.2396
21.9290
21.6378
18.8823
20.6846
12.6761
15.7260
12.2110
22.7668
14.8300
20.0868
16.5745
15.4727
19.1634
21.9852
20.6555
16.3471
18.8273
13.2878
19.2655
21.9464
10.8225
20.0102
13.5514
15.8604
16.5525
14.7386
20.4539
14.5585
21.2574
18.3681
17.4186
18.1636
17.6276
23.7363
18.8284
14.1957
19.9999
21.6720
20.1628
19.4900
23.2698
18.4710
20.1069
22.3630
16.3239
18.6350
14.8750
22.5980
11.1012
18.5998
15.5940
18.2699
10.9034
20.4624
18.1802
20.9846
18.3159
20.4925
14.6942
22.8542
16.3082
15.1739
16.6995
14.6534
22.0021
15.0078
18.3619
15.4871
25.1851
17.3701
19.4942
21.6501
15.6369
20.0158
10.9624
20.8663
7.3122
19.8405
14.4986
20.5759
12.8091
17.3981
15.0262
18.4944
18.9055
18.1713
17.8593
19.8975
17.0788
17.0887
17.7980
18.8865
16.6493
19.3217
21.6557
15.5218
19.6557
15.8643
17.7111
19.2628
15.4282
16.4437
16.2306
22.7843
17.8127
21.3547
13.5356
18.6743
18.4659
