4.3739
3.3756
5.5567
7.1934
8.1865
10.1239
5.7790
9.4622
11.4104
6.5253
10.3464
9.9829
9.2966
12.1805
6.7457
13.3481
8.6839
12.9025
7.3308
14.2640
9.0072
9.9443
11.4070
10.1450
7.8196
10.5589
14.3880
10.1813
9.0163
9.0058
8.1752
10.9297
9.0648
9.7883
10.2340
9.9686
12.6247
10.4496
9.8185
8.8120
10.4097
12.4363
11.0199
8.3709
14.1593
11.3608
9.1983
10.0035
10.8377
9.0648
12.7929
10.3701
10.1429
10.7818
8.7849
11.1691
10.7604
11.5309
10.9790
10.7718
11.8523
8.6074
9.5513
10.3196
10.4605
12.3512
11.7552
11.0474
11.6488
9.9384
11.2670
9.6948
10.1038
11.0359
10.6847
10.1881
11.0368
11.6408
11.2392
10.4532
11.4351
10.0219
8.0886
9.1162
12.1356
11.4654
13.0172
12.0221
11.8697
13.4157
13.4616
9.1637
12.4843
13.7994
11.0127
12.1358
12.4285
12.4419
11.9469
13.2568
13.9765
10.9679
10.5534
10.7493
9.7918
11.3868
10.3967
10.6741
11.4494
10.4371
12.3128
12.8808
12.1760
13.5570
12.9853
14.5759
12.1921
12.6649
12.4874
13.9908
14.6070
11.4057
14.6513
13.8435
10.7807
12.1648
11.4978
13.8734
11.0479
13.3474
14.0407
12.4344
13.6138
9.7734
10.0490
11.0343
12.2714
10.6738
11.7869
7.9025
14.5390
10.2523
12.4035
11.9930
12.9948
17.7202
14.9852
11.0556
10.2816
9.5070
9.9021
11.0637
11.7858
12.1833
10.9538
13.9584
12.3034
11.7474
11.4250
14.1612
11.6147
13.9865
10.2374
12.6202
15.0551
11.5718
14.7342
14.9799
12.4654
11.4661
13.2630
13.3309
13.9528
10.9654
12.7079
12.4018
11.6880
11.7567
10.4660
11.4780
15.5338
12.0394
13.9184
13.8202
13.8639
10.8339
13.2270
12.3334
13.4274
11.6598
10.7298
10.3593
12.1179
15.4947
14.9333
13.3564
12.8299
12.0787
11.6776
10.2541
