18.9584
10.4087
8.4235
7.3850
9.4890
7.8122
7.9098
7.7383
8.0711
7.0913
8.6515
7.2849
7.0234
6.9849
6.9808
6.5470
6.8584
7.3906
7.1074
9.1695
8.2052
6.8079
6.9471
7.2949
8.4143
7.7270
9.6290
8.1944
6.9268
9.0751
11.3137
6.9132
6.1055
8.2854
7.7987
6.7554
8.4734
8.3443
7.2400
6.7817
6.4325
7.3678
6.0255
6.9622
7.1836
6.3622
6.7735
7.4516
6.2110
6.2883
7.2246
7.9658
6.2957
6.5269
7.1295
7.2849
7.0032
6.3564
6.9905
6.4513
7.5910
7.9020
6.1152
8.5894
7.5191
7.2617
6.2797
6.4226
6.9857
6.7588
8.7979
8.7060
6.0868
6.3507
7.8962
6.5109
7.9810
7.8436
6.9434
6.3090
7.7616
7.1417
7.2436
6.2709
6.3089
6.7209
6.7009
8.1600
8.6347
7.3658
7.7825
8.4744
8.6625
7.2001
6.3864
8.5030
6.5027
5.3819
7.1932
9.0048
7.9022
6.8336
5.8217
5.9542
6.5327
7.2706
7.6267
7.5305
8.8874
8.2060
7.1975
5.5148
8.4102
7.5010
7.1357
8.7858
7.5055
6.4052
8.4203
5.7511
7.2513
6.4619
6.5167
6.0078
6.7630
6.3476
6.7745
6.6867
6.1376
6.0336
6.7900
6.7287
5.2288
6.2137
9.5127
8.7781
6.0347
6.0308
7.9831
7.4624
6.7604
5.3695
7.0337
6.5455
6.4058
6.7562
5.8372
7.2166
5.8173
6.9397
6.6536
6.3325
6.2198
6.5677
6.4659
7.3525
10.7781
6.4731
6.0207
6.2452
6.5309
7.3290
5.6112
6.5237
6.7524
6.1258
6.6982
7.0754
9.1250
6.7830
6.5899
7.3833
6.1115
5.9771
6.0263
7.9896
6.1699
6.9493
8.4213
6.3493
8.1928
6.2297
7.2824
6.1283
7.0310
9.7924
7.1105
5.8048
5.9585
7.1401
5.2289
5.6662
7.9709
5.5963
6.4583
5.9030
7.0941
5.9660
6.7269
6.5063
