1.8797
15.4015
12.2631
11.6205
10.8583
9.9608
9.9100
9.6242
9.0857
8.1765
7.6393
7.4715
6.8735
7.6541
5.0169
4.8623
4.9927
5.3908
5.4290
4.8179
5.1282
4.7992
4.7451
5.2581
4.7615
5.1951
5.2771
4.7879
4.7498
4.7390
4.8912
4.7159
4.8525
4.5620
5.0835
4.7368
4.8543
4.9336
4.6714
4.9578
5.0755
4.7137
5.0976
4.8763
4.6609
4.4837
5.5848
4.9224
4.6891
4.4625
4.9638
4.7934
4.9145
4.4704
5.3240
4.5369
4.5839
4.8259
4.5933
5.2449
4.3539
4.4714
4.7825
4.4283
5.2700
4.5204
4.7425
4.3571
4.5878
4.6179
4.7129
4.4623
4.3096
4.4746
4.5006
4.5616
4.3530
4.7317
4.5391
4.4828
4.6086
4.8430
4.8379
4.4666
4.9999
4.8410
4.9629
4.4377
4.9350
4.7763
4.5594
4.8344
4.3256
4.2581
4.4375
4.9249
4.7456
4.5536
5.0846
4.6316
4.4795
4.4913
4.6076
4.5099
4.1591
4.4290
4.4642
4.4085
5.2286
4.1652
4.1713
4.7775
5.0093
4.4662
4.3396
4.3776
4.6953
4.4723
4.2941
4.0742
4.2483
4.7966
4.5830
4.4681
4.7827
4.3026
4.4757
4.3338
4.3431
4.4003
4.2394
4.5747
4.4976
4.6018
4.2266
4.7588
4.6588
4.8232
4.5791
4.5231
4.5950
4.4967
4.3919
4.7588
4.7726
4.1941
4.1843
4.0379
4.2809
4.1883
4.8055
4.3067
4.4973
4.1343
4.3984
4.3898
4.4969
4.4475
4.2310
4.6333
4.4068
4.5075
4.2875
4.6192
4.1185
4.4184
4.8618
4.0137
4.4428
4.4134
4.4677
4.5853
4.5154
4.2686
4.6748
4.3898
4.8833
4.3263
4.4779
4.1948
4.4554
4.2438
4.4997
4.3118
4.1969
4.4049
3.9706
4.2084
4.2840
4.1961
4.3000
4.4404
4.3782
4.3820
4.4204
4.3695
5.0682
4.6500
4.4276
4.3201
