1.8949
2.4620
3.3845
5.1893
5.1633
5.7607
5.0261
5.6616
5.9595
4.9710
5.0751
5.8158
5.2907
5.2948
5.7766
5.7738
5.3969
5.7680
5.9191
4.7975
5.5921
5.5419
5.0125
5.3198
4.7550
5.0559
5.4433
6.0106
4.7201
4.5513
5.0127
4.9072
5.3445
4.5880
4.5148
5.0952
4.9867
5.1379
4.5650
5.1141
4.6590
4.5314
5.6106
5.3366
4.7610
6.3965
5.2004
5.6429
5.5092
5.1742
4.7680
4.8239
5.6792
5.0936
4.7818
5.0342
5.7655
5.8632
4.8005
5.5121
6.2226
5.0141
6.0054
5.2212
4.4216
5.3124
5.6156
4.4989
5.3195
6.0521
4.9346
4.8256
5.6218
4.9856
5.1910
5.0680
5.6455
4.7608
5.3334
5.5576
5.5881
4.8140
5.0865
5.2151
5.4686
5.1157
5.9858
5.3411
4.9352
5.7114
5.3883
4.9002
4.5692
5.4952
4.1099
5.1534
5.6749
5.4204
4.4042
4.5274
4.8978
4.5956
4.7409
5.7448
5.4866
4.9506
4.9711
5.3008
4.5873
5.0298
6.0536
5.2332
4.9837
5.0063
4.4930
4.9004
4.8046
4.4846
5.4913
5.2317
4.5464
4.8205
4.4223
5.0142
4.3744
4.9307
5.6266
5.5147
5.4786
4.8577
4.7985
5.1726
4.9575
5.2308
4.8021
5.0094
5.4755
4.9266
5.3927
5.2140
5.3701
4.6631
4.4729
5.1200
4.3839
4.9267
4.3551
4.5936
4.4960
4.4073
5.4712
4.0277
4.6165
5.5046
4.8872
4.7383
4.1621
5.3243
4.6864
4.5325
4.6530
4.7080
4.8851
5.3158
5.4007
4.2266
4.9774
4.3683
6.1466
4.3688
4.7051
4.7039
4.8279
4.7342
4.7632
4.7317
4.5252
5.0826
4.8978
4.5822
5.4530
4.4772
4.7311
4.8014
5.6383
4.9668
4.6793
4.7665
4.6319
4.2373
4.5612
4.8329
5.5991
4.6260
5.2741
5.2467
4.6904
4.9175
4.5145
4.5724
