1.8885
3.2229
5.9494
9.9279
9.1275
7.1760
9.0940
8.9357
8.2797
7.7989
8.0800
8.2989
7.4627
8.6903
6.5392
10.0931
9.3764
8.3276
7.5922
7.9273
6.2888
5.9612
8.1270
8.6602
9.5533
9.5337
6.0091
7.3937
8.5052
6.8706
7.7716
6.0051
6.6899
7.7719
8.0864
8.3942
8.3486
7.6112
5.6464
9.1165
8.2451
10.8409
8.2224
6.8363
6.5520
7.6456
8.1809
7.7435
7.3222
6.9436
9.6665
7.6443
8.9110
6.5964
6.4099
8.1802
7.2975
8.3620
6.7390
9.2612
6.3018
5.9402
7.4843
6.4680
8.4638
6.0259
6.9090
8.2002
6.5614
6.0875
6.6973
7.6328
8.2430
5.6279
6.9246
9.2352
5.9876
4.9603
6.2664
6.8351
7.9378
7.0109
5.8860
6.0741
5.9489
8.0716
8.3877
7.3502
8.8194
6.9668
6.6868
7.3957
7.1238
9.1141
7.3431
6.6090
5.6938
5.7562
7.7629
6.7244
5.0389
6.8650
5.7557
6.4729
7.5148
6.1784
4.8817
5.6829
6.9511
4.9433
4.8207
5.8321
6.5098
8.4915
5.3877
7.2559
6.1790
7.3118
7.3717
5.2301
7.4393
5.9288
6.5466
6.5202
6.5209
7.4146
4.5410
7.5480
6.3483
6.4165
6.7552
7.8940
6.2867
6.3412
6.5782
6.8439
5.0492
4.9570
5.3896
5.5991
6.4303
5.3119
7.3893
8.2995
5.5569
4.9685
5.1040
5.5300
5.7541
5.9528
7.2681
7.2258
6.0083
8.3251
6.3956
7.0197
6.1697
7.7094
6.0648
7.7862
8.3101
5.6022
5.7495
5.3579
5.9077
5.4561
6.2066
7.2664
7.1730
6.1798
5.8967
5.4017
4.8941
6.4020
6.7366
7.9259
6.7365
7.0930
5.2181
6.3456
5.8521
5.7575
5.8640
6.3585
4.9056
6.3781
4.6336
5.9461
5.7886
7.2241
6.5706
6.1332
8.2240
5.1581
5.9635
6.9895
4.9451
5.9288
6.5087
7.1350
