20.6173
11.9131
10.8897
10.4865
11.0454
10.8599
10.0913
12.1052
9.5283
10.7357
10.2443
10.4868
10.5586
8.9608
10.0962
10.8307
10.0913
9.9888
10.3769
10.9160
9.6661
9.1421
9.5541
9.3760
7.8237
10.1415
8.9884
9.4970
8.7957
9.3898
9.3203
9.6947
10.4344
10.0800
9.4765
9.4120
9.2768
10.6128
8.8638
8.5059
10.2586
9.7273
9.0110
8.8709
10.4479
8.2114
9.5409
10.3157
9.8991
8.8508
8.7118
10.1491
9.5065
10.3178
8.8862
8.6695
10.0668
9.1429
8.4356
9.7245
8.9556
9.0361
9.7902
9.9148
9.6455
9.5851
9.7174
9.7588
9.5999
8.6339
9.9429
10.0407
9.5746
10.6197
11.0002
9.5994
9.8669
9.7744
8.5534
9.3182
8.9376
9.5549
8.5088
9.3466
8.8761
8.7660
9.1038
10.0407
8.3716
9.3885
8.4278
9.2579
8.3733
8.6690
10.5064
9.0140
9.1574
9.7127
9.0908
9.6724
8.2733
9.5318
9.8582
8.6584
9.8177
8.5916
9.4968
9.1230
8.7206
10.2674
10.8423
10.3986
9.2236
10.1636
9.1537
9.6073
8.8037
8.7460
9.4038
9.5289
9.7543
10.7204
8.2275
9.4029
9.0046
9.0428
9.9186
9.7998
9.3868
8.3984
9.5825
8.2507
8.9691
9.7892
8.2321
9.2886
8.7276
8.5409
8.7965
10.3480
9.4013
9.2819
9.5718
8.9368
9.2849
8.3338
9.7526
9.3099
8.6373
8.1042
8.3293
10.0768
7.9045
8.0421
9.3806
8.6570
8.2163
9.7329
9.0668
8.9342
9.7734
10.0254
8.4174
8.9647
9.0239
8.4828
9.5545
9.2371
8.9786
8.6329
10.4630
8.7109
9.4518
9.6904
8.7034
8.1823
8.9903
8.4224
8.7457
8.9465
9.9691
9.8563
9.3956
8.6973
7.8255
9.6677
9.7432
10.5946
9.5408
8.3250
9.8294
10.3156
9.4698
9.1178
9.4719
9.2910
8.8161
8.4293
9.5007
9.7701
