18.8673
14.0477
11.8372
12.0307
10.6660
9.7771
8.1713
10.3702
7.8199
9.3096
7.3934
8.6541
7.6653
8.3562
7.6241
7.4638
6.8934
14.1329
6.7248
8.2931
9.3560
8.8959
9.2034
9.4284
9.7537
9.9197
7.0515
8.0656
6.9620
7.8092
7.3666
7.8745
6.5444
8.3528
7.4521
7.3410
6.5441
11.0768
8.3587
8.7672
8.4978
8.5260
9.7039
6.8798
8.2418
8.2556
9.6270
7.4268
6.5181
8.7308
9.4727
7.7850
7.8987
6.4405
8.9036
8.1230
7.8251
9.5667
8.5342
7.7691
7.4816
7.3417
7.3810
10.0341
7.0457
8.2022
8.2611
7.5605
8.9465
8.1595
7.5936
9.1342
8.5816
8.4271
9.5434
8.9457
8.6310
6.8696
8.2759
7.6495
8.5040
7.6650
8.7521
8.3069
7.3727
7.9032
7.1180
7.8816
7.8755
7.1636
7.6800
7.4900
8.5037
6.2726
9.6471
8.3184
7.5990
8.5686
8.4312
6.9108
6.6274
7.9009
8.7741
9.5760
8.4857
8.6751
8.3659
7.4785
6.9229
8.7978
6.8236
8.0002
7.3680
7.8271
6.8473
7.8455
6.8374
8.0556
7.3866
6.3675
7.7178
7.5860
7.4985
7.4457
7.8020
8.3378
8.7831
8.8529
6.8813
8.8857
7.4923
8.2463
8.1607
8.1888
8.6268
7.6703
8.6238
9.5584
7.8079
7.7531
9.7038
7.5232
6.8401
7.5108
7.6684
6.2764
9.2805
8.0168
7.7920
7.5106
7.1198
8.2264
6.7203
6.3337
9.0055
7.9856
7.7701
8.1934
6.5993
8.8943
6.9374
6.1405
7.0653
8.8633
5.9758
9.3382
8.4266
7.0393
6.9169
6.9005
6.5112
7.5835
7.0793
9.8174
8.4819
8.3667
8.3373
5.5422
7.2338
7.1361
7.4179
7.5131
7.0009
9.0267
10.1421
7.6442
8.8963
6.4632
8.2833
5.9784
8.0442
7.4968
6.7974
8.8559
6.6162
7.4561
7.7630
6.3285
6.4338
8.2877
