3.0230
3.9371
5.7940
8.0797
8.5401
9.2216
8.9665
11.0120
9.4153
7.9172
9.3194
8.7826
8.3587
8.1048
7.2382
7.2436
7.9847
7.7259
7.5090
7.4660
7.1837
7.2853
7.5425
6.2465
6.2174
7.3875
6.4443
7.8470
8.5620
7.3411
7.4614
7.1078
7.8900
6.3993
8.0768
5.8490
7.2854
7.1226
6.6580
7.4496
5.5666
7.3992
6.8559
7.5519
6.2023
6.2645
6.6691
7.7120
6.3363
5.8392
6.9599
6.3205
6.3257
6.0504
6.4902
6.3395
6.0291
6.1425
6.0290
7.2114
6.6053
7.6284
6.2323
6.7060
5.9543
6.7757
5.8143
5.7332
6.9722
5.6535
6.6242
6.1623
6.5466
5.2883
6.4396
7.0464
6.1792
6.4468
6.0267
6.2082
5.5513
5.7843
5.8894
5.5246
6.0756
5.6033
6.1284
6.2182
5.8656
6.3268
6.9855
6.4350
7.3801
6.4837
6.3937
6.5838
5.4367
5.3939
5.2775
5.2033
6.8388
5.8141
7.0036
6.0156
5.7049
4.8029
5.6655
7.1582
5.6970
5.7655
6.1022
5.3962
4.8901
4.9327
4.7828
5.5529
5.7860
6.3293
5.4946
5.8908
5.6889
5.8781
5.2997
4.4818
5.8854
4.7282
5.1188
5.2936
5.4652
4.9038
5.1250
5.0939
5.4629
6.1526
5.3756
5.4425
5.1076
5.2614
6.3246
5.9030
6.9404
5.4544
5.7609
6.0265
5.2842
4.8153
5.7426
6.3748
5.3154
5.4021
7.0039
4.7977
5.4416
6.0017
5.7957
5.0611
4.1713
5.0793
4.8447
5.1784
5.5448
5.7839
5.2129
4.6481
5.8152
4.9557
4.9437
5.3083
6.1506
6.1671
5.6204
5.5967
5.0095
6.2830
5.6245
4.7626
5.1276
5.2993
5.0782
5.6584
5.2941
6.4202
5.2872
6.2422
4.8000
5.4651
5.6542
4.8944
5.0645
6.0972
4.8068
5.4961
4.6200
4.8171
5.8676
5.6824
5.0009
5.8930
4.1613
6.5140
