8.5840
7.5875
8.4369
7.2532
6.2543
7.0171
6.7383
6.3440
6.0113
7.2339
6.7055
7.8384
7.1238
7.6525
9.7151
7.9405
8.5683
7.0910
7.0762
7.0058
6.9554
7.3974
6.8975
7.0512
7.6659
6.4851
5.6198
6.1544
7.1795
7.4152
6.6461
6.3907
6.1504
6.6310
6.9784
6.4399
6.3827
7.1013
6.6252
6.9662
6.2980
7.5210
6.6758
6.9425
7.0908
6.4981
5.6230
6.4977
7.3250
6.9348
6.2582
6.5626
6.3127
8.4684
6.3461
7.2099
7.7177
6.2552
7.5057
7.0968
5.9112
8.7957
6.6621
7.3111
6.8580
6.1982
6.3999
6.3877
6.2329
6.4069
6.1159
6.8460
7.9251
5.8291
8.2273
6.8117
6.7225
8.0647
7.5482
6.3754
7.9079
6.3422
7.5940
7.5045
7.1233
6.2008
6.7561
5.7246
7.5331
6.0642
6.7317
6.8616
7.6425
6.6430
6.1711
5.7022
6.6858
6.5274
7.0259
5.8220
6.4059
7.0347
6.8176
7.1446
6.3287
7.4720
7.0516
5.9221
6.4520
6.6805
6.1039
6.8603
7.7080
7.3781
6.7750
6.3414
6.6809
6.2452
6.9873
6.7400
8.0543
6.7228
6.4777
5.8249
5.4190
7.1115
6.1181
7.1790
6.4271
6.7030
6.5867
7.0063
7.0778
6.4650
7.1147
7.5881
8.3038
7.3235
8.1425
7.3921
7.7511
7.4539
5.7643
6.9569
6.6642
7.3956
6.6636
7.2178
6.6115
6.6688
7.1198
6.1711
6.4020
6.6786
7.7227
7.0228
7.0991
7.6748
7.1517
6.1497
6.7306
6.5092
6.4742
6.5952
7.1438
7.4568
5.9313
8.0084
6.0287
7.8302
6.3693
5.9520
6.9852
7.1651
6.3930
6.4388
7.1547
7.0604
6.4501
6.3504
6.0737
7.7870
6.2359
6.0670
6.5706
6.9629
6.1758
7.1145
6.6944
6.6962
6.9500
7.2163
7.4887
7.1903
6.8094
7.9558
6.8633
6.7838
6.2331
7.7227
