2.6778
3.7535
5.7770
9.1697
12.8400
15.8042
17.5197
17.7244
17.9395
17.5478
22.3371
19.5855
21.1326
17.0617
19.4584
18.5442
19.0609
14.8049
16.6360
17.3926
17.3430
18.4999
17.8838
16.9040
16.0942
17.2952
16.6453
18.0964
16.9284
15.1125
15.3268
14.7367
7.5994
6.5341
5.4531
5.7272
8.5866
5.4774
6.1046
7.9084
6.1750
5.4196
4.4443
4.5766
6.2011
5.1248
5.7038
4.7803
6.6016
7.3397
7.0398
3.2255
5.3251
5.6981
5.2300
5.5717
5.8563
7.8589
5.2557
5.0102
5.4166
5.3231
4.5600
6.3114
4.1195
4.9121
5.6151
4.4697
6.1702
5.8568
4.5761
5.5670
5.4487
4.8196
6.1220
5.6794
4.7519
4.5844
4.9466
4.5408
4.3914
4.6271
3.5332
4.9159
5.7767
5.9866
4.8036
5.0975
4.2850
4.6878
6.0732
3.7091
4.1901
3.8654
4.4026
5.1310
3.5561
4.2808
3.8949
5.9102
5.1824
5.0272
4.5410
4.7496
3.8401
5.6138
4.5631
5.3417
4.9387
5.0280
5.3883
5.0987
5.4510
3.7308
6.0309
4.6870
5.0337
5.1144
4.4477
5.5729
4.0146
4.2564
5.3618
4.5558
4.8741
5.4789
4.5116
5.4983
4.9852
3.2089
4.7849
4.3384
4.1047
4.7207
4.5707
5.0005
4.8779
3.9258
5.5465
4.8310
4.3763
3.9988
4.6893
4.2475
3.7549
3.9342
4.2202
4.2057
4.8629
3.8282
5.8369
3.6692
5.1645
3.6068
3.9992
5.4568
4.5252
4.5452
5.1833
4.3000
3.1591
2.8960
4.8354
4.4397
4.4586
4.7908
4.8745
4.1977
4.7173
3.4440
3.5154
4.8680
4.1385
4.9060
5.1115
4.0209
3.3802
4.2222
3.4109
3.3394
4.6294
3.5552
3.7899
3.8850
4.4241
4.6372
4.0449
4.8528
3.4807
4.0599
4.3492
4.3385
4.0844
4.9053
3.2697
2.4760
4.0427
4.0935
3.9287
3.6466
