3.8525
2.4434
3.7988
4.4305
4.8677
4.5658
3.6620
3.4251
3.0156
3.6214
2.8872
2.5960
2.9967
2.7950
2.7174
3.3715
2.5790
2.8440
2.8549
3.3422
2.3464
2.4235
2.4099
2.9260
2.7419
2.9169
3.2603
2.8576
2.6030
2.7439
3.1113
3.1500
3.4894
2.6080
3.4038
2.5800
2.7556
2.6427
2.7487
2.9040
2.9005
2.8568
3.2378
3.2380
2.6514
2.9607
2.7398
3.7698
3.1110
2.5305
2.4938
2.4401
2.2822
2.4784
2.9910
2.8113
2.4243
2.4005
3.1600
2.9996
3.7754
3.0301
2.4309
2.4060
2.4647
2.5882
3.4000
2.7884
2.3888
3.6812
3.2001
3.0731
2.4893
2.8874
2.7706
2.2390
2.6243
2.3386
2.8405
2.6075
2.4512
2.7853
3.1504
2.8645
2.6947
2.6087
2.6583
2.3600
3.1294
2.4037
2.5498
2.8276
2.4696
3.6204
3.3193
3.4329
2.8487
3.2275
2.7507
2.5583
2.7395
2.7473
2.8612
2.9965
3.0881
3.2502
2.3502
2.5962
2.8233
2.9818
2.2824
2.2961
2.6357
2.3625
2.4250
2.9419
2.9010
2.6119
2.9348
2.6776
2.7201
2.9720
2.5216
2.6588
2.2269
2.7868
2.3366
2.8099
3.0616
2.4212
2.6739
2.6936
2.5759
3.6767
3.0470
2.7123
2.3081
2.2204
2.5825
2.6231
2.4762
2.6133
3.0779
2.7028
2.9575
2.6038
3.0830
3.1293
2.6627
3.1110
2.5567
3.0147
3.0838
2.6088
2.4353
2.4366
2.3627
3.0670
2.5303
2.6304
2.4351
2.3884
3.2747
2.9217
2.6982
2.2572
2.5365
2.3150
2.5166
2.6536
2.6553
2.7512
2.8992
2.6973
2.5721
2.6675
2.5513
2.5792
2.4703
2.6578
2.6825
2.3778
2.8130
2.7104
2.6385
3.0405
2.7825
2.4976
2.1821
2.4470
2.1205
2.4713
2.2903
2.8485
2.3545
2.8105
2.8920
2.6344
2.2848
2.4272
