16.3971
13.6564
13.4951
7.7439
16.5741
7.9828
12.2919
8.0613
17.0993
14.3625
13.4159
4.7055
10.9680
5.7461
7.5072
12.7490
12.9314
13.8604
7.7183
17.7053
20.2388
16.3430
15.2265
15.0780
16.4097
16.5179
8.7007
9.3597
7.6626
7.9135
18.7269
11.4981
17.9493
12.9533
3.4250
12.5848
17.4339
17.5847
14.9651
17.5702
17.1794
14.2728
16.9212
15.1741
13.6742
12.1523
8.7210
11.6377
8.7284
4.6395
6.4957
16.5038
10.1606
10.2134
4.6821
5.6599
13.9236
7.9779
8.5565
9.5215
12.4772
11.3757
5.3581
10.4027
10.8051
6.1698
4.5393
8.0187
17.1327
15.4209
11.1246
8.4493
13.0265
17.5002
7.5912
17.4860
18.2019
17.7482
12.3978
6.9248
6.4769
2.7145
12.4459
7.0594
7.7301
18.5218
8.6445
11.5592
9.8157
5.6604
10.5250
9.7288
4.1390
12.6156
15.8049
7.2560
14.7619
17.8843
17.6143
15.5317
4.6010
4.9469
4.4216
10.4237
19.0494
9.6725
7.3252
13.2273
18.8038
11.0411
7.1160
13.0847
10.7809
10.2420
10.8435
8.1280
6.1207
6.9963
11.4087
11.1748
4.8770
3.2680
11.1280
13.5648
14.9610
13.4811
10.3271
6.1212
9.9352
11.2560
4.5431
12.1134
10.4616
14.8363
15.5183
16.2221
17.7575
14.3488
17.4210
5.0788
10.4823
5.3482
6.6456
11.1441
8.3945
15.7694
3.6463
7.1660
12.8452
9.6053
4.9468
3.8843
8.3691
5.4868
7.6343
6.1388
6.9174
5.0956
11.7129
12.8746
10.7658
7.9336
8.1292
6.9943
16.6832
21.1824
17.9507
18.0326
17.7671
17.9348
15.0211
7.5556
7.1961
6.0730
8.2829
4.8988
6.5063
15.5581
13.8485
4.8337
10.9747
10.4103
11.0727
5.3512
2.7742
11.8185
10.5251
8.3956
21.3331
10.2444
4.6596
6.7198
3.2978
5.1627
3.2494
6.6216
9.9169
11.2667
12.0093
10.2443
