1.4698
1.3014
1.6553
2.7103
4.8216
4.8862
6.5604
8.2332
8.1171
8.1928
8.2786
8.3987
7.5360
10.1557
8.3975
7.5108
8.8950
8.4031
9.7517
8.9276
8.1801
8.9939
7.9535
8.1595
8.7969
9.1653
8.1257
9.3545
9.1329
8.6838
8.7789
8.5586
8.4992
8.0844
8.6662
8.7511
8.7536
9.1626
9.5198
8.3816
8.7989
8.7471
8.3492
7.6458
7.7812
8.3469
9.2577
7.7960
8.4166
8.4625
9.1342
9.3239
9.0866
9.0261
9.9788
9.6648
8.7652
9.4842
8.7268
9.3016
8.6054
9.5143
9.9047
9.2950
8.7318
9.0962
8.6344
8.9820
9.2266
8.6689
8.7241
10.3615
8.4304
8.6829
9.3903
8.8193
9.1074
8.1915
10.6045
10.0135
8.9626
9.7856
8.7949
9.2990
8.6037
9.0919
8.6925
9.4746
8.7148
8.9890
9.0243
8.6079
9.6202
8.5054
8.9867
9.9683
8.6292
10.7839
9.2141
8.7157
9.1728
9.4080
9.3936
9.0944
9.2384
9.9182
9.3723
9.2607
8.9148
9.4709
8.4730
10.5811
8.8371
8.6532
9.9329
9.3468
9.0468
9.5328
9.8427
10.0295
8.6580
9.8275
8.4400
9.5024
9.6575
8.8352
9.1267
10.0679
10.0010
9.2432
8.8638
9.8933
9.6433
8.9794
9.5197
9.2625
8.8931
9.1337
8.9651
9.0269
9.8001
9.7730
9.4043
10.2104
8.9668
9.1361
9.0435
9.2165
8.9994
10.2349
9.1230
10.5405
9.2103
9.3853
8.9995
9.0279
9.6101
8.6079
9.5211
9.4120
9.3287
9.2248
8.4361
9.1539
9.1401
8.8726
9.3703
8.8886
9.2633
9.7778
9.4691
8.5198
10.0568
10.3611
9.1907
9.0971
8.2918
8.9893
9.8022
9.3818
9.4772
8.7409
9.7076
9.6510
9.1102
10.3415
9.8550
9.2669
8.8958
9.5898
9.1435
9.5680
9.7613
9.9737
8.5359
8.8990
9.2208
10.1090
8.9498
8.9290
