9.7963
11.4617
10.1095
9.4722
8.9817
10.3656
10.6644
11.6969
8.8099
9.8142
9.7834
11.9873
10.6528
10.4839
9.1818
9.3357
10.3200
9.7932
10.2454
10.3293
9.6955
10.4431
9.1311
9.6532
11.2001
9.4422
9.8628
8.9853
10.1847
9.5507
8.5821
10.9985
9.7017
10.6445
10.2297
11.2090
10.1218
9.8817
9.5506
11.8528
9.7639
9.8647
9.9460
10.4921
11.6258
10.6376
9.7185
10.9997
9.8605
10.3317
10.0529
11.0084
11.9918
8.7357
9.2872
9.3718
9.1214
10.2267
10.3998
11.0696
11.7972
11.2060
10.9307
11.6348
11.4479
11.3782
11.6430
11.1624
14.4927
10.3253
11.3465
9.4647
10.5557
10.0837
10.5720
10.3841
11.6199
10.4700
9.2349
10.4342
11.2653
9.5731
10.3098
10.2613
13.5352
12.9358
9.3389
11.6569
11.6154
11.0691
9.9756
12.2068
10.1239
12.8567
10.7124
8.6995
10.1775
10.5397
9.9999
10.8407
9.5402
10.8051
9.9003
10.9145
10.9887
10.0946
11.4949
12.5463
9.5949
10.3898
10.9698
9.8524
9.8848
12.7190
9.5817
10.9033
10.9770
9.3189
11.2703
10.2642
10.6141
9.6335
7.9048
9.7168
11.5285
10.1942
10.8814
9.8826
11.1256
10.8070
10.4603
9.8128
10.0293
10.7559
10.1779
12.1759
11.5086
9.9251
8.9216
10.7018
12.2761
8.7113
10.6887
10.7623
9.3830
10.9463
10.3965
10.3706
10.7256
10.0673
11.9490
11.2509
10.1654
10.5806
10.4826
11.3771
10.1059
12.4215
11.3452
9.2052
10.8612
9.6167
9.9145
11.3145
11.1222
11.5812
11.6896
11.9137
9.1570
9.3552
10.2210
10.6670
10.7628
11.7814
11.4741
11.4077
14.1474
11.7959
11.4631
10.5852
10.0804
9.8251
9.4352
9.9683
12.9356
12.3742
10.7884
10.5789
9.5604
13.3523
10.9942
10.1589
11.0312
8.4905
11.1353
10.8464
10.2419
9.4446
10.9511
10.9088
