0.9344
5.6899
5.0902
4.5348
4.4924
4.5489
4.2901
4.2040
4.2017
4.4878
4.1845
4.3017
4.4105
4.1839
3.9225
4.4400
4.1438
3.9451
3.9829
4.1478
4.4705
3.9807
3.8009
4.0257
4.1240
4.4616
3.8832
3.9800
4.3645
4.2600
4.3999
4.0340
4.2345
3.8312
4.2090
4.7299
3.6203
3.7764
4.0415
3.6136
3.8325
4.3064
4.2883
4.2240
4.1009
3.7413
4.5554
3.8703
3.9540
3.8212
4.1110
4.3780
4.2379
4.1435
3.8922
3.9932
4.3096
3.9190
3.8844
3.8395
4.0492
3.7663
3.7673
4.1220
4.0028
3.8150
4.1489
4.0476
3.8826
3.7881
3.6845
3.8040
4.0740
5.7239
4.3699
4.4737
3.9119
4.1664
4.0975
4.1857
3.7372
4.0984
3.8840
3.6952
4.0807
3.9591
4.0914
4.1204
3.9912
3.9195
3.7228
3.9767
3.7464
3.9096
3.9057
3.8206
4.6939
3.8062
3.9029
3.8619
3.9146
3.9129
4.6172
3.8691
4.0637
4.0615
5.2941
4.0658
3.9135
4.1154
3.8846
3.7143
3.6806
4.2359
3.9439
3.9391
3.8335
3.9070
4.0242
3.8065
3.8133
4.0671
3.8711
3.7897
3.6296
3.9538
4.1284
3.7422
4.0391
4.0616
3.7282
3.9063
4.3126
4.0083
4.0993
4.0934
4.3025
4.5410
4.1900
4.1151
4.0013
4.0479
3.5882
3.9667
4.1953
4.0247
3.7970
4.1596
4.2749
4.0757
3.8210
4.1001
4.4066
3.7829
3.8591
3.6991
3.9931
3.9340
4.4470
4.1670
4.1374
3.9090
3.9306
3.9257
3.8375
3.9322
4.0677
3.9610
5.1360
3.9898
4.1141
4.0001
3.9676
4.2398
4.0940
4.0579
4.0128
4.2158
3.7178
4.3916
3.9690
4.1102
4.1894
4.0465
4.3414
4.0161
3.9739
3.7687
4.0809
3.7954
4.1601
4.0140
3.9540
4.0459
4.9085
4.1833
4.0119
3.7885
4.0197
3.6862
