17.8025
7.4485
7.9879
6.2395
7.1347
7.3951
6.8970
7.0723
6.4543
8.1434
6.7026
6.8124
5.0218
7.0898
7.3349
7.1273
6.4898
6.4834
6.0172
5.8122
6.5320
6.0425
5.3158
5.7280
6.3013
6.0964
5.4388
5.6483
7.5542
8.7983
6.0667
7.1519
5.3502
5.7531
6.8594
6.7497
6.3537
6.1934
7.0207
6.7029
5.8156
6.3444
6.9007
6.5200
7.7959
6.7821
6.1741
7.8939
7.7372
6.9208
5.9623
5.9910
7.1071
7.1118
6.4419
7.2607
9.1370
4.5366
4.1464
6.8906
6.6448
8.3782
5.7667
7.5929
5.6247
5.8226
6.5008
5.7056
6.6884
7.5248
5.2404
8.0044
6.1056
6.2208
6.1737
6.2291
5.7239
6.7591
6.5091
6.5126
8.0558
7.7943
5.6969
7.7963
4.8010
6.5959
8.9416
6.0826
6.8323
5.1646
6.9299
4.5264
6.6235
6.3496
6.7425
6.3695
7.4626
6.0097
5.0607
7.5610
7.5213
5.9172
6.3150
6.5885
7.5351
7.1144
4.4693
6.9455
5.9207
6.6540
8.2450
5.3968
6.2520
6.1325
7.3593
6.6174
6.7806
6.2634
7.9548
7.1342
6.1694
5.9792
6.1755
6.3445
11.0277
7.0821
6.0949
5.0363
6.7287
5.0958
5.2477
5.1375
5.4084
6.6735
6.5343
6.9980
6.1509
7.6631
6.5735
6.9708
7.0958
5.5863
6.7963
7.3592
7.4044
5.1173
7.3393
7.2507
7.3765
7.5603
5.8254
6.2284
8.0956
6.6458
6.0390
5.1451
6.1394
7.0758
5.5609
4.9644
6.0843
7.1523
4.7450
4.6701
6.5433
5.2273
6.0194
6.4026
5.8530
6.4100
6.1983
7.7285
4.7780
5.8995
6.9269
7.0277
8.3846
7.6105
6.7412
6.7002
6.9867
8.2583
7.1402
6.7879
6.6735
6.7167
6.6872
6.5639
5.0349
8.3274
5.7223
6.6549
5.3872
5.6428
5.4574
6.8649
6.1590
5.1013
6.4190
5.2287
