18.9584
18.6330
18.9012
18.9458
18.8943
17.6480
19.1255
19.1726
17.7058
19.1778
17.3407
18.2999
18.5416
18.7273
17.4257
18.2989
18.4122
19.4291
18.8309
18.8144
18.8235
18.5178
19.0801
18.1865
18.7727
19.7800
18.0613
18.2569
18.0881
18.5559
18.7631
19.1404
17.5474
18.3386
19.5890
18.1763
18.5796
17.7112
18.2166
18.6810
19.1305
20.0453
19.4360
19.0589
17.2824
17.5663
18.1728
18.0228
18.4354
19.0885
16.2338
18.6073
18.0631
19.4038
17.7218
17.6600
19.0861
17.3580
18.5723
18.3817
19.3852
20.3918
18.9007
18.7510
19.2926
16.5649
18.6431
18.8873
16.1677
17.6456
19.0086
16.5955
18.1417
17.4109
18.7493
18.0096
18.4455
18.6374
18.2063
19.6789
18.1681
18.0154
18.6442
19.4751
17.8556
18.3944
18.8134
18.2019
18.2067
19.0510
18.1641
19.2823
18.1420
19.0285
18.3826
18.7301
19.4870
19.6465
17.5678
19.2407
18.4648
18.9814
18.6403
18.2157
19.6629
18.2931
19.2525
19.4388
18.6761
19.1010
17.0683
18.8928
18.7987
17.1555
17.3217
19.2977
19.6945
17.5353
17.0621
19.8273
18.8398
19.1251
17.6369
18.5346
18.7716
17.9130
20.6642
18.7864
19.6293
18.9507
17.0898
18.5563
19.7238
19.3731
18.4382
18.2956
20.7318
18.8528
17.8118
17.0044
19.1399
17.5652
17.1083
19.2819
18.9393
18.2819
18.4880
17.6182
18.7954
19.1883
20.2265
18.6119
17.8262
17.1762
19.7362
19.0499
17.8064
19.3671
20.6860
17.7352
19.8553
20.6929
17.7473
19.0716
18.8449
18.9131
16.8614
18.1716
18.8902
17.3502
21.5722
19.1808
18.2750
19.4751
20.1398
18.3716
18.5298
17.9587
17.9269
19.5866
18.1369
18.6306
18.9252
20.1475
16.9972
19.7620
17.2490
19.1283
18.8216
19.7904
18.2297
19.7610
17.5670
16.8565
17.6834
19.3720
18.1282
19.0998
17.1935
19.2977
