17.7421
9.5107
5.5588
6.1847
4.2896
5.1698
5.2388
4.8889
4.3662
4.0594
5.8368
3.7261
6.0305
4.8514
4.9396
3.3748
5.6310
4.2883
3.0110
5.1791
2.4775
3.9699
5.3222
3.6273
2.8939
4.0969
2.5671
4.2516
5.7391
4.2641
1.9636
2.3529
4.6637
3.6798
4.2374
3.5418
5.1127
4.3792
4.7308
4.7154
2.6845
3.9576
4.5887
4.2127
4.5033
5.2751
3.9639
4.7733
4.9749
4.3203
3.7847
4.9380
4.0599
3.3492
3.6708
5.2634
3.1882
6.4849
3.6590
2.6963
4.0347
5.0362
3.2430
4.4835
3.9388
2.4238
3.0787
2.8633
4.2117
3.0103
3.1817
3.9161
4.6176
2.9945
3.0165
4.0380
3.5729
3.8256
4.9383
2.3402
5.0175
3.7954
5.8203
2.6009
4.8947
3.8981
3.5148
4.4056
2.8582
4.6900
3.2840
4.5653
2.6240
3.8140
3.3519
5.8844
2.7557
3.4972
5.2025
3.3552
3.9724
3.1264
4.7668
1.9713
3.5406
4.2563
3.0338
3.6125
4.6354
2.9921
4.2330
3.3344
3.4638
5.1497
3.7037
4.1636
3.3965
2.7258
2.6467
3.8870
4.9459
4.5562
4.3934
4.7264
2.3081
3.6942
5.9765
3.0027
5.7317
3.9468
3.5046
4.4892
3.6651
2.0430
3.2508
4.2464
5.5322
4.6818
4.3926
1.8027
3.6822
5.1020
3.4350
3.8143
3.7652
4.4738
2.6932
2.4175
3.5181
4.0128
3.8196
2.7565
2.4493
2.9520
3.2431
3.4256
4.2602
4.7910
3.2018
3.9783
4.1418
4.3742
2.7433
5.0174
5.8246
2.6228
2.1986
4.8931
3.2493
5.1335
3.6954
3.2629
3.6609
3.6495
2.7068
4.7966
3.3021
4.2658
3.3390
3.0405
3.5860
3.0359
3.2862
3.3681
3.6422
4.3251
3.7942
2.0330
4.8000
2.9808
3.7195
5.8818
5.2098
4.2136
3.9165
4.2846
2.6642
4.4864
4.5875
3.3653
