3.9160
4.5594
8.5771
10.9545
11.5992
12.9793
12.6938
12.9644
13.0790
13.0162
14.7765
14.4360
13.3359
14.7511
16.1391
13.3011
15.3328
14.1761
14.4321
14.9087
14.7590
16.7839
14.0298
13.1500
14.7314
12.6606
15.7897
17.3590
15.6061
16.8371
15.9914
14.5421
19.0565
15.2979
15.8807
17.5785
18.4220
18.3476
16.0127
21.6097
17.6218
19.2567
20.3323
15.2585
17.7244
15.5566
21.9956
19.5222
14.5894
18.4414
19.2151
19.7578
18.9685
21.6502
19.6515
19.6760
19.3885
21.8388
21.3210
18.2789
20.4641
19.4597
22.3775
21.4508
23.9365
21.2839
22.8961
21.5133
21.3589
18.7457
21.9936
25.0262
22.5436
22.1014
20.4113
25.2320
21.5227
24.4046
24.0388
23.8991
22.5156
22.6879
26.6771
26.3847
28.7279
24.6411
24.1319
25.0096
22.3043
25.2098
25.7613
27.2762
23.5221
22.1590
23.2731
25.6919
25.4956
26.7581
28.2264
26.7642
28.3924
26.2234
30.0737
28.1952
29.7297
29.6887
29.6971
28.4326
33.1159
32.1052
31.3059
29.9379
26.5086
32.3584
32.0795
31.2085
29.1564
28.6828
28.8060
32.5335
32.5908
29.6952
28.3471
32.4528
33.5878
31.8906
29.3659
31.4223
31.9856
29.2531
28.7965
32.3341
37.1823
32.4410
29.9783
32.7079
30.9669
34.5952
36.1045
34.2255
32.9921
35.6379
34.4323
33.6291
34.0453
37.5547
35.8104
31.4384
31.9976
32.9972
33.8777
35.6750
29.9739
34.5793
36.6059
37.6792
35.3572
34.9400
33.1119
37.0357
33.6401
38.2274
37.4324
33.8405
36.6008
37.8637
34.3459
31.8147
38.9222
41.4290
37.8420
37.1332
38.7929
38.5600
36.9737
37.6311
40.0354
39.0842
34.2482
40.6661
40.9444
38.7803
35.0031
44.9765
40.3604
43.0106
39.4674
43.6482
36.3410
42.1733
39.8135
43.5682
44.5256
39.6174
42.7289
42.9661
39.0514
44.7004
39.4565
45.8645
