2.9434
5.5328
9.4753
13.9463
17.6413
18.1563
11.1300
10.3807
8.7063
8.5291
7.1949
8.4940
6.5353
7.7717
7.8573
8.1087
7.4106
8.6852
6.2530
5.9228
6.7410
6.8864
5.3527
6.6721
8.0734
6.8155
7.3696
6.2503
5.7800
7.3222
6.9409
4.9872
8.5462
5.0104
6.5718
6.4569
6.3091
6.0505
5.8965
4.5648
7.0652
6.6919
5.4158
6.3095
6.0650
5.6926
4.8996
6.2061
4.9222
5.5386
6.2824
5.6370
5.4615
6.3635
4.6650
5.2288
4.8247
5.4363
6.3068
6.9222
4.8096
5.6167
4.9566
5.3325
4.2972
4.3824
5.8924
4.5950
5.8823
5.0947
6.3700
5.2962
7.6779
5.2588
5.5272
5.3729
6.7024
5.3127
4.6197
5.0321
8.1726
4.1735
6.3732
4.2477
6.0407
4.4381
4.6667
4.1715
5.6478
5.1652
5.4525
6.3819
6.6845
4.4677
5.8825
4.2328
4.4332
4.9819
4.1132
5.3520
4.0941
4.5447
5.4877
6.1094
5.0472
4.4524
4.8803
5.7259
5.0897
5.6801
5.4874
4.6665
4.3763
4.1552
4.5305
5.6998
4.6941
4.4240
5.6785
5.1731
6.6161
4.3165
3.5216
4.9708
6.0287
4.4131
4.3981
3.3964
3.8450
5.0125
4.1861
4.2704
5.8452
4.9898
7.7701
4.7138
4.5913
4.3228
6.8904
4.7134
3.6751
5.5688
5.5056
4.3928
4.6431
5.0648
6.2300
3.3046
4.4256
4.3120
4.6731
3.8764
3.9661
4.3286
4.0913
3.1629
4.0482
3.4319
4.2680
4.7753
4.4280
4.8737
4.5775
3.9289
4.2054
4.1700
3.8395
3.4423
6.0059
5.0284
7.2612
4.7387
4.7564
3.7900
3.8769
4.1767
3.9722
3.9533
4.3703
4.4896
4.0700
3.4286
4.1462
4.8475
4.2857
3.3515
3.9251
5.4364
3.2989
4.6603
2.8906
5.8770
4.5424
3.4955
3.9711
3.5804
5.2763
4.2672
4.0373
4.1307
