8.5818
7.4483
7.8064
9.0390
8.7404
9.2804
10.2778
9.8152
8.7197
9.6860
10.0468
11.6547
11.5498
10.6549
10.8681
9.7017
10.7937
11.6149
11.0306
13.3011
13.7145
13.7369
12.0218
10.9748
9.1415
10.0853
11.6491
13.0886
14.1688
13.0552
13.5136
14.1626
15.9928
12.5934
11.3020
13.0918
13.1427
13.9145
14.6314
14.3578
11.7902
16.6629
16.0008
15.6473
15.5105
13.3093
16.1580
14.7069
14.7483
12.6711
13.6918
15.3822
16.8789
14.6549
15.4348
13.1283
15.0256
16.1214
14.3397
13.3031
12.7171
14.0628
14.0275
13.9019
14.8074
12.9994
13.1995
11.4225
12.8381
12.0988
13.2676
13.4475
10.9875
11.9146
10.5541
10.0312
10.7113
11.9904
11.2186
11.3661
12.3063
13.3634
10.6978
13.3354
13.2735
12.7286
15.4001
15.9939
15.6538
14.2485
12.6576
14.2181
13.4399
19.9139
16.6673
15.3377
15.1639
11.7218
12.8458
13.7908
16.4795
13.6394
11.3119
11.4538
12.5635
14.4222
12.7467
14.7568
15.1408
14.4632
14.9947
18.1766
12.9195
12.3625
11.9263
14.7188
14.2810
14.2945
14.3026
14.1052
12.8263
13.1095
14.7453
18.0553
15.6453
17.3520
18.0402
15.8438
12.5083
15.1140
14.1207
16.4990
21.0826
18.8227
18.2338
17.6714
17.6201
16.8698
14.6336
15.3926
14.2195
19.3940
22.1280
18.9964
19.6705
14.9426
14.7632
13.5653
13.2607
11.2684
12.7077
12.4257
14.8710
16.4202
15.2638
14.8544
14.8265
14.6233
17.8231
13.2303
16.6407
16.8976
15.8119
17.3943
17.0123
15.5140
14.8580
15.9987
15.4677
12.7734
14.5054
14.2584
11.6747
15.1013
13.0334
12.1311
15.1376
12.0368
12.5066
12.3217
14.1560
11.9334
11.8155
12.8330
11.3932
18.0976
15.1375
15.7239
15.2690
13.2753
13.9285
11.7195
14.3251
12.6912
12.0082
14.6580
15.1756
14.8951
21.8320
15.8796
