16.4072
8.0803
6.7795
7.2345
6.9248
6.1618
5.9743
5.5456
6.3394
5.7318
6.4673
6.3282
6.6646
6.0095
6.1234
6.2101
5.6424
7.2183
6.0464
5.7995
5.6184
4.9958
7.3648
5.1693
6.0221
5.8596
6.0754
5.5969
5.4395
5.8571
6.8315
6.4877
7.3637
5.5493
5.7254
6.3333
5.7677
5.7945
5.6372
6.1486
6.4936
6.2471
5.8202
5.3620
5.6766
5.7266
6.4025
6.0232
5.3713
5.9277
6.0483
5.5627
6.7037
6.4193
5.9271
6.1692
6.3747
6.2723
5.6224
5.7934
6.0909
5.7237
6.4425
5.2682
5.5276
5.5904
5.4391
6.0253
5.8828
6.0415
5.5218
6.9566
6.0207
6.2704
5.2660
5.6258
6.0473
5.5460
6.1255
5.6673
7.4102
5.3718
6.2246
5.8891
5.7993
5.1421
5.2463
5.4754
5.6898
5.7137
6.1753
6.2978
6.1357
6.4046
5.5062
5.8667
5.2772
5.7922
6.0381
5.3374
5.2060
5.6720
5.8859
4.6464
5.9735
5.8949
6.1934
6.1586
5.0631
6.9933
5.7428
5.3396
6.6834
6.3661
5.5299
6.0174
6.2218
6.3124
6.3224
5.7407
5.1153
6.6990
5.8117
6.6725
6.2719
7.0204
6.7019
6.6195
5.4751
7.0950
5.6902
6.0800
5.6325
5.6912
5.6832
5.7213
6.0529
5.7654
5.1052
5.8294
5.8354
6.9893
5.0831
6.1823
5.3807
6.2474
6.1107
5.9702
5.4519
5.3347
6.2138
5.6239
5.4352
5.7894
6.9104
6.6026
5.6048
6.9577
5.8691
6.1688
6.2973
5.2453
5.8610
4.8527
5.8769
6.3154
5.2535
5.4648
5.4925
6.6139
6.8252
6.1267
6.6004
6.5849
6.4604
5.5610
5.5055
5.7721
5.4862
5.6857
6.0018
5.5821
6.0892
5.6349
5.4868
5.7877
5.7415
6.2726
7.0818
6.0933
5.6691
5.4915
7.2805
4.9801
6.4697
5.6027
6.1041
5.8035
5.4834
5.6389
