3.8525
1.9029
1.9661
2.5229
2.5122
2.4092
2.0424
2.1158
2.0162
2.3067
1.9349
1.8315
1.9238
1.7298
2.5328
2.5365
1.8469
1.9002
2.0256
2.0864
1.4777
1.7015
1.5728
1.8001
1.7999
1.8738
2.1232
2.0271
1.7189
1.9539
2.1081
1.9983
2.5050
1.7978
2.8529
1.5297
1.7918
1.4644
1.6418
2.3851
1.6726
1.6353
1.7559
1.7139
1.8914
1.8447
2.0702
1.9015
1.6947
1.7707
1.8673
1.4630
1.4181
1.5330
2.0832
1.9030
1.6349
1.6606
1.4290
1.3465
1.9889
1.7745
1.8876
1.5703
1.4636
1.6847
1.8879
1.5567
1.6086
1.7170
2.0082
1.3962
1.3557
1.5139
1.1560
1.7059
1.7981
1.4743
1.2829
1.4219
1.1657
1.3483
1.6705
1.8300
1.7137
1.2971
1.6842
1.4905
1.7172
1.2806
2.3310
1.9711
1.3248
1.9345
1.5245
1.4349
2.2926
1.5874
1.5034
1.8206
1.3399
1.4872
1.8418
1.6746
1.3672
2.0152
1.5382
1.4160
1.5971
1.5965
1.3595
1.4214
1.5798
1.1450
1.2590
1.8821
1.7454
1.2076
1.4331
1.6966
1.6190
1.6951
1.3986
1.2999
1.3662
1.6151
1.2563
1.5686
1.2748
1.3346
1.3500
1.6075
1.4412
1.2445
1.4596
1.6483
1.6337
1.8461
1.8163
1.4739
1.2985
1.9465
1.6530
1.2346
1.6991
1.1299
1.8079
1.5049
1.4460
1.4226
1.5259
2.4040
1.4781
1.8787
1.3872
1.4804
1.3852
1.5887
1.2284
1.6917
1.2288
1.4127
1.8295
1.5214
1.3047
1.2512
1.4117
1.3233
1.7813
1.8376
1.4450
1.3816
1.6524
1.5565
1.3499
1.4455
1.4975
1.6709
1.8771
1.6395
1.3585
1.2047
1.5450
1.1086
1.0966
1.5474
1.2434
1.4033
1.7296
1.3317
1.1268
1.6680
1.6716
1.6196
1.4742
1.3856
1.3119
1.2066
1.7317
1.4635
