13.3766
9.8353
6.8500
6.5005
6.3855
7.7345
6.5796
5.7439
6.7965
7.0004
9.7725
6.8112
6.1941
7.5718
6.1110
6.2766
10.1222
9.3464
11.1213
10.4466
9.3497
7.3404
8.0286
7.3307
7.7227
10.7453
7.4437
7.5806
11.0673
11.1356
7.0353
6.4484
8.7115
8.8447
9.4451
7.1233
7.5680
9.7288
11.7537
8.8542
8.5329
7.2638
8.6660
7.2754
9.1602
12.5746
12.6691
14.9619
15.5658
14.5217
15.5332
17.5356
16.2367
17.2060
15.1758
17.3319
16.6347
17.6640
16.9461
17.2930
17.0493
16.8539
20.6011
17.7898
17.6692
19.1800
20.5785
16.8058
17.5056
17.9375
18.4632
15.9999
17.6927
19.8548
16.4809
17.3249
18.3748
17.9063
18.6128
19.2768
19.8425
16.1958
20.3285
17.3739
18.0904
18.9090
17.6677
18.1818
18.8182
17.9563
17.1577
19.6954
18.9979
16.4553
17.6453
19.4760
18.9234
18.4347
15.9504
20.0506
17.3216
19.3483
20.0768
18.4325
19.8507
18.2069
20.3375
18.1087
16.9420
17.6482
17.8042
19.2405
19.8555
18.4011
18.6939
18.3173
17.4098
19.4944
18.7315
19.5299
17.7212
16.2527
16.6244
18.8113
18.8430
18.4945
18.8294
18.7065
16.6210
18.4303
16.1631
19.2022
17.1111
18.0762
19.1182
17.4698
20.3728
19.2497
17.3159
18.6718
17.9167
18.0656
19.5798
19.9463
19.5511
19.8038
18.2739
15.6236
19.2235
18.1585
18.7504
17.3769
18.7655
18.0428
17.8604
16.2530
17.2982
18.4414
19.0753
21.3558
19.6262
17.0641
16.4452
19.8966
17.0783
17.0968
18.7419
18.9842
19.8071
18.6376
16.7323
19.6781
19.6900
16.4342
17.3309
17.2585
19.4720
19.6743
18.8186
19.2252
18.7690
19.9826
19.3216
19.7849
20.3857
19.5034
19.3583
18.8471
19.5794
19.3341
19.3610
20.7798
18.9157
17.9646
20.9450
20.2998
17.5895
17.9425
20.0514
17.2941
