3.3732
4.3391
8.9088
12.5219
13.6431
14.6244
14.2378
14.4102
14.7106
13.3606
13.4448
14.6413
14.7847
15.6843
14.5476
13.8918
13.5907
13.2168
13.8300
12.6993
13.9270
13.2746
15.1018
12.5229
14.1159
12.7471
13.7277
12.1131
14.8294
13.5298
12.7345
11.9262
12.9072
12.6190
12.1425
13.3496
11.8733
11.3913
12.0081
12.7363
12.2083
12.9319
12.0438
12.9469
11.7694
10.7505
11.0823
10.5489
10.3602
11.5817
11.2615
11.3945
11.1450
10.9654
11.4425
10.9042
11.1685
11.1820
11.8662
11.6380
10.2814
12.4191
9.5609
10.8940
11.0857
9.4227
11.4373
10.5838
10.2188
10.4394
10.8537
10.7141
12.5163
11.4353
11.6919
9.6846
11.6674
11.4451
10.4228
9.5241
10.2164
10.3561
11.4157
9.4220
9.1214
10.2818
10.2808
9.7275
10.7209
9.5750
8.9571
10.0901
9.6314
9.9890
10.0783
10.0224
10.2328
10.1054
9.9709
9.5090
10.4250
9.1528
10.1161
8.7443
9.5428
9.9741
8.4915
9.3076
9.2125
11.3136
10.6863
9.4321
10.5535
9.9503
9.8347
9.6233
9.9160
9.4405
10.0671
10.1314
9.9645
9.6465
10.1053
10.1440
9.7018
9.3724
10.7240
9.2925
9.4361
10.4525
10.8185
10.5297
9.9402
8.5135
9.4556
8.0523
9.0539
9.2534
10.1444
8.6290
9.4135
9.8661
9.5742
9.6182
9.5723
9.2157
8.8014
9.7127
9.1487
8.9144
10.6006
9.6024
10.0017
9.7133
10.2789
9.0184
8.9082
10.2212
8.8330
9.6801
8.8763
9.1633
10.2118
7.9839
9.5214
9.0160
8.7866
9.5422
9.8011
9.6730
9.4931
8.7749
9.5913
8.2011
10.2261
8.5512
8.9627
11.2908
9.5245
9.1323
9.5701
8.9312
8.8410
9.1965
9.3555
9.1083
7.6839
8.4037
8.4619
8.4856
8.0183
8.5896
9.3711
9.0224
8.4561
8.6792
10.2595
9.0141
7.6478
9.1866
