17.4146
18.1311
17.3989
18.6844
10.9106
15.3457
6.5884
5.0369
5.9017
4.4797
4.8074
4.3356
4.7402
4.2624
3.9130
4.3027
4.3236
4.6256
6.1273
4.1615
7.6133
8.0840
17.8533
19.1489
7.6347
5.2968
5.3220
7.0944
4.8867
4.6296
5.6241
4.0105
4.6426
4.2172
4.3814
4.3798
5.0594
6.2264
4.5899
7.1813
12.3000
19.5674
21.0289
11.2162
16.2170
13.6452
9.1898
5.6127
4.1939
3.8776
4.5530
4.2140
3.4932
4.1560
4.2732
3.8312
3.9223
3.2949
3.2947
6.3534
4.6327
5.3064
2.4020
8.2881
11.3130
19.5489
19.9430
17.9744
11.1828
14.9717
5.6853
4.4473
4.6620
3.7914
6.4706
4.0191
5.1431
4.8966
3.8021
4.1756
4.5552
4.3650
3.7354
5.0570
3.2786
3.9952
3.9872
5.6136
10.7930
13.4460
18.5822
18.6030
9.9805
13.3736
4.8021
4.0415
4.6536
4.1428
2.9890
4.8886
3.2958
4.7742
3.9861
3.3904
2.9910
4.4745
2.6582
3.8990
3.6023
4.2442
3.0807
6.1454
3.5607
6.7268
9.3762
14.7533
15.1590
11.1581
8.5716
6.9320
4.2164
2.9924
3.4502
3.7492
5.4661
4.7174
3.4920
2.3304
2.9691
4.5269
3.9980
2.8473
4.2816
5.0546
5.4354
4.5207
5.6998
3.4374
3.9771
11.1820
18.0323
11.8383
13.7178
15.7896
12.8941
5.1486
6.0916
3.6783
3.9634
2.6858
5.4451
3.7493
5.0054
3.9075
3.7311
5.1655
4.7625
5.5005
4.1346
6.2664
6.1336
3.6877
8.0289
14.9374
19.5453
5.6960
17.6394
5.0861
5.5089
3.1672
3.2719
3.5621
3.6206
3.7770
4.2114
3.1846
5.9353
4.7440
4.4434
3.4247
3.4122
3.6539
3.5815
4.0239
3.3699
3.8752
5.3803
5.8053
3.0990
12.9518
17.9903
17.0290
16.4203
16.2584
6.0960
4.3215
4.9631
3.6120
3.6087
3.3029
