18.9027
17.7059
15.5850
18.7755
16.5073
17.1285
17.2917
16.6901
15.8196
17.0091
17.3310
18.2204
17.4918
18.8312
18.9460
19.3724
19.1428
17.2753
16.0795
17.9003
18.2457
18.2291
15.3797
15.2534
16.6195
17.4257
14.2692
19.3809
13.5818
18.4298
18.5253
18.2267
14.9021
16.0172
17.5265
16.7204
16.7793
14.4916
16.2486
16.7714
17.4717
17.2567
17.7971
16.3775
16.5309
17.5596
15.6719
16.3111
15.9408
14.6023
17.6945
17.2344
16.7413
15.7157
16.4070
16.1475
16.3552
16.0097
17.2089
17.3484
15.0209
16.3035
17.3451
18.1554
15.7275
17.4375
18.4496
17.8173
15.5012
16.7267
17.9593
16.5506
17.7127
17.2272
17.1016
16.8247
16.9116
17.0062
17.1512
16.8525
18.0525
18.6778
18.9293
18.2308
17.3436
16.1987
17.2057
14.5836
18.5205
15.4260
15.6401
17.2478
17.5112
18.6469
17.2859
16.3464
16.9994
16.5233
14.4272
17.1999
18.3660
16.1036
18.6029
17.0105
18.3279
18.7633
17.2854
17.1637
16.2244
19.6009
16.9930
17.2236
18.3467
18.1695
17.5699
16.3024
17.1223
15.8680
17.5114
15.9576
16.5398
16.7637
16.8287
18.0992
13.3468
17.5485
14.4574
18.3731
19.5539
17.6445
18.8118
16.5143
16.9682
17.5431
15.7896
19.7863
16.7495
15.3031
17.5452
16.4616
16.2071
16.8926
15.5807
18.3067
14.1947
18.2615
16.3626
16.9545
17.9153
15.9574
15.2237
14.3736
18.4113
16.6148
15.9738
16.5206
17.8564
17.1394
16.4100
17.1354
18.9778
15.9038
16.0582
19.0984
16.0988
17.3704
15.3549
15.7741
16.6079
17.2685
17.7464
18.1484
19.0188
16.6098
18.4117
17.4143
16.2031
17.7377
17.2404
16.9793
18.4234
17.8654
16.1665
17.8580
18.3604
17.6624
19.6467
17.6448
17.5519
14.9496
18.0338
16.9761
17.1133
17.2452
15.3457
15.6750
15.6375
16.0959
16.8865
17.3881
