17.8328
16.6155
15.9702
18.0492
18.9462
18.6107
16.9010
18.7624
17.5971
16.8486
17.3143
17.7803
17.8716
17.5382
16.3404
19.8265
18.2632
18.5426
18.9455
18.5113
18.9159
18.5993
20.6080
18.0240
17.8281
17.6277
16.4298
18.5600
18.1398
19.8057
17.8819
18.9131
18.3774
19.8592
17.4021
18.3962
20.1075
18.2167
17.9180
17.6860
17.6330
19.1868
18.0506
18.4008
16.4466
20.3140
18.0919
19.2362
19.6101
19.5992
17.5620
16.1639
16.4257
20.3323
21.4307
16.9831
20.2515
18.5608
19.0694
17.8701
17.3627
17.4559
19.7881
19.3482
17.8330
18.3333
16.5016
17.7690
19.1867
18.3392
18.1547
17.7935
18.3642
17.2313
21.3708
19.1233
19.5590
19.2306
19.0668
16.5147
17.2147
17.1454
17.2465
19.7471
16.3755
18.7285
16.3397
18.0725
18.0000
19.9673
17.2820
19.3690
18.5778
18.4870
17.6740
17.4752
19.1508
21.1112
18.7814
18.7950
18.8756
20.2285
18.5570
18.2724
19.4840
17.2914
19.2258
17.1546
17.8895
19.3623
19.5013
17.2756
17.1024
17.4435
19.3623
19.7313
18.0473
19.5761
16.9060
18.7341
20.9910
17.8890
16.3612
20.3344
20.7583
18.7190
18.1078
18.0241
18.6903
17.5249
18.7298
18.4696
20.9124
18.3674
20.0852
18.0670
18.3156
17.4890
18.6440
18.4313
19.7874
17.8133
16.2735
18.5189
19.6915
19.1524
18.1747
17.3383
17.7897
18.9268
18.0761
16.1700
18.5568
17.1267
20.6641
19.3995
18.8172
16.2441
18.6946
19.9327
16.1968
17.7078
16.8027
17.7324
19.4607
19.6814
19.7728
18.1832
19.2361
18.4575
18.4299
20.7784
18.8740
19.6944
18.8166
18.3860
19.8117
19.1729
17.1469
15.5622
19.4952
18.0229
17.9797
18.7387
18.7045
18.1565
18.6288
20.6397
18.1576
16.0161
17.1742
15.5151
20.1493
18.7721
18.2483
18.7287
19.4487
18.8703
18.1219
17.6087
