21.4358
22.2528
24.5880
20.6543
24.4943
20.5982
24.4482
23.1384
24.4544
24.7296
22.5098
22.5941
25.3830
23.8071
22.7517
27.2553
23.4932
23.4658
26.1791
26.7289
25.6306
25.9161
26.6845
26.3946
24.5537
24.7336
23.0158
26.7120
21.6014
24.8287
23.0279
25.9984
22.9729
26.8592
23.4177
25.3191
24.2433
24.7640
23.4619
25.4291
23.5642
24.6339
23.7142
22.1697
21.6221
23.1419
26.2397
23.6550
25.6879
24.1354
21.8745
25.4386
26.1472
25.2836
23.6532
23.4833
25.6046
24.2890
24.5151
23.9311
22.9427
22.8220
22.7952
21.8105
25.0436
22.0101
23.2664
24.7846
21.1878
24.3014
21.3405
24.1778
25.9019
25.8736
23.6724
24.9343
25.5212
23.6846
23.5474
24.5952
23.8311
24.4237
24.0449
25.3175
25.4809
23.5642
25.4431
25.5653
22.2825
23.7335
23.3734
26.9123
23.1064
23.9165
25.9918
26.8715
23.6103
24.0366
23.6187
23.4561
24.2236
23.9282
23.7920
25.2118
22.7671
23.7962
24.5937
26.8207
24.0512
24.6739
24.0452
24.6034
22.5391
23.9993
24.7986
22.7910
22.9923
23.6380
22.5950
25.2885
22.6450
24.4080
23.3952
24.1952
23.6425
23.0002
26.6653
22.2722
21.7929
22.5464
22.2178
24.1153
22.9243
23.6968
23.4454
22.7589
24.5297
24.6256
27.5904
23.2813
23.6052
21.3576
24.2724
23.7480
26.1316
23.4609
24.0034
22.3833
25.5672
22.7425
23.8775
23.4282
23.1250
22.5690
23.1691
23.6608
23.5091
24.1204
24.0593
23.6864
26.4816
25.1618
24.8885
23.8692
24.8456
23.3767
24.8339
20.8122
23.6406
22.8423
23.7026
21.3547
24.4132
26.3991
25.7288
23.8339
22.7624
23.8401
22.4777
22.0454
22.5510
22.7796
25.6156
23.6804
22.9502
21.4067
23.2793
24.0347
26.6111
24.9551
22.6938
25.3154
21.9065
24.8079
24.1296
24.7929
25.7955
23.5346
24.2068
23.4627
