18.5817
8.8255
7.1034
6.0686
6.4185
6.3237
6.1542
6.3169
5.6054
6.0451
6.4386
5.3382
7.4224
6.1794
6.8503
5.7800
5.7125
6.3172
5.4996
6.4707
7.7099
5.9260
6.8075
5.4140
5.8641
5.8833
6.1915
5.5113
4.7408
5.5657
6.3491
5.8023
5.4111
5.3033
4.3445
5.4590
4.8509
6.3543
5.7591
6.3128
5.7691
6.2694
5.0287
4.9718
4.8736
5.7379
5.6178
5.4468
4.7279
5.1009
4.5593
5.3988
5.8524
5.0395
6.7127
4.9950
5.5292
5.6656
3.8973
5.3487
5.4515
5.1748
5.4047
5.7151
5.7888
5.7420
4.9273
5.8428
5.1687
5.6697
6.2939
5.1619
5.7306
6.7639
5.8246
5.6594
5.1957
5.1123
4.5403
5.6658
5.3758
5.1565
5.8563
5.5763
5.6879
5.5655
4.9665
5.2741
4.8887
4.9485
5.2444
5.1543
5.4990
5.6429
5.3316
6.2990
5.3457
5.2597
4.6059
4.4126
4.7818
4.1888
4.8365
5.1050
5.3909
5.7285
6.4974
5.0271
5.3446
5.2688
5.0808
5.4801
4.3998
5.9512
5.4570
5.6491
4.8935
5.2240
4.9711
5.1270
5.1552
4.7133
4.6672
4.9878
5.0722
5.0159
5.4288
5.3077
5.3692
5.3072
5.7236
5.6463
6.0400
6.3210
4.7533
5.4366
5.2688
5.0415
5.5579
5.9247
4.2997
5.8901
5.5282
4.9696
4.7432
4.9656
4.9745
6.0855
6.5175
5.3642
5.4764
5.3545
5.8638
4.6598
5.5337
6.3538
5.0124
5.5735
5.1069
6.5630
4.5410
5.1432
5.5102
5.1082
4.8678
5.1662
4.9219
5.5050
5.1069
5.3962
5.7128
5.5940
5.0171
4.7608
4.7052
5.7872
4.7406
6.2742
5.3261
5.6135
5.3104
5.5820
6.0535
4.5788
5.4061
4.5720
5.5970
5.4379
6.3038
5.2366
5.5798
5.9094
5.2200
5.7716
4.7595
4.8814
5.6479
4.9835
5.9346
5.5288
