1.5505
6.6623
5.9299
5.5237
4.7509
4.3512
4.4980
3.7222
3.7131
3.3581
3.9961
3.1672
3.4926
3.4996
3.0700
3.4671
3.1947
3.2317
3.0804
3.3084
3.0302
2.8619
3.0535
2.8895
3.0677
2.7830
2.8658
2.8568
2.7805
2.9587
2.9287
2.7684
2.9495
2.5149
2.8640
2.6981
2.6574
2.7663
2.7952
2.7921
2.6571
2.8691
2.8019
3.0934
2.6267
2.5635
2.9054
2.6260
2.7469
2.8217
2.7525
2.6714
2.6878
2.8265
2.8729
2.6108
2.9522
2.8380
2.4642
2.3699
2.8872
2.4504
2.9997
2.4302
2.3202
2.7350
2.6364
2.7047
2.6427
2.6281
2.3349
2.6840
2.5114
2.6509
2.4098
2.3441
2.7763
2.7755
2.6155
2.6372
2.4685
2.2449
2.4931
2.2918
2.7507
2.6139
2.4679
2.5724
2.5587
2.5681
2.2126
2.7096
2.7118
2.7359
2.5408
2.6832
2.8897
2.7967
2.5133
2.7929
2.5301
2.7338
2.2410
2.3699
2.6191
2.7794
2.4054
2.4841
2.5539
2.6503
2.3415
2.4613
2.4274
2.3584
2.7924
2.4046
2.5007
2.2284
2.5931
2.4511
2.6090
2.4500
2.5413
2.6017
3.1253
2.5989
2.4686
2.4591
2.2787
2.4894
2.4178
2.2983
2.5129
2.4646
2.7345
2.7538
2.4844
2.5063
2.5604
2.2393
2.4537
2.5967
2.5159
2.6577
2.6134
2.4418
2.6562
2.3369
3.0864
2.2631
2.9210
2.6167
2.3903
2.8229
2.3346
2.6460
2.5007
2.2667
2.5500
2.5948
2.4017
2.2192
2.4507
2.5882
2.6311
2.2614
2.7722
2.8383
2.3781
2.5619
2.3649
2.7731
2.4852
2.6463
2.5389
2.4419
2.4625
2.7605
2.2119
2.4827
2.6340
2.6552
2.3079
2.6213
2.3583
2.4400
2.5633
2.4994
2.2293
2.3456
2.3476
2.3979
2.4982
2.5676
2.3936
2.4990
2.3046
2.3682
2.6222
2.7444
