2.9856
4.1767
6.1399
8.1382
8.1323
8.5659
7.7738
6.8055
7.7223
7.4757
6.6415
6.5260
6.3840
7.4506
6.2859
6.1140
5.4524
7.0155
5.6783
8.1033
6.1788
5.6442
7.1692
5.8497
7.5258
6.2497
4.9733
6.0409
6.2776
7.2153
5.2770
6.3094
3.9889
6.0720
4.7524
4.5617
6.4818
4.7427
5.7047
6.0276
5.3750
6.0265
6.1059
3.8229
5.3843
5.7989
5.2138
6.1528
4.5842
4.8060
4.9598
5.9320
3.9990
6.0432
4.1487
5.8195
4.8121
4.6866
4.4772
4.7785
5.3497
5.1637
4.4910
3.9146
4.5749
4.5069
3.6853
5.2133
6.9559
4.0621
4.3827
5.8312
4.7423
5.6728
4.3407
5.3659
5.0573
3.3271
6.5604
5.4093
4.3600
3.8722
3.6131
4.6287
5.0613
4.0974
4.0394
4.9570
4.4064
4.8357
3.9899
3.3854
4.4541
3.8310
3.9949
5.3279
4.7516
5.5308
5.1355
5.0935
4.4762
5.3381
5.1185
5.2703
5.0660
4.2422
3.6622
4.5782
4.1316
5.4465
8.3404
4.9310
5.0911
6.7838
4.4611
3.3830
3.9198
4.9886
4.2935
3.3680
4.9693
4.2854
3.5748
3.4511
4.0260
5.0261
3.9320
4.9628
4.8061
6.1510
3.5577
4.8611
3.8860
3.8089
4.2375
4.1044
3.7684
4.4648
6.0631
3.5110
3.8176
6.2702
4.4703
4.6013
4.1282
5.7318
7.1428
5.6999
4.0405
4.8576
4.8332
4.9822
3.6950
3.9247
4.9749
3.1363
3.6208
3.7324
3.8826
4.8133
3.5773
4.4339
3.0912
4.8548
4.3335
2.7401
3.9493
5.2118
4.0910
5.2948
4.4924
3.4525
3.0947
4.4159
4.2536
3.1498
4.9694
3.7806
4.7336
4.4255
3.4479
5.9439
4.6262
3.6860
6.1019
4.1873
3.8069
4.4306
5.7012
4.7336
4.0656
5.9164
4.1081
3.5716
5.2768
4.3614
5.0679
3.8247
4.1069
2.7772
