2.1436
9.4333
7.2858
6.1853
5.3689
5.2435
4.9156
4.6021
4.6231
4.8128
4.6484
4.5401
4.4982
4.1268
4.3102
4.3323
4.3475
4.0010
4.2680
3.9346
3.8784
4.1522
3.9573
4.2810
4.1899
3.9237
3.8249
4.1352
4.0351
3.9013
3.8005
3.7420
3.9022
3.9261
3.8666
3.8237
3.7991
3.7549
3.6473
3.8647
3.7589
3.6414
3.6674
3.6709
3.8180
3.7433
3.7748
3.7294
3.5710
3.5366
4.0463
3.6624
3.6612
3.8458
3.4723
3.9578
3.5722
3.4723
3.6114
3.9474
3.7837
3.3515
3.7464
3.3847
3.5021
3.6823
3.7908
3.4214
3.9016
3.3644
3.5032
3.8114
3.7892
3.8521
3.8151
3.4896
3.7820
3.7102
3.5272
3.6271
4.0598
3.8188
3.5386
3.5935
3.4116
3.5899
3.4907
3.5064
3.3007
3.7442
3.5333
3.6263
3.5954
3.6023
3.8030
3.3515
3.6262
3.6951
3.3796
3.4639
3.4601
3.5474
3.6950
3.5500
3.4579
3.3274
3.4313
3.6261
3.6026
3.3655
3.7281
3.6932
3.5249
3.2358
3.4072
3.4093
3.5369
3.7017
3.2203
3.4725
3.3978
3.1555
3.7748
3.6807
3.2536
3.2115
3.7023
3.2611
3.6672
3.5633
3.5162
3.3553
3.4583
3.4838
3.2906
3.5991
3.3903
3.2649
3.3526
3.3526
3.3348
3.5361
3.4020
3.4922
3.2955
3.3235
3.3126
3.3587
3.2974
3.3266
3.3732
3.4665
3.3127
3.3017
3.4157
3.3158
3.5178
3.1064
3.4093
3.3316
3.5790
3.2771
3.4668
3.1824
3.6710
3.4295
3.5786
3.5162
3.1902
3.4658
3.3429
3.2112
3.3197
3.6688
3.3798
3.4906
3.3423
3.4553
3.2837
3.4445
3.3978
3.4726
3.1931
3.1958
3.4011
3.2561
3.3954
3.2847
3.6559
3.4678
3.3162
3.1790
3.4760
3.2065
3.1199
3.1411
3.3994
3.4514
3.3325
3.4871
