2.5741
3.2558
7.1188
12.1809
13.2071
16.5245
19.0622
20.0694
23.7897
19.3783
20.5050
20.4289
22.9320
25.7445
21.8519
21.2844
22.3778
25.4865
18.9198
24.6316
23.0426
22.2539
23.2406
22.7085
22.8914
19.4215
22.3369
19.7776
20.0423
19.7127
18.0243
19.2469
22.8663
17.2601
20.6831
17.5943
17.5512
18.3866
20.1675
19.8175
17.4344
19.3558
19.7058
18.9886
19.6689
15.1539
19.1090
18.7516
16.5543
18.6084
19.4162
17.3012
14.8352
16.2096
17.7389
15.8603
16.3208
16.1465
16.0974
16.8225
16.5648
16.2860
17.4493
16.1635
16.6065
14.0810
14.4394
17.2400
15.0698
16.6835
16.6162
14.5293
14.2322
12.7520
15.6749
12.5596
12.0801
13.7292
14.9917
13.4319
14.6035
13.6572
15.2916
14.0406
13.7999
11.4090
14.1323
14.0966
13.6808
12.9607
13.4749
14.9605
14.3111
14.3885
11.9798
9.1103
13.0747
15.7623
13.2995
11.9177
15.6900
12.2375
13.8398
13.7847
14.0562
12.9105
12.7086
10.7773
11.8778
11.5453
13.6336
12.1451
15.3803
10.4541
12.4706
13.2702
12.0633
10.5512
14.4092
12.8841
13.5679
13.0285
12.8934
12.1601
10.3493
13.2236
12.7747
9.8322
10.7942
10.4297
12.8326
12.4247
10.7354
13.5992
12.7979
10.2229
16.0548
14.1921
11.8089
13.8085
14.5293
12.0662
12.9595
11.6414
11.7637
14.2343
16.2066
14.3624
10.2631
11.3050
12.8392
14.2108
11.4747
13.3540
11.6057
12.6552
13.1462
11.1621
11.9928
12.7228
12.6184
15.4476
10.8570
14.0923
11.0239
13.9398
12.3014
11.6427
12.6734
13.1119
9.5721
11.4177
11.7661
11.0369
10.5645
15.1006
13.1657
12.6845
11.7525
14.3775
12.1725
12.1710
11.6522
13.3962
11.6272
12.5245
11.7428
12.3741
12.9251
10.9128
10.7474
10.6962
10.2037
12.3395
12.0743
11.0603
10.6959
13.9321
13.2432
10.7334
