3.7796
5.9963
12.2623
16.1976
18.6077
18.6538
19.9611
23.6213
24.4297
19.7849
21.8823
23.7625
21.8132
31.5305
31.9097
33.2866
34.6750
35.7563
35.3832
37.2387
36.5894
36.0810
36.9112
34.7438
35.0382
35.8788
38.7087
34.1070
38.5869
35.3411
36.6684
37.2448
38.5742
41.1406
37.9599
34.9683
37.5420
38.5075
38.0854
38.9636
37.7261
41.1920
36.9259
37.4021
42.5591
36.8977
40.4563
38.8976
40.8507
39.0684
36.5443
42.1325
43.0285
40.8882
40.8908
42.7317
42.6634
41.2044
41.5908
37.7991
38.6253
41.0652
40.6152
41.9985
40.4547
37.6268
37.6762
43.3995
43.0303
41.8490
39.6593
41.2346
36.9975
40.6777
39.5667
40.6274
40.7398
44.5035
43.4987
43.5831
40.0642
41.9480
38.4064
41.6647
45.5713
44.5243
48.2081
45.7965
44.0400
49.3070
43.6312
45.2832
46.9691
41.7514
43.0099
44.6763
44.2739
48.3927
41.3589
45.3066
43.4858
42.4405
46.4424
45.1846
46.9119
45.5059
43.8070
46.2781
47.1697
42.1066
47.4180
45.4601
42.2815
46.9686
45.1382
45.8885
49.0737
44.0009
47.3805
53.2724
44.0016
42.0409
45.0212
47.8261
49.7315
47.6000
47.2991
51.5711
44.9841
50.2040
47.5946
47.7518
45.3464
47.7946
48.6313
47.2822
51.5213
49.4592
47.7962
48.2130
43.7049
46.3600
52.2128
45.2486
44.5145
54.2554
47.5548
57.4391
51.2517
60.6529
46.5867
53.9057
53.4985
51.4910
53.6670
54.6613
49.3052
51.5359
52.1108
55.7646
55.7381
54.6096
54.6411
55.6687
51.1755
59.4425
49.9946
54.9458
52.0806
65.2100
52.2672
52.1076
51.5973
61.2154
54.8683
59.5941
53.6786
62.7368
63.7270
61.5305
62.2115
57.8804
58.3373
51.6960
60.3950
57.7368
54.2741
58.0034
56.9010
52.9543
54.2670
61.2787
65.6999
60.2320
63.3584
66.6110
64.9932
65.2765
58.8980
66.2193
