17.8328
17.4351
15.2374
15.0670
17.9080
17.6795
18.5678
19.1188
17.3216
18.2190
18.0662
17.9574
17.5117
18.8377
19.7248
16.2158
16.0398
17.4107
19.2352
17.5385
18.1187
16.4402
17.5246
16.9468
18.0568
18.0909
18.1813
19.6816
17.7260
18.6955
16.7978
17.5522
17.8211
19.2332
17.4001
14.7012
18.6957
17.8591
20.3540
19.0764
18.6646
16.3699
16.6571
17.6494
18.7017
18.4234
19.1843
17.5382
18.2978
17.7303
17.0536
16.9412
16.2855
17.2340
17.3406
17.0738
20.9334
18.3780
19.6965
18.4637
17.1833
17.9960
17.4946
17.4297
18.0159
18.7780
19.7611
17.9643
18.6465
18.4390
15.6269
18.7319
17.3270
17.4376
16.1628
20.0321
18.9198
15.9925
18.3779
18.8609
18.6322
18.7126
18.2365
18.7776
17.2977
16.3741
16.4551
17.3277
16.0147
18.7232
17.2811
16.9946
17.9747
18.3411
15.9422
16.7943
18.9200
17.5408
16.5814
18.9630
18.0145
17.7935
18.1553
17.4447
16.7468
18.6799
18.6627
15.3496
18.0138
17.1146
16.5378
17.2407
19.5631
16.9559
19.4098
17.0602
16.7871
16.7324
19.5307
18.4954
17.6310
17.8048
17.7245
16.4565
16.9897
18.2831
19.4526
19.8054
17.9820
17.8321
19.2005
18.0174
18.1270
17.2890
18.1595
17.2529
16.8639
17.7734
15.0732
17.6593
16.8454
17.1232
17.3908
18.5369
18.1244
18.2286
17.4950
18.1972
18.0146
15.2794
16.8746
18.1084
17.1436
19.1879
16.8944
16.9701
17.3854
18.3534
15.6997
17.9975
19.3735
17.9051
17.6668
20.3417
17.2243
18.9529
18.0389
16.6490
18.7821
18.4427
17.6997
17.9723
18.3771
16.4671
18.7773
18.7220
17.7064
17.2948
17.6347
15.8828
18.8767
18.1543
18.0390
19.3043
16.9064
17.1889
16.3472
19.1150
17.3901
17.2494
18.6994
17.2045
19.5241
18.1390
19.0300
16.5368
17.1746
24.9326
17.3876
18.3414
