3.9323
6.0949
10.6183
14.2205
16.0098
18.3359
19.1955
19.8941
24.2264
21.1127
23.1387
24.0451
25.0803
24.3780
26.2233
23.9809
23.5357
26.9879
24.6091
26.4500
27.4204
27.3665
25.5729
28.2565
26.6155
30.8633
27.1721
30.5211
28.1674
28.8100
29.7661
27.3666
29.8367
31.7886
32.7178
33.0673
31.0784
35.8916
30.8406
31.3421
35.7572
36.8892
39.4940
32.9467
36.4890
38.3971
32.3913
37.0811
37.3454
35.6892
41.0917
38.8917
35.1029
34.2963
38.4991
39.9911
35.5701
41.4649
43.3028
35.6374
38.4793
37.8217
40.9548
38.6950
40.9728
45.5466
39.5528
38.8382
41.1417
39.8340
46.0497
42.2216
45.3196
39.8180
45.3051
38.5138
53.2062
45.4908
44.8732
40.6308
44.0861
45.2642
45.4427
47.0245
41.0891
41.1242
46.8009
46.8279
41.8728
48.0167
43.7475
43.9272
40.3021
46.7007
40.2398
44.7575
39.5925
54.3687
46.0838
46.4830
45.6446
41.9894
52.1306
43.8833
45.7456
41.6063
43.2076
44.6019
43.2335
47.1524
42.8422
41.4973
49.4025
41.6283
42.8248
43.5951
43.2643
44.7968
42.0493
42.7945
50.5153
49.0340
44.6788
50.3932
39.9998
43.5130
44.9460
46.2756
43.1251
42.4945
45.7379
49.8363
44.3818
45.4402
40.9749
46.6114
48.3771
45.8822
40.1062
53.2560
52.5700
44.9625
40.2270
46.0153
48.2246
40.1810
49.8478
41.4164
47.6126
52.3157
46.6444
47.1953
45.1518
44.6252
38.7995
49.7215
47.0302
42.9462
41.6581
45.1488
40.3190
41.2089
58.5622
46.4609
47.2657
52.6134
44.6033
50.3295
50.2195
45.1870
57.6360
52.0806
46.1751
49.2433
55.2067
45.9805
61.9579
70.0188
54.6391
45.2918
54.1451
55.8581
41.0723
37.3035
34.4325
37.2750
46.4144
43.1170
60.0666
38.7728
47.0547
41.5766
44.0247
48.5689
46.3910
65.1702
44.8543
44.7068
45.5209
37.6805
