3.6888
3.6564
3.7018
5.4979
6.0754
5.2933
6.1158
7.2170
9.5529
8.2535
8.8161
10.7700
8.1576
11.1586
10.0670
9.0819
9.9626
8.9498
10.9465
8.9362
9.7227
12.0053
9.8428
9.8132
11.2547
9.1159
9.5934
12.6232
10.2266
11.9465
9.4112
11.6806
10.6597
9.5568
9.1515
11.6383
11.1070
11.9199
10.1083
10.6443
9.8188
11.1539
11.7126
11.9362
15.5873
11.8090
12.8193
12.3278
11.2328
11.9246
12.3326
11.1415
12.0739
11.3467
9.8304
14.0493
13.2790
11.0794
14.1130
10.9369
12.1885
11.9616
13.4606
11.3678
10.5254
12.1546
10.0391
16.0760
12.1512
11.5893
12.9214
14.0132
16.7021
10.5604
11.7721
15.4937
8.9403
11.4122
12.8951
13.4544
12.4598
15.2754
11.1791
11.2302
11.5470
10.5481
13.0130
11.6433
16.5037
11.0807
9.7883
11.5349
10.3364
11.5493
16.4142
12.6396
15.8213
11.4262
11.2915
14.2403
11.0309
11.3615
11.7615
14.5453
13.2284
10.6451
13.2168
13.7082
15.9164
12.4954
12.2343
9.1166
10.3593
15.3134
10.2203
12.3598
14.5628
14.3092
13.1768
12.2826
8.1032
14.1702
15.7070
14.0656
10.9226
14.1325
12.2055
12.2521
10.0575
14.8758
11.4620
13.5067
15.5372
11.3044
12.0470
10.1070
12.1560
10.8277
9.1117
11.0631
12.3651
12.7773
10.6224
10.7676
11.4562
9.3524
18.6604
12.4278
11.6008
13.7871
9.7494
14.2503
12.4601
14.4939
12.3575
11.5007
11.2594
8.9888
12.5631
14.1135
13.3289
11.0173
13.5353
11.6078
15.5989
13.0162
11.2627
15.1196
9.7236
13.4571
13.2774
11.1147
11.7431
10.4176
11.9474
8.0342
9.4523
14.8428
9.6150
13.7287
14.0202
15.7303
10.9770
12.9215
13.4204
10.1586
13.2720
10.6905
12.5026
9.9595
12.0653
11.1451
12.0098
12.0378
11.6719
11.7762
15.6180
11.5930
18.5685
10.3796
