16.3197
7.4517
6.8027
5.1675
6.0879
5.2068
4.9252
4.8403
4.7183
6.3221
4.8858
4.6635
5.5706
5.6885
3.7464
6.0595
4.4073
4.9692
4.2752
5.4110
4.6926
5.6773
3.9729
4.5410
5.3557
6.1439
5.9022
4.8826
5.9407
5.6280
5.0505
5.6477
4.6524
4.1690
4.0518
3.7990
4.9211
4.8316
3.4277
4.0011
4.3909
4.2103
5.9663
3.1285
4.7709
4.2150
4.9010
4.1411
4.3145
5.4489
4.5699
6.6348
5.2257
3.6044
4.3713
4.2425
6.7814
5.7691
6.1330
3.5498
6.7689
3.6002
5.3436
4.8630
3.4653
4.5968
2.9589
5.0597
5.0484
5.1442
4.0851
6.8883
5.7037
5.5027
4.4687
2.9321
5.1406
4.3318
4.9724
5.6997
4.1541
4.0751
5.5011
7.3881
5.0354
6.1267
5.0967
4.6009
5.8566
3.6295
4.7322
2.8340
5.3061
4.9599
6.0073
4.9917
4.3145
5.0156
4.2273
5.1399
5.5145
4.0790
3.9420
4.3819
4.9854
3.7346
4.0569
4.0638
4.7748
4.2477
4.8187
4.5224
4.5410
3.6499
3.8973
6.5320
4.0627
5.9472
5.6595
3.8501
5.3176
5.3757
3.4725
3.7869
4.8664
4.1827
3.8274
4.8125
3.9428
6.0924
4.0824
5.4402
3.2679
5.1723
4.1209
4.5117
4.9130
4.5088
4.6032
4.6339
3.8970
4.3463
4.2484
4.2490
5.6421
5.1805
3.3716
4.5105
5.3901
2.4736
4.1958
4.2854
5.0535
4.7232
5.5945
4.4091
4.4397
4.1177
4.5583
7.1534
3.9054
4.4559
4.8895
4.3788
3.3768
6.6936
3.4986
4.7410
4.6244
4.7437
5.0270
4.1827
4.2725
5.0984
5.2745
5.7109
3.3267
5.2959
3.5447
4.0603
4.2389
3.8566
3.3591
4.4445
3.4596
4.8000
4.6086
3.4490
2.7313
4.4202
3.6537
4.8925
4.4174
3.8276
3.6472
4.3133
3.9123
5.6635
5.4905
5.0279
