4.0896
7.0752
11.9151
13.6043
15.3926
17.9378
18.6633
20.1405
21.0907
20.8974
19.6051
21.4081
18.9059
20.4578
23.2130
23.3646
23.9347
25.4845
23.4568
23.9245
22.0770
24.5733
24.2589
25.4794
24.3704
27.5903
26.2149
24.6240
24.0078
28.3631
27.2120
29.4523
26.4094
26.2955
25.8670
27.3033
29.0760
24.6422
24.5434
31.8023
29.2276
26.0738
25.4423
30.7087
15.9798
24.5262
24.4357
25.9416
29.9225
26.9654
28.9193
29.6781
31.1820
25.5239
26.9476
31.9663
28.9440
33.1819
30.2573
31.5680
29.0860
28.1136
26.9516
31.4372
31.1787
30.9311
28.6127
30.0754
32.6069
30.3881
29.5536
24.5504
33.7056
35.3559
31.9919
29.7253
30.5779
28.7051
28.4752
31.6812
28.8922
32.0002
37.0284
37.0191
30.7208
32.9699
38.2776
39.7495
34.4813
36.1121
37.5314
33.0036
33.0603
36.5027
34.9908
35.8284
36.3015
32.2319
35.5275
36.9403
35.0602
36.7814
42.4544
42.6673
39.0469
35.9769
42.2715
35.4864
41.2976
41.9996
41.4858
39.6731
35.8711
44.1760
38.8187
34.8895
40.5640
45.3359
40.8542
41.8891
45.9628
54.4326
43.2573
40.9631
50.4101
43.6958
42.4075
50.3273
50.1385
42.4060
51.5720
47.3569
51.1002
54.9666
55.3951
47.9561
48.4824
48.8740
56.4885
47.6263
57.0375
59.7717
56.1929
57.4986
53.2627
56.3362
59.7999
52.2075
57.9305
60.7654
55.3089
62.5204
63.4710
57.3063
58.7839
66.8689
58.2381
67.9605
62.2411
69.5903
58.2220
63.9766
65.4422
65.0867
68.6878
66.9532
68.9105
64.3298
69.8884
74.4710
17.9582
37.2669
36.7197
48.2705
45.8569
58.6600
56.4646
52.6138
60.8724
59.1193
58.5987
68.6394
52.3047
64.8080
59.8022
70.2250
74.9217
72.4771
66.3446
71.5062
70.7579
69.5018
70.6609
77.7258
76.1718
78.3386
70.6196
66.1319
80.7262
66.8112
