5.0815
7.4473
9.1533
12.2794
13.7510
11.0993
13.1117
14.1051
12.7666
13.4139
13.2935
13.2443
14.2728
15.8820
14.4497
15.5950
15.6445
15.5764
14.7985
15.4951
15.6255
19.4025
15.1238
13.5294
20.2906
15.4864
16.1172
15.8343
18.0199
16.2294
15.8042
13.8365
20.1240
15.3198
15.6125
16.3494
15.3095
17.0616
17.7686
16.0949
18.9694
14.4137
17.2198
16.6544
14.8254
19.3522
16.2580
18.5336
17.0421
17.1639
16.9448
17.9686
19.4727
19.3455
17.5096
17.3909
16.7312
19.9284
18.3189
15.8031
16.6007
18.0677
17.8551
20.4246
19.5976
20.9546
20.3785
19.3811
19.3659
18.1245
20.8178
25.0191
22.5762
20.7940
19.3493
25.2218
17.1567
21.0092
19.9306
19.7485
20.8965
19.1304
24.6502
25.3523
19.6872
20.9283
20.3654
23.8185
21.7728
21.4689
19.1727
19.6785
23.0406
22.0615
21.2010
22.7673
24.6249
19.6884
26.7293
28.9378
25.2646
21.6393
22.9120
22.3939
26.8297
33.3108
21.5810
22.4151
23.1809
22.5354
22.2201
21.4232
30.6202
21.9603
22.8361
25.2346
25.8954
21.1388
25.2849
24.1462
19.1300
21.6974
20.6012
23.7737
20.8796
23.2474
26.8123
21.4041
26.0300
25.4367
25.9319
28.0900
22.7854
20.0328
22.9287
28.6575
26.5637
22.3846
25.2952
28.0169
26.8085
25.0497
23.8338
27.2968
25.2551
29.8223
25.0590
22.1607
24.1647
24.0804
28.8104
24.7406
21.7134
25.3464
24.8219
31.0724
25.9499
21.1694
24.4365
29.5755
21.7709
28.2722
23.9310
29.1177
30.0983
25.4889
21.7354
23.0977
26.9805
26.9817
24.3272
36.7514
27.7743
28.0756
25.6937
27.1225
26.6846
29.3876
32.2357
21.4664
25.0145
21.8833
25.3649
28.5086
24.3283
24.3708
26.4438
23.2573
25.8365
25.7555
23.3758
30.5043
25.4209
22.9483
29.7991
50.8256
25.6038
22.6300
26.8949
26.3487
