17.3249
8.4830
6.7869
6.5514
6.2243
5.7118
6.2754
5.1309
5.5613
5.2354
6.0652
4.9909
4.7539
4.9032
4.4524
4.6389
4.8011
4.9458
5.7436
4.9510
3.7817
5.7473
5.4521
4.6831
4.6394
5.0021
4.9268
4.1184
4.5511
6.5718
3.7829
4.8079
5.1568
4.2192
4.0364
4.0808
4.0788
4.2296
4.5504
3.9867
4.4184
3.9413
5.0416
4.7336
4.6900
5.2981
4.0330
3.8848
3.9682
6.1571
4.3119
4.4841
4.7995
4.1814
4.2857
4.5824
5.5730
5.3036
3.9787
4.8260
5.5280
3.4480
3.7014
3.9328
4.3867
3.9066
3.8457
4.5563
3.9693
5.4067
5.3209
4.4690
4.5838
3.5368
4.6967
3.7807
3.3639
5.1062
4.1061
3.1653
3.6365
3.7362
3.8231
4.1888
4.0746
4.4688
4.1289
4.0095
4.3094
4.4698
3.6771
3.9224
4.2834
3.6558
3.9113
5.0251
3.7601
4.6336
3.8671
4.1163
3.6987
4.3524
4.2967
3.7569
4.4538
4.2737
3.0953
3.9085
4.5413
4.5795
5.6479
4.2701
3.7498
4.6775
3.7876
3.7317
4.8220
4.2629
3.8048
4.3181
4.8144
4.0039
3.2220
3.4951
3.7479
4.0777
5.8055
4.0999
4.6711
5.4703
3.5254
3.9241
3.4037
3.4180
4.8749
3.7321
3.2910
3.0672
4.4685
3.7550
3.8516
4.1945
5.1332
4.4898
3.8723
4.2007
4.2290
3.3586
3.5406
5.7877
3.0941
3.3739
4.7648
3.6855
3.9018
3.7805
3.4950
4.6501
4.5523
4.2997
3.8747
5.9164
4.1245
3.1511
3.2596
4.0810
5.0956
3.7865
4.7574
3.5164
4.3362
3.9479
3.9548
3.7235
4.7632
3.8371
4.4854
3.5587
4.1154
4.5832
4.4732
4.3891
3.7164
3.8042
3.2826
3.7981
5.0421
3.3039
3.3917
4.4977
4.3411
4.6793
3.1945
3.7840
3.5039
3.3265
3.5923
4.0043
3.9403
5.1810
