3.1105
5.1113
7.2394
6.5103
5.1514
4.8642
6.0747
5.2258
5.7252
5.6896
4.3149
5.3240
7.4365
3.7917
2.7704
5.9349
3.4842
5.0377
3.6759
5.4088
4.6301
3.6996
2.5854
4.2974
2.0832
5.9810
5.4884
4.4366
3.6168
5.0765
4.5110
3.5636
2.9999
4.3465
3.0754
2.3840
3.9176
4.2024
4.4373
3.7092
3.7743
3.6494
1.6540
3.6829
3.0398
4.3871
3.6685
3.6087
3.7980
2.5925
3.5238
2.8818
4.5555
4.5827
3.5801
3.6187
2.6118
2.9526
2.3126
2.7363
4.5027
3.6279
3.4397
1.9537
2.1435
3.1001
5.0894
3.3425
2.7017
3.6016
2.9199
3.9253
6.5311
3.1661
2.1787
4.7113
1.8201
6.0754
3.8970
2.1150
6.0581
2.6278
5.3046
5.0882
3.5419
3.2034
4.2939
4.5755
4.5308
8.2768
1.7871
3.3845
2.7115
6.0326
2.7970
4.3056
3.6794
4.1363
4.9246
3.3643
2.1141
3.2585
3.8205
1.7818
1.5605
4.1907
4.0910
3.5439
3.0941
4.5575
2.3855
2.9180
3.5233
3.5838
4.6921
3.2614
4.0952
2.2147
4.7616
4.1738
2.9998
3.3739
4.1630
4.6815
4.6430
3.2851
2.6780
1.7934
3.3848
2.4073
2.9621
3.1546
3.5517
4.3061
3.9417
3.3176
2.0278
5.4326
3.5593
2.5163
3.6673
5.1148
2.6369
4.0250
3.7154
3.1718
2.6769
4.8878
3.5100
2.7279
3.1736
3.9159
3.1659
5.0566
1.9107
2.3137
3.4800
1.9426
3.1075
1.9463
3.5909
3.3972
1.8892
3.4916
1.8174
2.4530
3.2956
4.0956
3.1079
2.8008
3.0594
2.2529
2.8105
2.0831
2.9115
4.1765
3.3251
4.1193
3.0730
2.6310
2.2135
2.8600
2.7951
3.1304
2.9476
2.3834
3.4404
2.4160
2.7015
3.9164
2.7265
3.6151
5.2713
3.3465
2.7404
5.4026
2.6318
3.6083
3.4704
2.3888
