2.2919
2.2801
2.5468
4.2020
4.0475
8.5703
5.0679
4.9238
6.4249
4.7524
3.6163
4.5242
4.7658
3.8936
3.8413
4.3392
3.1901
4.5149
3.7533
3.3830
4.2807
3.6513
3.5741
3.8995
3.9513
3.4873
3.6499
3.9096
3.4926
4.1678
2.9767
3.1731
3.4326
3.1060
3.6910
3.6051
3.2441
3.5779
3.2103
3.3144
2.9535
3.2644
2.9086
3.2341
3.5262
3.0448
3.5250
3.8744
3.5547
3.1039
2.9621
2.6842
3.3585
3.7467
3.2666
3.0347
2.7596
2.9213
2.7567
3.4818
3.1960
3.4249
2.2379
3.0665
2.5162
3.0700
2.7098
2.9873
2.3288
2.6903
3.0791
3.4778
3.0262
2.6172
2.9803
2.8335
3.1564
3.0449
2.7227
2.8107
2.5889
2.2861
3.2274
3.0260
2.6379
4.0376
2.3743
2.1846
2.9520
3.1110
3.3066
2.8219
3.3995
2.7800
2.4907
2.8147
2.5634
2.7823
2.6164
2.8168
2.8900
2.5969
2.5438
2.6719
2.9417
2.9213
2.4884
2.3176
2.3253
2.3219
2.3289
2.9592
2.0462
1.8432
3.3170
3.2221
2.6938
2.8451
3.4099
2.8548
1.9740
2.6870
2.1012
2.1617
2.2340
2.6522
2.6095
2.4314
2.3282
2.4972
2.5134
3.1156
2.3261
2.5579
2.2890
2.9976
3.4821
2.3394
2.1767
3.7136
2.4693
2.3870
2.2574
3.1723
3.0168
2.3458
2.2933
2.4687
2.7755
2.4112
2.5545
1.9993
2.5706
2.8444
2.6889
2.4966
2.7033
1.8841
1.9352
2.6369
2.2959
2.5243
1.9736
2.3104
2.1787
2.0944
2.8579
1.9576
2.7412
2.5472
2.4373
2.8641
2.0556
2.5279
2.7798
2.1735
1.7611
2.7716
2.6242
2.5575
2.3481
2.3302
2.8228
2.4813
1.9491
2.0065
2.7133
2.6257
2.0449
2.0836
3.0947
2.1265
2.3463
2.6107
2.4517
2.5414
2.5219
2.5264
2.3911
2.1081
