17.9864
9.7279
8.6356
7.1761
7.3211
5.4873
6.2000
6.1527
6.1258
5.7632
5.9130
5.7387
5.6177
5.0524
5.1987
6.2555
4.6034
5.3353
5.5727
5.2328
4.3970
4.7841
5.0879
5.4098
5.3133
5.8844
4.1676
5.4523
5.3352
5.1192
4.5806
5.0552
4.8243
5.0827
4.5911
5.2052
5.2503
4.5415
4.8132
4.1062
6.1670
5.0323
4.9153
4.7575
4.2068
5.6204
4.9741
6.0788
4.8109
5.6294
4.3375
4.5017
4.0829
5.3846
4.5523
5.2983
4.6981
4.8190
4.4360
4.9813
5.1342
5.0929
4.7563
5.0188
4.7735
4.8523
4.6405
4.9773
5.6459
7.1446
5.3968
4.9753
4.3854
4.9998
6.5105
4.3479
4.9470
4.0131
4.5292
5.1485
4.0825
5.3468
4.8343
3.5473
4.8525
4.4915
5.0749
4.3652
5.2844
4.3741
4.5573
4.6307
4.2762
4.3388
5.4682
5.1675
4.1280
4.5960
5.2786
4.9435
4.9164
5.6993
4.6490
5.0778
5.3715
4.3783
4.5401
4.0269
4.1350
3.9732
5.0852
6.3369
3.5992
4.9818
4.6330
5.7383
4.7848
4.9811
4.3648
4.9245
4.5147
6.0019
4.0382
4.8649
5.9470
4.4521
4.5529
4.4826
4.4445
4.8290
5.4673
4.0392
5.1906
5.3113
4.3799
4.2081
4.9586
4.5939
4.3225
3.8386
3.5882
3.7267
5.5487
5.3561
4.3760
4.6353
4.3762
4.9178
4.1309
4.6205
3.7563
5.5328
4.5899
4.7971
5.7051
4.5156
5.0289
4.9387
4.8964
5.7519
5.2300
4.9857
5.2625
4.2589
5.0211
5.3464
5.7112
4.8661
4.4016
4.5231
3.8976
4.8186
4.6930
4.0847
4.6870
4.3080
5.0960
5.8306
4.2842
4.5545
4.3621
6.1581
5.7244
4.1594
4.5080
4.5562
5.2599
4.8661
4.2255
4.3688
5.1284
4.5320
4.8512
3.8359
4.6394
5.0978
4.6404
5.3619
4.2131
4.7822
