3.1231
3.4476
5.8702
7.6095
8.2499
9.1950
10.0842
12.0585
11.4199
12.0415
13.0821
12.2450
13.0728
11.1381
13.0046
13.7317
14.7256
13.2365
13.9668
12.4234
13.8654
13.4076
13.6620
12.1037
13.3200
12.4344
14.6597
13.6353
13.7718
12.1357
13.0787
12.5659
12.4724
11.8837
13.5418
12.9457
13.2481
13.8461
13.2533
11.8381
13.8282
12.5652
13.2491
13.4818
12.4504
14.2672
12.7687
12.7869
15.1738
13.3181
14.1246
11.3840
11.7273
12.4602
11.3865
12.7802
13.9813
12.1697
12.8065
13.7473
11.7164
11.9216
13.1593
14.0364
13.5514
12.5576
12.9992
12.2850
12.3731
12.2328
12.4853
11.3279
11.4018
11.6376
13.7647
13.4262
12.7109
13.8950
13.4629
12.5213
11.4487
14.0775
12.8613
12.5837
13.0495
13.2974
12.5391
11.3701
13.1866
14.2432
13.3143
10.9639
12.3545
11.7156
12.1836
13.3372
13.6722
14.1066
11.6009
11.9594
12.0764
12.6514
12.3907
11.5838
12.8874
11.5147
10.2944
12.1143
11.2717
11.5153
12.7678
13.0366
12.6591
12.6430
13.6720
12.3137
12.5808
12.5671
13.5304
12.3493
13.2562
13.6063
12.8679
12.2049
12.1374
12.1488
11.7070
11.2284
12.0846
13.7927
11.0950
12.3639
13.3639
12.5122
11.4872
12.3310
13.4310
12.3224
11.6765
11.4844
13.7200
13.0566
14.9134
11.8504
11.9436
13.0495
12.5036
12.4188
11.6648
13.2236
11.3270
13.8739
12.8882
14.7708
11.6693
12.1951
12.4159
12.0592
12.5873
12.4814
11.9664
12.7779
11.7380
12.1935
13.7916
12.6167
12.7058
11.7073
11.0846
12.6377
11.4111
13.0192
13.1171
10.5148
13.7979
12.7541
13.7348
11.7422
14.5479
13.3894
11.4515
11.5128
12.9423
12.5411
11.0251
12.9615
12.4923
11.7456
12.0359
12.5191
11.8116
13.2086
14.4278
11.0737
12.9158
13.1154
12.4050
11.3987
12.8998
11.2848
