2.4355
3.7495
9.3170
13.0251
15.6350
15.8524
18.3262
18.3266
17.5306
19.0267
17.6885
17.6620
18.1856
18.4382
17.3297
19.2757
18.5397
20.9805
18.4692
17.9872
19.3685
18.8636
18.2907
18.4073
17.8909
19.2422
17.9360
17.5945
18.0522
18.0053
19.4968
18.8441
16.9869
17.8332
19.6150
16.8423
18.0431
18.0875
16.9759
17.6997
18.3887
19.1110
17.3557
17.2571
16.9305
17.7078
17.2399
16.5202
17.2238
18.4061
15.4252
17.9233
18.4710
18.6597
16.6877
16.9133
17.8025
16.4699
17.8521
16.7562
18.3702
19.2762
18.0861
16.3304
18.3155
15.0943
18.7533
17.0407
15.0479
15.9872
18.1770
13.8675
16.3689
16.8264
17.1361
16.4461
16.7840
16.8816
16.8316
18.9685
14.8999
16.8675
16.4331
17.5234
17.7878
15.7381
17.0881
17.9699
17.0688
17.2541
15.6742
18.8588
16.5114
17.4931
16.7486
15.9534
17.5963
16.7389
15.4198
17.9401
15.4687
18.6324
17.2784
16.3042
17.4892
17.6886
17.0712
16.8194
14.9463
17.3858
15.5134
15.5246
16.7580
14.4111
15.0346
17.6073
18.2779
15.5477
14.7457
18.2168
17.7742
16.8802
16.3341
15.6930
16.1080
16.2277
18.3623
15.8644
16.3482
18.3364
15.4261
16.4246
17.7989
16.5963
17.1377
16.6694
20.4357
16.6512
14.3628
13.4588
17.0319
15.6125
13.2388
17.7012
16.9302
16.9815
15.4394
14.9754
15.7731
15.4398
17.6409
15.3840
17.0297
15.1657
19.3592
16.6163
16.3105
15.9281
17.8788
15.9945
18.1912
17.3666
16.1706
16.3403
16.1595
16.2903
14.6004
15.6536
16.6725
14.2805
18.5829
15.3665
15.4147
17.8807
17.3432
16.1709
16.7453
14.1618
16.3917
16.9363
14.6494
17.4362
14.4280
17.6722
13.4858
16.2844
13.7445
16.3882
16.5128
16.3790
15.4545
17.1994
14.3663
14.4925
14.8448
16.7432
17.1227
16.6889
15.6253
17.8362
