22.3749
4.2281
4.6405
3.3340
2.2914
1.9304
1.8203
2.6907
1.1841
1.7574
1.9065
3.0923
2.7956
1.4596
1.1130
2.7033
1.4573
0.9717
1.5389
1.7693
2.3791
1.8951
1.9871
2.8877
1.8993
1.5731
1.8837
1.5292
1.1497
2.2619
1.0815
3.2088
1.5086
2.0612
1.4406
2.1711
0.9812
2.3712
2.3982
0.8822
2.4388
2.4318
2.1761
2.1585
0.9041
1.2333
1.2832
1.3269
1.1376
1.8798
1.9786
0.7500
1.5385
1.4599
2.2096
2.7814
1.8027
0.8462
2.0079
0.8289
2.5528
1.3028
2.5046
2.3010
2.8918
1.6878
2.3573
3.0182
1.7973
1.3741
1.5380
2.6147
0.9995
2.4405
1.3899
3.1055
2.8318
2.2922
1.7824
0.9036
0.9633
0.8263
2.0077
1.2093
1.3086
2.8681
1.5041
2.4060
1.0220
1.5969
2.1994
2.4888
1.8093
2.3600
0.8507
1.8947
1.4294
2.8409
3.4416
2.5372
1.2369
1.0170
2.3745
1.6938
3.2240
0.9125
1.3899
2.0238
2.2013
1.7327
2.3973
0.7121
1.6788
0.6031
1.4085
2.9237
2.0071
2.1511
2.7352
2.4541
1.3767
0.7165
0.8303
1.4409
2.1523
1.2810
2.3956
1.1405
1.4409
2.4001
2.1878
0.5122
1.6876
0.9117
1.4624
1.6226
1.8825
1.2999
1.0312
1.4735
1.1584
2.1040
2.7846
1.0447
2.8204
1.6133
2.8666
1.0095
1.3379
1.3933
0.8036
2.0785
0.6320
3.1170
2.2799
1.1009
0.6668
2.5032
2.0081
1.8072
1.8058
2.7601
2.4879
1.3047
2.2724
1.7311
1.8590
1.3678
1.2617
1.1963
2.0946
0.6877
1.8174
2.1362
1.7682
0.5416
0.7766
0.7479
0.5076
2.3660
1.1959
1.0198
0.9153
1.5820
0.7245
1.8421
1.9292
1.5429
0.5599
0.9414
1.4528
0.9410
2.4394
0.8151
0.6323
0.9689
0.7348
2.2026
0.8588
1.1675
