2.9743
4.3307
7.2084
9.5971
9.3495
9.2581
9.4705
9.4529
10.1064
9.0188
8.7686
8.7872
8.1400
8.2933
7.9410
7.5007
7.7408
5.7250
9.0497
6.3763
6.0546
6.7540
4.7753
7.3433
8.6634
7.1223
5.1839
8.6211
7.5327
6.7027
6.9725
5.0496
6.9942
5.7742
6.8809
5.0810
7.6368
5.8834
6.0122
4.6003
5.2569
7.4844
5.3272
6.3829
6.0662
7.6918
7.7644
5.5639
5.9484
6.4896
5.8762
4.4724
7.0801
6.2392
9.2483
5.2903
6.9728
6.7939
3.6786
5.4146
5.7537
6.5879
7.4383
5.5411
5.8817
5.5357
6.6622
6.0878
6.2061
4.9498
5.3503
4.1862
4.5005
6.1611
2.9651
7.9958
5.7404
5.3808
6.3912
4.0811
4.9687
5.5181
4.1839
4.9296
4.1227
6.7174
6.1949
4.7045
6.5807
4.7884
6.9747
7.0745
4.9149
5.8718
5.9081
5.4613
4.2965
4.9356
6.8134
2.6892
5.4138
3.6781
6.4009
6.8374
4.4703
4.0501
4.1699
3.7798
4.7606
5.2038
5.7359
4.0971
5.3440
7.9346
5.2630
6.1233
3.8039
5.2708
6.3848
5.2156
5.7549
5.5405
5.9958
4.3526
6.2697
4.2803
4.9416
3.9160
5.1682
6.3919
5.9167
6.2598
3.6586
5.5769
6.2997
6.3321
6.4940
4.9997
4.4019
3.9909
4.7566
5.9452
4.4048
5.0798
6.2390
5.8049
6.3760
4.8089
4.6789
4.7973
4.9334
4.4424
7.0066
4.5131
4.3378
6.2081
4.2763
5.3080
6.1801
5.5395
4.1197
5.9817
5.5965
6.1976
3.3433
6.2767
5.9149
7.5315
6.7684
4.5680
4.7119
4.8491
5.2864
5.2669
3.3528
5.3744
5.4560
4.5959
4.2877
5.6235
5.0050
4.0679
7.0639
3.8409
5.5237
5.7661
5.3681
3.9405
4.5560
4.5104
4.7443
5.5910
4.1833
4.6999
4.3007
3.9269
5.0928
3.7399
5.7585
5.2088
