15.1235
13.6914
15.6808
16.0467
15.7325
18.7194
15.7480
17.6153
16.8199
19.1533
17.1111
18.4626
16.9211
16.3327
16.5527
16.8101
19.0472
18.3815
14.9107
15.5700
18.9509
16.1872
18.0541
17.7855
15.8957
19.3668
18.4171
17.2306
19.3504
20.3766
18.7688
18.0381
15.0440
15.2939
18.4998
17.0509
20.5618
15.9529
19.3514
19.6974
16.6836
19.5609
16.8082
17.2651
18.6251
18.0301
17.9278
17.7132
19.4873
19.2725
14.7222
17.1060
18.0566
16.6608
17.5481
20.6087
18.0766
16.0691
19.5204
18.2470
16.6120
18.5453
18.7209
20.5236
18.4979
18.7854
16.6097
17.9655
16.3365
18.6271
17.3162
17.6367
17.6410
18.9537
19.1828
16.8211
17.4184
16.6148
19.7081
19.2658
17.1699
16.6063
20.4618
16.2984
20.1687
19.3299
17.3962
21.3342
19.0373
19.6255
17.4318
17.9247
19.0092
16.6667
16.8107
18.9070
17.4256
16.1321
18.6075
19.6465
21.4621
21.5095
15.8725
19.2815
18.5423
21.0895
18.3579
18.0231
20.5315
18.8039
19.1333
17.9317
16.7641
19.7507
18.0731
16.9060
18.9883
15.9288
19.7732
18.8448
21.3397
18.8125
18.0463
18.4400
19.2262
16.3008
18.4135
18.8949
18.5508
21.2313
18.5544
19.0745
15.8702
18.3007
20.0286
16.3324
19.3640
19.8489
18.9419
16.2036
15.7127
16.1454
18.7187
17.6562
19.8939
18.5497
18.4499
17.5603
18.8692
19.2375
16.3779
16.4101
18.8242
16.8587
17.0515
16.9057
16.5494
18.3765
16.5422
17.5099
15.4529
16.8815
18.4656
19.3176
18.9928
18.1676
21.5079
17.8411
18.9034
17.3600
18.4013
18.3944
17.9529
19.9468
21.0140
20.1499
17.5254
15.9286
16.0240
16.6230
22.5137
16.8428
18.0514
18.7577
19.7028
20.5083
18.9563
17.5195
20.4503
18.5008
20.3300
16.8684
14.3173
16.4094
16.8410
19.0352
18.8798
16.4624
18.6678
20.3260
