1.3126
10.0960
8.2641
8.3218
6.5861
5.3198
4.6703
4.0422
3.7014
3.5787
3.5960
3.8085
3.6135
3.4889
3.2660
3.1696
3.4319
3.5237
3.2816
3.1873
3.1114
3.0129
3.2361
2.9766
3.1558
3.0397
2.9281
2.6937
2.8839
3.0687
3.0679
2.8742
3.0750
2.8062
2.8692
2.9850
2.8371
2.8276
2.8192
2.6623
2.8146
2.8510
2.6138
3.0477
2.6976
2.6367
2.7207
2.7146
2.7306
2.5712
2.7508
2.6767
2.6090
2.6441
2.6208
2.7284
2.7568
2.4809
2.6381
2.7521
2.6517
2.6421
2.7545
2.6691
2.6153
2.8891
2.8974
2.6558
2.4435
2.6631
2.4561
2.5508
2.6480
2.4285
2.6457
2.4514
2.5869
2.4956
2.6916
2.5902
2.5297
2.9900
2.7174
2.4376
2.4126
2.7870
2.5494
2.6557
2.5111
2.8293
2.5552
2.8375
2.4744
2.6308
2.4306
2.4283
2.4127
2.7470
2.5651
2.3964
2.3698
2.6091
2.6333
2.5621
2.2654
2.5291
2.5507
2.5323
2.6947
2.5258
2.6458
2.4720
2.4417
2.4761
2.5794
2.4464
2.8366
2.6315
2.4793
2.6213
2.4917
2.3152
2.3586
2.3875
2.4172
2.5691
2.3650
2.7075
2.5715
2.3487
2.4687
2.5509
2.3522
2.5427
2.3359
2.4314
2.4958
2.3776
2.4770
2.3967
2.6484
2.4330
2.4902
2.4943
2.4439
2.5235
2.5028
2.5185
2.4729
2.5159
2.4789
2.4891
2.4149
2.2387
2.3176
2.2554
2.2922
2.3500
2.4979
2.3774
2.4364
2.4501
2.3522
2.3502
2.3808
2.4520
2.5404
2.4165
2.3922
2.3157
2.3925
2.5258
2.3428
2.5217
2.4314
2.4503
2.3814
2.6169
2.3785
2.3790
2.4576
2.4837
2.2390
2.5557
2.6354
2.3339
2.4083
2.4716
2.6639
2.3120
2.5066
2.3197
2.5551
2.5322
2.4824
2.4487
2.2586
2.3453
2.2396
2.4449
