1.9079
4.9101
4.0151
4.6164
6.4084
7.2600
7.0580
8.7072
7.4920
8.8022
9.2210
9.9951
8.5250
9.5412
9.1467
9.3783
12.2872
14.0349
12.3500
13.0322
13.7438
13.1513
12.5789
12.1964
13.2881
15.3098
15.4684
12.2864
11.5856
14.2487
13.5134
13.1973
14.4278
15.4538
13.1160
14.8806
12.3801
13.5693
12.7544
15.0581
14.6523
14.1982
14.8667
15.5331
17.7573
23.7760
16.4708
17.0667
18.3033
13.9827
14.6714
16.6246
14.3099
22.8875
17.5460
15.2253
23.2693
16.8281
19.0709
16.2506
15.1824
19.2150
16.0289
22.1669
17.3426
20.2494
17.8056
20.5222
19.1973
20.2899
18.4608
18.4098
17.6360
16.0389
21.0914
20.8037
23.2209
19.7917
18.4580
16.5297
23.8340
16.9298
19.7683
22.6972
17.4774
18.3196
20.9398
18.3402
18.9804
19.0799
24.3912
16.5438
20.5578
19.1876
21.2007
22.0345
17.0078
19.5614
21.6853
20.0003
22.2450
19.4089
19.7372
15.8659
20.6898
20.4384
24.6315
22.7449
21.7290
24.0863
22.8547
26.5026
24.5280
18.0094
17.6000
17.5030
19.6184
21.7697
20.7825
20.9599
22.3414
21.8327
26.1272
28.8585
21.6677
21.4210
22.3778
21.4207
27.0788
21.5889
24.2550
28.5941
21.9294
23.0508
25.7729
26.8960
25.0053
19.3421
22.4310
28.8824
25.2000
19.9486
18.8714
25.2623
28.1591
23.1915
21.8477
22.0761
19.7925
22.0598
28.3249
23.7955
25.8716
24.1140
25.8666
25.7135
27.1961
22.4142
27.0436
25.9810
24.7863
22.5371
29.0158
26.8579
22.2453
26.0558
19.6224
25.0427
31.3364
22.1341
27.5024
22.7305
27.4054
26.9020
22.2578
26.1391
24.1995
26.8793
24.1773
27.0604
29.2278
28.7756
25.2637
24.7137
26.9764
24.6659
26.7266
25.5948
25.0979
28.3112
25.4411
29.8186
23.9316
29.5001
23.1724
21.2649
29.2071
28.3120
27.0092
29.8773
