17.4065
3.4634
3.0523
2.5883
2.7707
1.9762
2.6364
2.3568
1.5642
2.1031
2.1605
1.8187
1.9149
2.4769
1.8503
2.5142
3.1710
2.0400
2.0971
2.1281
1.2060
1.1005
1.7469
2.9164
1.2133
1.3116
1.1598
1.9668
1.8101
1.3355
1.6704
1.7435
1.5097
1.6604
1.6334
2.1455
1.8624
1.1176
1.3069
1.4712
1.5659
1.5141
0.9988
0.9808
1.0584
1.8423
2.5737
1.4479
1.4351
2.1109
1.4032
1.3443
1.3573
0.9766
2.3222
1.7174
0.9187
1.3681
0.9284
1.5631
2.5078
1.4448
0.9088
1.3174
1.1273
1.8726
1.7452
1.6542
1.0824
1.2141
0.9519
2.0148
1.0840
0.8894
1.6101
1.1803
1.5489
1.0181
0.8894
0.9301
1.8675
1.3685
2.6317
1.5025
1.5689
1.2962
1.8124
1.8669
1.9614
0.7519
2.2016
1.5123
1.1430
1.2629
1.1421
0.7723
0.5381
1.9488
1.2043
0.6904
0.9912
1.2972
1.0096
1.7118
1.4868
0.9207
1.5331
0.8619
1.3634
0.8533
1.5562
1.3965
1.4953
1.7684
1.1013
1.8365
0.8127
0.8328
1.5876
1.8037
0.8421
1.2118
1.6942
1.4588
3.1440
0.6066
0.8532
1.7544
1.1953
1.0307
1.1170
1.3092
1.8061
1.3134
1.0059
0.8657
1.5772
0.8275
0.8342
1.3759
1.3137
1.4626
0.8780
0.9952
1.1185
0.8295
1.0945
2.2510
0.8912
1.5870
1.3966
1.0544
0.8765
0.8506
0.8312
1.2976
0.6035
0.9137
0.9924
1.6587
1.9963
0.7628
1.4273
1.3863
0.8518
1.1749
1.7887
1.7056
1.1928
1.0690
1.1206
1.4976
2.3822
1.0520
1.1138
1.4006
1.2279
1.6278
1.1945
1.7592
1.1007
0.7763
1.5275
0.8233
1.3881
0.7671
0.9838
1.3597
1.3283
0.7682
1.3327
0.7676
0.9071
2.4212
1.3007
1.0922
1.3561
1.1775
0.8339
1.7065
