2.7938
4.6998
9.9966
13.4543
15.3271
16.9066
19.0410
19.9862
19.5264
18.6182
19.8997
18.7910
19.6512
18.0153
18.8228
18.7498
18.4938
20.2668
22.3836
21.4420
19.7932
19.7398
17.7821
19.9055
17.4432
19.6671
18.9493
17.6933
19.4348
21.9662
17.6228
18.9161
18.8418
19.9553
19.9658
18.5810
18.6421
18.9370
18.1809
20.5422
17.0941
18.6547
16.4564
18.0969
17.4423
16.1393
16.0186
17.1617
17.5741
17.0973
17.8944
17.3861
17.0873
18.4551
17.6079
17.1060
17.8362
18.1222
17.7855
15.4878
18.4822
17.4816
17.3624
16.5302
16.6656
17.1440
16.8321
16.7311
16.5271
17.5987
16.1227
17.2750
16.4149
15.8892
17.0950
17.4370
17.1562
16.8209
17.9206
16.0414
16.6770
18.1039
16.8526
15.7939
17.6002
18.3736
17.1131
16.0889
17.8857
15.5217
16.0248
15.8888
15.1169
15.7751
15.4382
15.2433
17.0348
14.4049
16.9502
15.3696
17.2093
17.0735
16.4104
16.7078
16.1342
16.4432
17.1651
15.5408
16.6526
17.0745
15.6781
16.7623
16.8588
16.9341
16.7525
16.7475
15.4143
16.2348
15.9639
16.6417
15.0157
15.2788
16.5661
15.8426
17.3029
16.7498
16.9838
16.7153
16.3040
17.1182
14.8566
14.8064
16.5777
15.0276
15.4420
17.5600
15.5643
17.8207
16.6629
17.0310
16.9553
16.2593
16.1194
16.5496
16.1139
15.9885
15.7581
15.9792
16.6328
15.4705
16.5596
15.6975
16.2216
15.4112
16.1840
15.1240
15.8549
16.8732
16.5815
17.4249
16.5934
14.7842
16.2849
15.8941
16.8862
18.7496
15.4388
15.8132
18.7843
15.5904
16.5588
15.0398
16.1689
17.8427
15.7322
15.8851
15.9631
16.3209
16.3173
16.6261
15.5201
16.0348
15.4647
16.4041
18.3518
16.6750
15.1492
15.8320
16.9414
17.1950
15.3933
16.7462
17.2691
16.8345
16.2625
16.8031
15.6223
16.1450
16.0277
17.5666
