2.1202
8.1099
7.0174
6.8819
6.6248
6.6856
6.4861
6.3300
6.0385
5.8158
5.9716
6.0078
5.8894
6.0628
5.6465
5.8264
5.5802
5.5408
5.8038
5.2657
5.4847
5.7789
5.1942
5.3995
5.0167
5.7715
5.7495
5.1554
5.6218
5.2686
5.2286
5.4472
5.2135
5.3977
5.0937
5.3509
5.2988
5.2938
5.3272
4.8503
5.7492
5.7087
4.8633
5.2633
5.4007
5.3013
5.3054
5.6580
5.3861
4.9772
5.5949
5.0107
5.1257
5.3451
5.5611
5.0168
5.0841
5.6407
5.6678
5.1608
4.9381
5.2653
5.1938
5.2827
4.9690
5.1611
5.4573
5.1682
5.1240
5.1447
5.2690
5.2510
5.1512
5.0199
5.2560
4.9969
5.1116
4.9621
5.1172
5.3463
5.1359
5.2018
4.9792
4.9711
4.9784
5.2215
4.8412
5.3669
4.9243
4.9588
5.1170
5.0343
4.6893
4.8938
4.8533
5.0142
4.9239
4.8462
5.4404
4.9331
4.9696
5.0196
5.1963
4.9124
5.1422
4.7902
4.8513
4.6640
4.8396
4.8691
5.0813
4.9130
4.9287
5.2124
4.8913
4.6199
5.0860
4.7710
5.1036
4.8237
4.8842
4.8074
4.6180
5.5242
4.9629
4.9632
4.8212
4.6739
4.9478
4.7595
4.7957
4.7987
4.8655
4.9180
4.9385
4.4680
4.9985
4.5503
5.1363
4.6522
5.0416
4.9588
4.4937
4.8456
5.0452
5.0607
5.2887
4.7602
4.9370
5.8665
4.9605
26.1635
27.6228
27.7086
27.9989
28.0097
27.1900
28.8676
28.0633
27.9278
28.8922
28.3912
29.0326
28.7710
29.0702
28.4265
29.0401
28.9716
28.8413
28.1799
29.3269
28.9698
28.6972
28.4882
28.5983
28.5800
28.6512
28.6623
28.8441
28.4998
28.2980
28.2921
28.6079
29.1102
28.6052
28.7924
28.9569
29.3819
28.2462
28.1005
28.5120
28.6006
29.2589
29.0990
28.5935
27.6930
28.9161
28.5609
28.7783
28.8824
