1.0334
4.7122
3.1779
2.5697
2.3339
2.1285
1.9675
2.0901
1.6573
1.7985
1.8939
1.7327
1.6092
1.7119
1.5673
1.5677
1.5305
1.4260
1.4842
1.5651
1.2886
1.5020
1.6767
1.3335
1.4326
1.4089
1.5423
1.3829
1.4903
1.4353
1.4842
1.2163
1.3782
1.2847
1.3039
1.3402
1.2464
1.2748
1.3869
1.2621
1.2968
1.3361
1.2195
1.2061
1.2513
1.2366
1.4475
1.1140
1.4490
1.2675
1.1845
1.2094
1.2586
1.1995
1.2535
1.2244
1.0779
1.2185
1.0767
1.2054
1.2591
1.1329
1.0335
1.1979
1.1910
1.2645
1.3169
1.3215
0.9019
1.2953
1.1189
1.1826
1.0605
1.2626
1.1935
1.0104
1.1448
1.1286
1.4113
1.0171
1.1120
1.2092
1.1490
1.0945
1.0845
1.1459
1.1466
1.1445
1.1056
1.0884
1.1449
1.3409
1.2476
1.0962
1.0572
1.2628
1.2023
1.1475
1.1306
1.2674
1.0853
1.1905
0.9882
1.1015
1.1760
0.9709
0.9690
1.0611
0.9887
1.1559
1.2167
1.1130
1.2309
1.2593
1.2355
1.1361
1.0946
1.0334
1.0120
1.0826
1.0986
0.8774
0.9765
1.1675
1.1014
1.1499
1.0715
1.0865
1.0336
1.1943
1.0919
1.0774
1.1605
1.1295
0.9792
1.2125
0.9744
1.0672
1.1648
0.9805
1.2411
1.1582
1.1112
0.8860
0.9600
0.9961
1.0005
1.0773
1.1457
1.0509
0.9767
0.9232
1.1037
1.0036
1.0648
1.0408
0.9668
1.1999
1.0549
0.9233
0.9933
1.2369
1.1833
1.1051
0.9386
1.1144
1.0578
0.9106
1.1530
1.0758
1.1295
1.1942
1.1727
1.0199
1.0299
1.0175
0.8966
0.9543
0.9612
1.1001
0.8315
0.9625
1.1992
0.9981
1.0285
0.8981
1.0528
1.1237
0.9063
0.8917
0.9957
1.0385
1.1520
0.9078
1.0410
0.9914
0.9996
1.1321
1.0233
1.1543
