2.6745
3.1339
5.6179
7.3536
9.6222
8.0752
7.2781
7.0073
5.6230
6.0017
6.4922
7.0209
5.6243
5.7883
6.8382
5.3209
5.5513
6.0498
5.2619
5.0410
5.0357
5.5954
4.7298
5.4200
5.5457
4.5720
5.7987
4.2621
5.0361
4.6080
5.8389
5.3984
5.2272
5.9261
4.2772
7.1486
4.5807
4.3239
5.7857
6.3669
3.7052
5.0317
4.4696
4.7565
5.3779
4.6790
4.8992
4.4993
5.2246
4.9073
4.8928
4.5836
4.9648
6.3342
4.1676
5.7998
4.2232
5.4675
5.4973
4.2357
4.4459
4.6151
3.3394
4.3701
5.1910
5.1066
4.2366
5.2840
4.8641
3.3875
4.6002
3.9740
3.0727
4.2606
4.3714
3.1487
4.8572
4.2170
3.9039
3.4495
4.5433
3.5465
4.1433
3.9638
3.6586
3.8471
4.8168
4.1568
3.6875
5.5711
3.7166
3.7666
2.9463
2.8781
3.8780
6.4148
5.4608
4.1967
3.4436
4.7853
4.1592
2.8406
4.3729
3.5420
4.4953
3.7580
3.9934
4.8423
2.9912
3.5574
2.8458
3.3746
4.1996
4.4939
3.4171
4.2308
4.2258
4.1781
4.0543
4.0989
3.8867
3.8106
4.6544
3.6978
3.0337
2.7212
4.9863
3.6937
4.0271
4.0806
3.3608
3.5638
4.3050
2.5429
2.9604
3.5003
3.4262
3.2110
4.8550
3.9073
3.2081
5.7968
3.3294
4.6952
2.7380
3.3645
4.3067
4.8038
5.8042
5.1754
3.1753
2.9140
3.6478
3.8699
3.5737
4.1784
4.5778
2.9889
2.3161
3.4339
4.3613
3.2806
4.2102
2.8615
2.9981
3.9543
3.6839
3.1568
4.4584
4.5894
2.9306
4.0411
3.2391
3.7763
4.6192
2.8270
4.4617
3.2789
2.8781
2.9236
3.8883
3.4515
3.4074
4.8940
3.8175
4.3356
3.7224
4.1544
4.0748
4.7609
3.2967
3.0523
4.3019
3.4225
4.6139
3.6391
2.9971
3.3077
3.9860
3.3963
