2.4388
4.0364
5.8978
7.1088
9.1092
11.2910
10.8685
12.7164
12.0482
14.0647
13.2728
10.9092
11.7822
10.5880
11.5322
10.6342
11.6612
12.1411
11.3003
11.4661
10.9444
10.1151
14.1307
13.2021
12.9258
11.2709
11.2404
12.8150
12.0976
12.5512
11.8388
9.7552
10.4310
12.0503
10.1029
10.6941
10.5425
9.0089
12.3768
10.3260
12.4279
10.8080
13.1841
12.7812
13.9282
13.6095
10.2424
11.2915
10.8817
10.1853
11.4520
11.9719
10.9681
12.5767
11.3548
13.0552
11.5123
13.9096
10.9121
10.9550
10.9274
12.1229
11.1397
13.0707
12.9038
12.6164
11.6642
12.4661
10.7316
10.2886
14.8624
10.5391
10.8801
12.7925
11.3200
12.1635
11.3300
10.6794
11.1916
12.0458
11.8820
12.2162
12.7936
10.4624
9.8605
12.3394
11.6394
10.0690
11.6409
10.0900
11.9272
13.0913
10.7185
13.2513
12.3011
10.9597
12.3105
13.0834
10.4011
11.6990
12.0237
10.0151
11.1811
10.2035
11.2184
11.5279
11.1538
13.2390
10.3642
10.3519
11.2413
10.5671
10.5973
11.5788
10.1664
10.5503
11.4302
10.6149
10.9026
9.8213
12.6966
11.8621
11.0438
11.5265
9.5954
13.0650
12.8599
11.6969
10.5287
9.6720
12.9895
10.6688
8.9725
11.7046
9.4060
12.9078
10.3391
14.5959
9.9155
10.9729
8.8656
14.8259
11.8725
10.9274
11.9236
9.6273
11.2669
10.1937
10.2127
12.5880
10.5953
8.2252
10.7812
11.4276
12.6478
11.8555
12.2840
9.5285
9.6917
7.7646
10.8390
10.0603
12.0735
11.3016
10.6742
12.2341
12.6168
10.1723
11.4784
9.9637
10.2416
9.4424
10.1174
12.0586
11.5400
10.2849
10.2000
10.2296
10.0482
12.7647
10.3968
12.0181
9.8402
12.3450
8.9453
11.6179
12.5026
12.2979
10.5590
9.2186
9.9905
8.3028
13.2923
12.9171
11.3891
9.4401
10.8031
8.7198
9.9927
10.4250
