17.9074
8.7698
8.3262
7.8362
7.6488
8.1347
8.2563
7.6043
7.6354
6.5538
8.3199
7.3663
8.3270
7.5992
7.4008
6.7692
6.7288
7.1791
7.5296
8.0143
7.2523
6.9526
6.9935
5.8917
7.2226
7.0419
8.8130
8.3500
7.5185
7.4163
8.0827
7.0391
7.0288
5.9378
7.2254
6.6510
6.4361
7.5642
7.6254
7.4839
8.3778
8.7344
6.9879
6.5906
6.5528
7.3787
7.1027
7.3399
6.5893
7.3225
6.7495
7.1445
8.4818
6.2007
6.6908
6.7145
6.7126
6.4892
7.0283
6.6238
6.2202
7.0522
7.2484
7.2018
6.7813
6.5617
6.6879
6.6627
6.6864
6.6311
7.5478
6.5559
7.4076
6.3359
7.0492
6.4571
6.5648
6.1071
6.7176
7.3693
6.6871
7.2201
6.6627
7.4780
6.6615
6.3896
6.9085
6.7096
7.0985
7.7772
8.4903
7.7672
7.1208
7.2108
6.5487
6.8099
7.3515
7.2868
6.7273
6.9662
7.1201
6.8874
7.0096
6.8554
7.4894
7.2487
6.2074
6.4651
7.8189
8.0423
6.3830
6.6365
7.3319
7.0603
6.9535
7.7621
7.2752
6.2583
6.9491
6.5755
6.8255
6.7424
7.4228
6.8304
6.5937
6.9950
7.7824
7.1338
6.1360
6.5941
6.3500
6.2471
5.8776
7.1143
7.0775
7.3976
7.9808
5.8942
6.4989
6.9332
6.8932
5.8697
6.6043
6.1028
7.6321
6.8930
6.0751
7.1371
6.6939
6.5438
6.7483
6.9496
6.6599
6.8211
6.2619
7.2588
6.8663
5.8116
7.1787
6.6117
6.0809
6.7747
6.3524
6.2966
6.6539
7.4916
8.8848
5.9789
6.5331
6.7463
7.9897
6.4483
6.3115
7.3604
7.3478
6.9347
6.7440
6.5538
6.4485
7.6124
7.1950
5.8364
7.1244
6.6907
6.2662
6.8704
6.2629
6.3172
8.0518
6.9614
6.8196
6.1329
6.6855
7.1198
7.7862
6.9863
5.8968
7.7721
6.6001
7.9929
