2.5095
4.0661
6.9222
8.5644
9.8189
9.0458
9.2705
8.6865
7.7637
7.3492
8.8487
12.6364
7.8155
7.4107
9.8539
8.4239
10.0748
8.0423
7.8897
6.2110
6.1259
7.1943
6.2821
7.5478
6.5574
6.6355
6.7789
5.3035
7.5585
6.6332
6.1686
5.5858
6.1264
7.7532
6.6702
6.8886
7.2795
6.1399
7.4891
6.3271
4.6204
6.4567
5.0014
7.9363
7.2380
6.1000
5.2990
5.1846
5.5913
5.7882
5.4624
7.6756
5.5432
5.2070
5.8465
5.5029
5.2448
5.7702
4.7645
7.0338
5.1346
4.6715
4.8521
7.0041
6.4308
5.8411
5.3525
5.1826
5.4125
6.1629
6.3795
6.1532
4.8143
5.8273
6.6994
5.6217
4.9039
6.3739
5.9050
3.8565
6.6073
5.2377
4.7990
4.6241
7.0553
6.8019
4.8521
6.1511
4.2997
7.2816
6.9001
4.2003
4.9773
7.8691
4.8879
5.7787
5.1774
6.6429
5.1638
6.3566
4.4633
6.7401
5.2040
5.9292
5.3730
5.7181
6.5145
4.7804
4.9026
4.8418
4.8379
5.0442
4.9222
5.3450
5.4721
4.2083
5.5614
5.7882
6.1714
6.4331
4.8584
4.5959
6.4483
6.8215
4.1048
5.6252
4.8448
5.7311
5.6758
4.5526
4.9287
5.7791
4.9269
4.7367
4.8618
4.6562
4.4704
7.9332
5.3255
4.9337
5.2025
4.2670
5.9422
4.3286
5.9748
5.2824
5.3796
4.2498
3.9398
5.5992
4.8220
5.4494
6.3280
5.7444
5.1445
5.0243
4.1322
5.9235
5.3384
5.3783
5.8783
6.7676
4.4271
4.9768
4.0291
5.1435
3.9371
5.5788
5.1208
3.7787
5.9221
6.0165
3.7966
6.1907
3.3410
6.9410
4.4473
5.3349
5.1706
4.2320
5.2529
4.6870
4.2131
4.2235
4.3980
6.7213
5.4250
4.6570
4.3597
4.1066
4.7429
4.8215
4.6633
4.5870
4.3204
4.2650
4.9482
4.5497
5.1190
9.5380
