2.4355
3.5705
6.3113
8.3317
12.4842
11.9061
11.4904
14.3717
20.4304
19.4452
18.5749
17.9000
19.9926
20.8748
17.2640
19.8059
24.6308
23.0798
19.4047
20.9657
16.4765
20.3968
22.7978
17.6136
18.2735
20.1448
17.8549
23.9465
22.4107
18.8520
18.0973
19.9706
23.9176
21.6092
20.8936
22.4214
24.8060
24.1487
20.8139
21.4445
24.5082
22.5946
22.4475
23.4712
23.2796
19.3726
20.5340
19.5221
18.9454
17.8790
21.0831
17.8974
18.2332
21.4540
21.4239
20.5260
20.5744
15.9561
22.4782
17.7130
19.9360
20.1382
16.2717
17.6316
18.2738
20.9322
19.8938
19.6786
21.2310
24.7557
18.9398
20.1126
19.5755
15.0586
19.2076
20.3567
18.8330
18.3788
20.6713
22.7677
21.1957
21.0302
21.1602
16.1103
19.7327
17.4333
20.6860
16.6725
24.7624
17.6927
18.6138
19.7207
19.0480
21.5331
17.5990
20.3828
18.1698
14.9946
19.2047
19.4526
18.4754
16.3313
19.3636
22.7255
17.7146
20.7578
16.0961
19.5909
19.6899
17.1039
16.8432
17.9530
24.3307
16.6822
20.7830
20.8740
16.2303
20.0753
16.4655
18.8725
20.4453
20.1966
17.5436
18.8100
16.8362
20.7074
22.5528
20.7486
21.1174
19.2455
18.9257
20.2260
17.7270
15.4517
18.4219
16.0362
18.5312
17.8873
17.4131
17.5722
21.2104
16.5135
19.8574
19.8184
18.8354
18.7915
20.9782
20.1720
16.6560
21.7880
15.9171
17.1543
18.1007
18.3198
19.6073
17.5207
22.7045
16.6537
20.2211
20.6097
18.0292
19.8110
21.7157
16.0146
15.0928
21.9302
17.2160
19.2573
20.2282
16.9855
14.8415
19.0832
20.1232
22.5397
20.7347
18.2981
18.6445
21.7857
16.8480
15.9750
19.8853
18.0422
19.2057
19.1277
18.5707
20.4907
20.3014
16.8356
17.9206
17.2387
15.9268
22.4493
21.1273
18.4306
14.1990
21.2934
18.3920
20.0812
19.3599
17.8539
