16.6102
7.4533
5.9107
6.6821
5.9241
5.8966
5.8603
6.0017
5.8347
6.1978
6.5741
5.6176
4.0186
6.8482
6.6429
5.0397
4.1178
4.1920
6.4166
5.0503
5.1136
6.1253
3.7796
5.9121
5.9442
4.5586
5.5576
5.0138
4.3661
5.7021
3.3712
4.8473
5.3187
5.1065
8.4333
13.9333
13.2361
13.9801
14.8645
12.1596
13.5253
14.8317
17.9310
13.4319
17.1910
18.0517
12.1561
18.4385
18.1253
16.4931
14.6236
14.5006
18.1046
16.8239
14.3041
15.0608
16.6476
17.1283
13.8775
15.2657
13.8612
13.4453
16.3411
15.2391
13.8413
13.5181
14.6355
14.8325
16.9928
13.7466
20.1838
14.2994
17.5253
15.6233
13.8242
14.2534
17.5674
15.3714
17.1808
14.8099
12.6597
14.6807
15.2992
18.5724
15.3363
14.6120
17.0587
13.4575
14.5645
14.7784
18.6932
12.3528
14.1913
17.3152
14.0259
17.2126
15.9649
19.7926
16.4593
18.4035
12.4056
16.2345
16.3367
15.5403
18.4306
15.1381
14.4927
16.0537
13.8092
14.2374
16.7606
17.1263
18.1779
19.7275
18.1727
14.4154
18.0929
16.8380
15.3119
15.7780
17.3285
16.0542
15.3430
13.3027
15.0002
16.7515
16.0828
12.5023
17.9488
15.2115
16.3278
17.8023
17.8144
14.5873
16.5584
17.4104
16.5077
18.1319
14.1296
14.7828
18.5401
13.8084
19.7628
16.8151
19.6161
16.8909
15.7433
16.6518
18.1742
15.4662
14.5123
16.2358
16.3387
17.3013
15.6373
16.6372
18.1074
16.6363
16.1669
18.1842
17.6770
14.6352
19.3819
12.6570
16.5283
18.7365
17.5884
17.9461
16.7298
17.4735
16.4817
15.8630
14.5937
19.0544
18.9166
12.9763
19.0193
14.3875
14.2346
18.1249
16.4743
18.0435
16.7950
17.0822
17.8718
17.9475
18.6878
14.9856
15.1941
14.1269
18.5921
13.2928
16.8075
12.6663
17.8551
17.9000
15.3658
18.4072
13.3770
17.6432
