19.0641
12.5804
14.4585
13.9083
17.6170
14.5660
13.9860
13.7202
14.0440
17.0935
15.2442
12.2604
14.1011
15.2454
13.0389
13.4526
10.6969
13.3107
12.9679
14.1043
12.8766
12.1959
11.7021
14.5734
15.8999
12.3601
12.7238
12.7151
15.9136
13.2752
10.7388
12.8101
14.3331
11.0170
12.3678
14.4657
10.5723
16.7989
12.5619
16.0238
13.8457
12.2357
12.0212
12.7243
12.7975
12.2575
13.0823
14.7685
13.7136
12.6067
11.6201
14.4269
13.2395
14.8402
14.5330
14.3109
10.9420
13.0482
12.2860
13.6107
12.9805
13.1322
14.8987
13.8120
12.8366
12.2980
13.8343
12.9003
9.8427
14.2559
14.2717
13.2906
11.1775
12.6137
14.3094
14.4971
14.0830
13.4737
12.6202
12.4319
15.2862
15.4918
13.9864
12.5420
14.2401
13.4956
12.6480
13.4441
14.3549
14.5797
12.8307
11.7741
12.9109
13.6611
14.4030
14.4974
13.5961
12.1132
12.7123
13.8767
14.8084
13.2494
12.4875
13.5717
10.7974
14.1671
12.5160
13.1131
10.7707
14.0711
13.8222
14.2277
12.3219
14.6052
13.2001
12.8106
14.7829
13.2392
11.9541
14.2504
10.3575
14.0419
12.7714
13.0481
14.9751
13.3507
13.3036
12.4574
12.9057
13.7639
12.8262
13.4220
13.5541
11.9984
10.8338
14.0750
14.1798
14.3411
13.1136
13.1380
12.7956
13.3818
11.8113
12.2800
15.6826
13.8288
14.5631
13.5998
13.2201
12.2690
13.5634
14.2923
12.3985
13.1861
14.0497
13.5915
13.5622
11.1431
13.1687
11.0319
13.3538
12.0617
12.7034
10.3965
12.6766
12.1837
13.6805
11.8546
13.9381
11.3685
15.9290
12.0871
14.6885
12.0819
14.1889
14.9072
11.4852
13.3360
12.2345
13.3676
14.8090
13.8361
12.5303
14.1228
13.7413
11.6574
15.0230
15.2439
12.6453
13.0626
11.6945
14.2235
13.6839
13.7364
12.5386
14.7648
13.9979
14.8104
15.4246
12.0457
