16.3971
16.2303
11.7548
9.2403
10.4773
5.7300
9.0162
11.9925
8.1382
8.2075
9.9670
15.6633
11.3330
13.9214
6.1190
9.0946
12.4066
13.6992
7.8375
10.7431
11.1592
4.9989
10.0604
8.3923
11.1078
10.0302
4.1077
16.9682
11.6996
9.0695
8.8057
7.3459
6.0562
8.9803
8.5263
19.5941
7.5855
9.5516
6.8886
6.6835
8.1726
6.2815
5.8067
13.5885
19.8993
10.4798
11.6723
4.9080
12.7489
6.6525
14.1138
9.0358
9.7353
9.6139
7.8690
6.6923
9.0422
4.5049
7.8937
7.8628
10.4373
13.4435
6.4495
6.9009
10.4661
9.6859
6.5162
8.5776
12.1300
10.4229
5.6705
6.1587
11.4656
9.0345
7.3791
10.8087
8.9131
9.9293
5.9894
4.5957
10.6317
5.8931
9.9577
7.0959
11.3018
15.2799
6.8986
5.7519
10.7667
7.5121
7.0007
9.7617
8.5408
13.9075
8.6273
10.5145
7.9524
12.1882
6.8697
6.2263
8.0351
8.3145
14.0287
10.5132
4.1004
7.4129
10.5929
5.6940
9.7666
5.4429
9.9954
12.7081
8.4066
8.1510
8.6563
5.0560
6.5284
5.3311
10.4598
3.4368
9.9660
13.7499
9.5435
12.7121
12.9196
5.8731
6.0327
8.8829
10.1147
7.9188
9.2096
7.1552
14.0595
8.4322
5.1039
6.8052
11.4618
5.7128
10.1740
7.0943
10.0958
13.2859
13.2568
7.2447
10.5231
7.8401
6.3227
6.1745
10.7832
6.2850
8.6102
6.8262
10.2752
12.7447
7.7941
7.3149
8.5623
10.5542
11.2411
8.1536
9.5446
11.7965
7.5743
10.0113
9.2131
10.5410
5.4104
11.5728
5.6572
10.8869
11.1313
9.8829
8.2694
11.3890
4.1878
13.1897
7.3683
8.1862
10.4928
9.7066
9.0883
10.1485
3.8057
12.0463
4.7892
8.3151
5.4165
7.5816
5.8073
11.9124
7.5716
11.7383
6.4476
8.6085
11.3742
5.8458
14.1628
8.2941
9.2894
11.4458
