3.2793
4.4872
6.9573
7.4031
7.5394
6.5685
5.9671
8.1679
5.6545
6.7531
5.9012
6.2275
6.0416
5.4333
4.7021
6.1206
5.4587
6.8703
5.5924
6.2228
5.3138
5.7880
7.8058
5.0928
5.8393
4.8150
7.4889
6.9231
5.5817
5.4737
5.5786
5.2133
6.0802
5.5040
5.2703
5.0368
4.2181
6.4138
6.1253
5.0836
5.8776
4.5117
4.1934
4.4692
6.2837
4.8346
5.0374
4.6423
4.6837
5.9307
5.1689
5.7214
5.1872
5.6608
6.0712
5.6387
5.4208
4.4538
4.0340
6.4297
4.7070
4.9269
6.4876
5.8082
5.9340
4.2993
5.9134
4.3397
4.4538
4.5946
4.4349
4.2746
6.3639
4.4943
4.5897
3.8044
4.0315
6.5945
5.2154
3.9710
4.5839
3.8343
4.2756
4.6618
5.3265
5.5734
4.3479
5.6965
4.8233
4.9840
4.3692
4.2931
3.8371
3.8712
4.4266
4.1006
3.9335
5.5141
4.5561
5.1452
4.5943
4.4271
4.2729
4.3305
3.4889
3.8553
4.6914
4.4749
3.7354
5.4620
4.1417
4.9508
4.3095
4.7012
3.8685
5.1031
4.3757
3.7134
5.1275
6.5898
5.2005
5.7454
4.5445
5.4578
4.3279
4.0529
4.6033
4.8777
4.0427
3.3197
4.8334
4.2023
5.2002
4.2539
4.5802
4.8056
4.9031
4.2577
4.5674
6.1931
4.3985
4.2019
4.0305
4.3729
4.9892
3.7147
5.4116
5.2518
4.1470
3.5453
4.1973
4.6284
3.4738
5.0356
4.1658
6.2672
5.2385
5.2784
4.8035
3.5825
4.8490
3.7519
4.6978
5.8095
4.8520
3.8728
4.8711
4.6343
3.5959
5.2248
4.9921
3.8590
4.1246
4.1549
3.2883
4.9456
4.0150
3.3852
4.1357
4.6918
3.6517
4.3700
3.9118
4.2602
4.4897
3.9756
3.9220
4.1476
5.5981
4.7577
3.5243
4.2569
4.7254
4.3292
5.6140
4.5932
4.2789
3.7321
4.5592
4.3526
