0.2450
3.5655
5.1341
6.3649
6.7513
12.7311
14.1483
14.8303
16.5113
18.4873
19.8733
20.0987
20.9003
21.7993
20.6160
22.4925
22.1695
22.1776
22.5278
23.5130
22.9846
23.6370
23.3212
24.1779
24.1681
23.8401
24.0022
23.9871
24.2626
24.8707
24.6759
25.2894
24.9404
24.9970
24.9511
25.5030
25.4981
24.6195
25.7529
25.8288
26.2634
25.7725
25.4975
25.9380
25.2604
25.5052
25.3993
25.9872
26.1888
26.3894
26.0874
26.3074
26.0144
25.9185
26.3784
26.3431
26.3187
26.3399
26.3353
26.0829
27.2947
26.6503
26.3651
26.2412
26.8516
26.5652
26.8573
26.9024
27.1992
26.8246
26.3814
27.7526
27.6404
26.5676
27.0754
27.5193
26.6255
28.1346
26.7863
27.6196
28.4364
27.1427
27.4360
27.3534
27.3955
28.2796
27.6115
27.2108
27.4797
27.4241
27.6585
27.9729
27.5058
27.7619
27.0229
27.9161
27.8341
27.8087
27.8710
27.9297
29.1106
27.2911
27.2857
27.6202
28.2669
27.6631
28.6170
27.8185
28.0645
27.3983
28.0994
27.9758
28.0993
27.9137
28.4573
28.1075
28.1465
28.7993
28.0387
28.1557
28.3362
28.1572
28.2656
27.7171
27.3842
28.2877
28.0162
27.2096
28.3745
27.9623
28.0061
28.5239
28.6310
27.9040
28.4501
28.5212
28.1377
27.0145
28.6917
28.3171
27.8807
28.2345
27.9359
28.3906
27.7574
28.1458
27.9494
28.2064
28.4306
28.0894
28.6653
28.7313
28.3462
28.4968
29.2671
27.8839
28.0465
28.0570
27.9761
28.2653
28.3931
28.2995
28.6400
28.6728
28.4828
28.9000
28.2207
28.1550
28.0441
28.6994
28.4279
28.5174
27.9307
28.8531
28.6962
28.4617
27.5294
28.5782
27.8928
28.3898
28.3180
28.4814
27.2693
27.7377
28.6603
28.8735
28.4952
29.3130
27.2861
28.7387
28.5736
28.7920
28.0717
28.1730
28.9572
29.1296
28.3815
28.8672
28.3803
28.4040
