2.0366
3.8570
6.3908
8.4271
6.3409
9.2057
10.3089
8.6768
7.3090
7.5392
8.2281
7.4756
9.0066
11.1437
7.0311
7.7695
11.2368
9.8081
10.4519
7.7859
9.0036
8.0441
7.0345
6.4604
7.2383
8.9553
7.7410
9.0880
8.4063
4.8955
8.8831
7.1625
6.6474
8.4911
7.3206
6.2939
3.7457
9.3259
5.4668
9.0050
8.4629
7.5944
6.9912
5.9146
4.2888
5.7400
7.0699
9.0325
7.3553
8.0694
7.2284
8.2175
8.8587
7.8570
10.9073
9.2358
6.9300
6.6124
7.4549
6.6829
7.5042
8.6161
7.2669
7.2845
8.3224
7.2454
6.7519
6.9699
8.6024
6.0639
7.5108
4.5223
8.2087
9.2641
9.0362
5.3441
5.5004
5.1693
6.2092
7.9943
4.9832
8.3891
5.1496
7.4267
6.4477
8.0119
9.0571
6.1713
6.0800
8.1914
8.0257
7.7860
6.8647
7.6231
6.2391
9.4151
5.8494
7.0787
6.5252
6.0565
5.7215
7.1439
6.6079
6.2627
5.1729
4.5855
7.8729
6.8595
8.8650
6.1223
8.6715
6.5651
8.5265
7.6981
6.0346
8.2634
8.2444
5.8623
5.9922
7.1709
8.1232
4.4042
7.3237
7.4660
7.7186
5.1474
7.9549
6.5312
6.4037
5.8474
4.9901
6.7404
6.5882
6.7935
6.3386
7.3516
4.5159
5.5159
6.6281
10.0540
5.9106
5.4060
7.6507
8.0756
6.0337
6.4004
7.2082
5.1679
6.2031
6.8080
5.2060
5.7902
4.8243
6.9679
6.5439
6.1763
7.0838
5.4108
7.7693
8.2142
7.0488
5.0616
6.3441
6.9796
6.6111
5.5015
5.1905
4.5826
5.6241
7.8636
6.7930
6.3779
8.5726
5.3537
7.7098
4.6987
6.0450
5.7318
7.2175
6.1722
5.1921
7.0530
5.5697
5.2543
4.8902
5.5524
4.3990
7.6362
6.4746
6.9251
4.8306
6.6761
6.1427
7.3173
6.3053
4.6058
6.5478
6.4652
6.5944
6.2855
