2.8186
3.1170
4.6998
6.8486
7.4936
9.8090
8.1642
8.4888
8.7605
7.6279
7.8203
7.8510
7.5457
7.5623
7.6488
6.7331
7.4451
8.4897
7.2019
8.4223
7.2080
7.7040
7.7510
7.4096
6.5782
7.0336
6.8898
7.1047
6.1776
6.3518
5.8152
7.0832
6.5868
6.6676
6.2297
5.8111
5.6005
6.9352
6.9256
6.1196
6.9205
6.4892
5.2240
6.1408
6.3791
7.2323
6.1179
6.5930
6.1305
7.0321
6.3717
5.0529
4.9331
5.8944
6.4762
5.3773
6.4963
6.3132
6.5307
6.2241
5.9214
6.0694
5.3835
6.8415
6.5092
5.2522
6.1079
5.4391
5.3693
6.7001
5.3485
7.6020
5.6532
6.5814
6.0032
6.0250
5.1865
7.0026
6.0182
5.4891
6.2015
6.4581
5.2080
6.0005
5.9985
5.5951
6.0712
5.5335
5.5835
6.6575
6.1085
7.0237
6.0214
5.8122
6.4798
5.6871
6.0015
6.5095
5.9894
6.1093
6.5799
5.6249
5.3652
5.4263
6.2082
6.1603
4.5899
7.3947
5.1592
5.9905
7.1166
5.0131
5.8267
6.7806
5.9758
6.1452
5.0225
6.5185
5.6165
5.8419
6.8837
6.8257
5.4618
5.5725
4.4739
5.0327
5.4580
5.0881
6.0280
6.6688
5.4624
5.8073
5.9824
4.7798
3.8535
5.9853
6.1922
5.2856
5.9360
6.0006
5.1634
5.2167
6.1048
6.3552
4.4945
6.6107
5.0265
5.7430
5.6628
6.0005
5.6609
4.9206
6.1295
6.0146
6.7703
5.0872
5.2582
5.2616
5.4083
4.5416
6.9216
5.1961
5.1892
5.8239
4.8523
5.7320
7.0497
4.0523
4.0560
5.0515
5.3114
6.4099
5.2165
5.3606
5.1357
5.5362
4.2771
5.2946
4.6165
4.4796
7.1842
5.2428
7.1277
5.4991
6.4592
6.8007
6.1138
5.0536
5.2562
5.3988
6.0777
5.3437
6.1656
6.5290
6.7976
5.4616
5.9047
5.7147
5.2083
5.9317
