3.1712
4.2595
5.0156
7.0172
8.4943
5.1883
5.6021
7.3419
7.5872
6.4717
6.8884
5.6915
6.7752
7.1784
6.7544
6.0608
5.6333
6.0952
6.8897
7.3188
6.2540
6.4716
6.2646
5.2963
6.8769
6.9495
6.7131
7.0900
8.2278
7.3004
6.0438
7.3912
7.3727
7.4301
8.0763
7.9681
7.2533
7.0139
7.0324
8.0573
7.0924
7.6894
8.2899
5.3812
5.8680
6.5493
6.2214
6.4355
6.7581
7.5578
8.1711
7.2489
7.8236
7.8841
7.7843
7.1489
7.5028
9.0033
7.1232
8.0356
7.7957
7.0404
7.0321
8.0852
8.5546
7.2582
6.9269
7.6928
6.1965
6.6926
8.3908
6.8977
7.7230
7.4531
7.4221
7.7483
9.1705
8.1195
9.2207
7.6145
8.9063
8.0344
9.1510
8.4219
7.8578
7.6270
8.1032
8.3626
6.8894
8.3681
6.6971
8.4887
7.5370
8.1331
8.5611
9.2632
7.6514
8.0760
7.6199
7.6522
8.0932
6.3986
6.8628
7.2862
7.6659
9.1819
7.6763
8.6461
8.9560
8.5027
9.6062
8.5313
8.1658
8.4158
9.2343
7.7969
7.3731
8.0043
9.7329
7.6786
8.4879
8.2215
9.4408
9.4831
7.8963
8.7742
9.0563
7.4129
9.9372
8.3576
9.6610
8.6068
9.1054
9.6917
10.1160
8.7261
10.3456
9.9004
8.7193
8.8439
7.7653
10.1820
8.4880
11.0867
10.8084
8.8369
10.6073
9.8482
8.5644
9.7040
9.1965
10.0065
9.7063
11.0821
9.9515
10.3977
11.9984
10.1738
9.9463
10.5972
9.9238
9.3766
9.7126
10.1336
9.1456
8.8667
9.9772
11.1882
10.6704
10.9410
10.3239
9.0085
10.9947
9.2722
10.8487
10.8139
10.9805
11.9456
8.2272
10.2727
9.3287
13.0055
10.9756
10.2359
12.6603
10.3270
10.9776
9.9434
10.6282
11.5438
11.3477
10.6528
10.5798
11.4437
10.4727
11.7351
12.5750
11.6245
11.5480
11.7784
