5.2393
9.4506
14.5276
16.9927
19.0144
21.4241
23.7919
23.1095
22.1739
25.0158
25.1189
27.8201
27.9398
26.1430
28.1164
27.0571
29.5206
29.7561
31.2257
29.5664
28.1818
28.3705
30.8019
32.1474
30.3638
34.4511
30.4392
31.7860
37.6166
34.6280
36.0310
35.3292
39.5342
37.0836
33.4964
36.9793
40.4669
42.5240
44.4235
32.2946
29.4801
36.7936
42.2825
39.7845
45.0471
35.5148
32.7792
36.1173
36.5187
39.5477
38.0918
38.2781
39.5090
42.6742
39.1154
36.5470
42.8596
40.6461
38.1354
40.1064
41.0738
37.9811
43.1855
44.1000
34.3882
48.4452
40.0982
37.9021
37.4973
42.5605
40.6202
43.4402
47.3705
38.6419
36.9844
34.6959
48.8533
40.5001
49.4368
57.7265
55.3491
61.7622
61.4640
65.1535
55.0830
62.4882
57.3206
65.0684
72.9505
57.6192
71.0353
69.4734
77.3555
65.5839
78.3404
66.7668
75.6624
71.2317
72.0898
77.7392
73.3023
76.5603
67.2892
77.4789
72.8903
88.0141
78.5032
84.1287
74.5461
81.5058
76.4534
70.6541
85.6486
75.1756
79.2053
85.4888
94.5167
88.5250
91.3280
84.8867
85.2905
79.9257
93.6327
96.4966
98.1181
88.2061
80.8213
89.0608
89.8685
97.9067
83.0248
92.5318
86.7250
89.6397
90.1323
99.6557
97.5163
96.8850
97.6762
87.5430
85.2049
102.1612
102.0265
91.3390
92.3149
103.2917
101.9144
80.2437
95.7697
101.3565
92.2061
105.6690
99.4497
108.2675
109.6871
107.3154
107.0308
89.4793
98.7445
87.0937
112.0436
103.1082
118.1655
97.4017
106.9132
100.9388
120.5673
112.1203
96.6138
105.1170
111.0314
105.2685
103.8532
106.4290
118.2224
108.4083
96.3428
110.2888
126.0217
107.9468
97.0279
114.6300
105.2598
104.7793
114.1189
107.2398
111.3346
116.4400
115.3130
116.8593
118.9088
107.1228
106.6902
121.5717
98.2243
108.1348
109.7751
120.0478
112.7422
109.8286
