4.4937
5.5575
8.3901
11.4513
13.4624
16.0656
18.5401
17.0838
15.1224
11.8249
14.1814
13.5296
12.0479
13.3360
14.0787
13.3164
12.4309
14.3441
13.2100
14.4688
13.7836
14.5963
13.2512
12.7500
11.1541
11.4495
12.8435
14.7194
13.1558
16.1014
13.9250
13.3205
13.7937
14.0222
16.5040
15.1510
16.0891
15.1180
16.2049
13.4648
14.9872
12.6280
14.1797
13.7635
14.0332
13.3812
16.3405
17.8872
16.5143
17.6805
18.6949
19.0303
18.5575
19.4280
18.0099
17.7992
12.9964
15.0366
15.7162
19.5793
17.5018
18.5395
17.9498
18.8665
18.6458
15.9309
17.3665
16.8054
21.1015
21.7364
21.4009
20.1320
21.2661
21.2859
19.9291
16.4985
20.1346
19.7993
21.3634
20.3639
21.2200
24.5709
27.7070
21.5014
24.9819
27.8608
25.9928
26.5391
30.6204
27.1926
25.0523
27.6650
31.7131
32.4180
30.8838
26.5515
30.8083
28.4107
34.5293
28.7898
29.9818
30.2005
34.6554
32.5496
32.2775
29.2909
34.4012
33.9592
33.2087
31.3257
29.7493
31.5137
30.4465
35.8766
31.1859
37.0969
36.5824
39.5260
36.8834
35.9836
35.4221
33.9621
39.7284
32.3684
38.7797
31.1472
32.4733
34.8793
40.5483
36.4040
36.3003
43.7973
41.5673
37.3956
36.6880
36.0999
36.4342
37.9976
32.5751
40.0517
45.5978
40.7765
34.0642
35.7339
36.9173
36.3460
40.9878
39.2014
37.7541
44.7281
39.7518
43.8779
45.9045
40.4230
36.0058
38.3431
41.9754
47.6845
39.8718
43.1656
36.9156
41.8079
42.7338
44.5569
43.1561
41.8854
46.1159
50.3664
50.2870
36.3706
42.7625
43.4156
48.7602
41.8475
45.6930
39.4865
47.0134
50.6152
40.6655
40.9543
39.3971
54.1823
40.7709
43.8676
57.1438
45.9550
52.5049
54.6043
45.5279
48.1918
46.9309
40.2276
45.3380
49.4707
47.6012
50.9914
57.3540
47.3128
47.1588
48.2892
