2.6949
3.6080
6.1972
7.3198
8.6868
8.9559
11.3512
9.1890
8.7422
7.7647
9.6297
8.9602
9.6781
6.4286
6.7465
6.8903
7.9793
7.0257
6.7734
7.4273
8.7801
6.6517
7.1872
5.7689
6.3793
6.5883
6.5370
6.1901
7.5359
5.7718
5.6277
5.0108
7.8479
5.6885
7.1199
6.1530
6.1594
6.1135
5.0272
6.6073
6.7256
7.3317
6.1705
5.2646
6.7146
6.2949
4.8318
6.6423
5.0794
4.9318
7.3264
5.3116
5.4619
6.1094
6.3378
5.2488
5.0995
4.8785
6.6155
6.4025
5.6615
5.1027
5.5234
4.6355
5.6433
5.5433
5.2719
6.0235
5.6849
6.0075
6.2845
5.6234
4.7893
4.2663
5.8198
6.3186
5.2742
5.1286
4.7084
5.1974
4.8193
4.5068
4.4735
6.3971
5.3634
5.3633
5.0465
5.8463
4.5247
4.9794
4.5344
6.4289
6.7976
4.9771
4.9250
5.4794
5.1960
4.8395
4.9865
5.1711
4.4289
5.1956
4.9058
5.0594
7.1976
5.1173
5.2923
4.6267
3.9641
4.3261
5.8639
5.9076
5.6404
4.6886
4.6983
4.5234
3.4655
4.2655
4.3544
5.6742
3.8847
4.5693
4.8457
4.4975
7.2785
5.7832
5.1017
4.6021
4.8810
6.0009
3.7627
3.8854
5.1878
3.9202
5.0138
5.2968
5.4056
3.8282
3.8199
4.2812
4.5452
4.0004
4.1303
4.1753
4.3330
5.6033
4.8171
4.0300
4.5300
3.8742
4.8557
3.9361
4.3275
4.1746
3.9293
4.1856
4.7458
5.2524
6.4796
3.4227
3.6420
5.6385
4.0858
5.6684
4.4979
4.3043
3.9543
3.6519
5.8992
4.4885
3.8062
3.7054
5.5998
5.7270
5.6912
4.7315
5.8093
4.9513
4.7270
5.0325
3.3877
5.7323
4.0157
5.3861
6.3560
4.4482
5.0209
3.4318
4.6311
6.0992
5.2720
3.4060
4.7319
5.2792
3.9460
4.1502
5.4275
4.8363
5.1018
3.8998
