1.5505
6.5803
5.0809
4.3509
3.8942
3.7445
3.7912
3.7223
3.3539
3.2568
3.4569
3.1629
2.9500
2.9956
3.0637
3.0088
3.1526
2.7657
3.0944
3.0583
2.9145
2.8063
2.9296
2.6934
3.0501
2.7521
2.7369
2.8184
2.6640
2.8217
2.7699
2.5955
2.8520
2.5486
2.7157
2.7102
2.5958
2.6594
2.7767
2.7098
2.5305
2.9088
2.7051
3.0109
2.4731
2.4974
2.8879
2.5383
2.6493
2.6772
2.6270
2.6409
2.5732
2.4347
2.6926
2.5348
2.9072
2.6997
2.4503
2.3835
2.6372
2.4041
2.7109
2.4084
2.2480
2.7850
2.5564
2.7323
2.6643
2.5962
2.3949
2.5016
2.3940
2.5449
2.2361
2.3235
2.7490
2.6688
2.5315
2.5222
2.4116
2.2366
2.4774
2.2499
2.5684
2.4084
2.4339
2.5397
2.4912
2.4666
2.2378
2.5454
2.4985
2.6889
2.4136
2.5458
2.7917
2.6094
2.4089
2.6555
2.4391
2.4792
2.2341
2.2065
2.6171
2.5965
2.3708
2.4513
2.4354
2.4927
2.3185
2.3589
2.4162
2.2687
2.5669
2.3247
2.3562
2.2091
2.5480
2.2408
2.4791
2.4162
2.4418
2.4933
2.8303
2.5549
2.3990
2.3733
2.1265
2.3484
2.4155
2.4316
2.5927
2.3766
2.6793
2.6068
2.3919
2.4686
2.3695
2.2105
2.3106
2.5250
2.4590
2.5333
2.5327
2.3032
2.6052
2.3625
2.8638
2.1975
2.4729
2.4024
2.3074
2.5327
2.4429
2.3711
2.3724
2.2350
2.4187
2.5237
2.3171
2.1468
2.3958
2.4393
2.4574
2.2368
2.6416
2.7004
2.3769
2.3146
2.2737
2.6327
2.4094
2.6036
2.5263
2.4079
2.3770
2.5140
2.1736
2.2419
2.4376
2.5936
2.2517
2.4843
2.3158
2.4291
2.4739
2.3802
2.1785
2.2400
2.3214
2.3978
2.3060
2.4938
2.2812
2.5195
2.5454
2.2357
2.4520
2.4711
