5.2862
6.8973
11.9499
13.2436
17.2449
17.0290
20.5815
20.2434
22.0867
21.4027
23.5909
25.0160
25.7308
26.0003
27.1802
22.1218
24.1091
21.4839
24.0208
23.8244
22.3921
23.8956
25.1447
24.4627
24.4993
24.5775
27.7424
24.5748
25.3642
27.8934
24.0264
25.8652
26.4465
30.7907
22.7865
23.7400
23.6395
25.5751
27.4204
28.7053
29.3082
30.8877
27.8674
28.6692
29.5044
27.1074
25.8143
31.6698
26.4816
30.0524
29.1163
30.0015
30.6564
29.2175
27.2221
32.2998
32.4178
31.2963
31.5803
32.5674
32.9569
23.1833
24.5190
27.2813
33.9685
26.3857
28.7869
34.3935
30.0000
30.0449
26.7957
26.9276
29.5591
30.0713
28.9381
29.1735
29.5341
34.1319
31.4115
26.9224
28.8288
37.0321
28.6810
31.1331
30.1191
26.8687
30.8642
34.6216
28.9460
29.6543
36.2008
27.4675
35.1554
34.2103
37.7802
29.8809
32.8675
35.5004
33.0994
31.6379
31.2264
37.2069
35.2826
32.0776
39.2196
35.4796
36.0395
26.2935
23.5924
27.6328
28.2512
26.8003
25.1526
26.8614
33.8359
32.0556
29.6834
33.7425
30.0611
31.0489
30.7859
28.6579
25.6387
24.1526
28.2571
23.5312
19.6655
22.9525
22.1881
18.9363
17.9082
21.8124
23.6641
22.8220
21.7144
23.6067
26.1935
23.4486
29.8716
24.3238
20.2365
21.1413
19.9306
22.6755
24.3475
27.3589
28.3524
26.3570
28.9262
30.9984
26.8002
25.4876
34.6068
24.1976
20.5888
21.9355
21.1199
22.5748
24.0637
24.1762
25.7450
32.3054
23.6671
30.3698
25.6734
29.4783
24.4388
26.2131
29.8804
22.2640
29.4735
34.0576
27.6079
29.6046
32.8680
30.0838
27.5442
27.0853
31.3554
30.1233
30.1402
34.9673
32.8894
23.9921
23.9686
25.5307
25.0204
23.3230
26.7291
26.0884
27.8740
29.1928
30.3178
28.6819
29.1051
28.0284
30.4879
29.6356
31.1104
32.0404
