15.5049
6.7749
4.1659
4.9091
4.1059
4.3544
4.1318
4.5528
3.2058
3.1952
4.0906
3.4645
3.5852
3.6921
3.7336
4.6802
3.6363
4.5658
4.0067
4.0241
3.7234
3.2443
4.4012
3.5624
3.2497
3.3824
4.0089
4.0957
3.0651
3.8655
3.1839
3.5922
4.4276
3.2773
3.3984
3.2838
3.2142
3.0970
3.3884
3.5946
2.9339
3.8370
2.9581
3.9498
3.7892
3.1757
3.7958
3.1212
3.6874
3.3903
3.9545
3.6217
3.5519
3.0421
3.6077
3.3496
3.1543
3.3828
3.3058
3.5210
2.3879
3.0583
4.3497
3.7451
2.5542
3.0560
3.7523
4.0998
2.7987
3.0698
3.0434
3.1250
2.7390
2.9205
2.8096
3.2120
3.5170
2.7810
2.6962
3.2245
3.0598
2.9811
4.3108
2.6507
3.0264
2.5102
3.3493
3.7890
3.1184
3.6018
3.6696
2.7987
4.2769
2.7379
2.9218
3.0367
3.6790
2.9288
3.3186
4.0774
3.2222
2.6947
3.1464
3.0827
3.1090
4.8295
3.2968
3.1641
2.5050
3.5318
4.1589
2.6695
3.2278
3.5798
3.7420
2.9360
3.2622
2.8515
3.3185
2.6180
3.0646
3.3481
2.7510
2.9174
3.3397
3.9006
3.0538
2.8323
2.6263
3.3413
2.8781
3.5589
3.3165
3.0586
3.3675
4.2360
3.1826
3.2879
2.6831
2.6776
3.0756
2.7948
3.2110
3.5487
3.6938
2.7538
3.1770
2.9495
3.4695
3.2497
2.9676
2.8780
2.8641
3.3728
2.5921
2.6976
3.8041
3.6225
2.2162
3.5454
2.9611
3.1662
3.3877
3.5013
4.6468
3.3829
3.6994
3.0633
3.5675
3.4253
3.6131
3.3417
3.0174
4.4398
2.8438
3.2771
2.7826
4.1897
2.3510
3.9316
3.3550
3.0494
2.5485
2.2427
2.8621
2.9837
3.7403
2.9754
3.3225
2.7676
2.1035
2.7002
3.9885
2.5396
3.6327
3.4364
4.2867
3.3252
3.2842
3.2783
