2.5879
3.5755
6.0515
7.3253
7.2061
7.5755
6.8387
5.9555
5.3696
4.5856
5.4831
4.6872
5.6275
6.2177
3.9684
5.2626
5.2141
4.8731
4.3321
4.9742
4.0494
4.9795
4.8477
4.0838
4.6398
5.0490
3.3879
4.7370
4.0194
4.1259
4.0879
3.4530
4.1141
5.6270
4.5524
4.2030
3.8643
4.3681
4.2164
5.9242
4.0328
4.2670
3.6519
4.0771
3.6162
5.2669
4.7769
4.9635
4.0988
4.7920
4.1988
4.1408
3.4671
5.6756
3.1439
4.8125
5.1653
2.9357
4.3321
3.2348
4.3556
4.2098
4.2662
4.0274
3.6276
3.4315
3.3604
4.0812
3.7393
4.3753
3.2355
4.4733
5.0377
3.9223
4.3589
3.8520
3.0712
4.0677
3.4777
4.5955
3.3048
3.3680
4.3658
3.1170
3.3764
4.4962
4.7188
3.7527
3.1026
4.0783
3.7810
3.3345
5.3127
3.9777
3.4850
3.9554
3.9244
3.4703
3.9641
3.7031
3.9501
3.2616
3.3468
3.3322
3.4581
3.7358
3.1242
4.5160
3.0674
5.0209
3.6356
4.4464
3.7473
4.5860
4.5065
3.8452
5.4219
4.4394
3.6430
3.5692
4.2539
3.2894
3.0910
3.5453
4.0385
4.6897
3.3483
3.9859
3.8550
3.7386
3.5600
3.6817
2.9714
4.2605
2.5277
3.7662
4.2714
4.6206
3.4014
3.0479
2.2533
3.8127
2.7661
3.0429
3.2736
3.0042
3.5241
3.1373
3.7949
3.4110
4.7514
3.0626
3.4940
3.1855
4.6720
3.1508
2.9761
3.1327
3.2256
4.9588
2.9818
3.7346
3.3314
4.8847
3.5801
3.2697
3.3118
3.6188
3.6943
3.2723
3.9214
3.7480
3.8317
3.1079
3.6498
3.6891
3.7276
3.6214
3.5092
3.5229
4.0092
4.7584
2.9991
2.8996
3.4936
3.4285
3.4960
3.8572
2.9229
3.1665
4.3224
4.3112
3.4499
2.9288
3.0667
3.3497
3.3037
3.1712
2.8641
2.8234
