1.7496
2.4929
3.4771
4.6022
5.7767
9.6952
10.5053
13.1379
12.6845
12.5878
13.9098
12.4069
12.8614
15.3317
16.4116
14.2065
14.9332
12.2879
17.9941
14.5869
14.8650
14.7255
14.6737
15.8016
15.0208
15.3573
14.4817
16.0405
14.8295
14.8153
15.0443
14.2427
16.1454
15.7719
14.5480
15.7077
15.7154
15.2139
14.1753
15.1419
16.4857
14.7737
14.0721
15.6765
13.5912
15.3389
14.9918
14.6630
15.6555
14.8739
17.1319
17.0333
15.1963
15.4085
13.9993
15.6548
15.0523
14.6676
14.7920
14.3550
16.6660
15.4722
16.1448
15.6415
16.6404
15.7530
16.3601
15.1354
15.6900
15.4186
15.2549
16.2948
15.1341
15.5267
16.1394
15.7897
15.2275
15.1236
13.3423
14.7512
14.5289
13.6565
15.8633
15.7900
15.7913
15.1558
15.0752
15.5733
16.4880
16.8530
15.5446
15.6464
14.6748
16.3406
15.9359
14.3435
17.1427
17.3773
16.0226
15.8552
16.0768
16.8886
16.2584
17.7727
16.6187
16.0695
17.0458
17.0739
17.9758
15.4294
20.0155
17.0853
15.9053
15.9569
16.0775
15.2929
15.9017
15.9406
16.9353
17.9099
19.3902
14.5657
16.6131
15.8165
15.7930
16.1423
16.5034
17.4508
16.0819
16.1413
18.1656
15.4868
14.5732
16.0661
18.5912
16.8847
16.6711
16.6162
17.3424
15.2368
16.7517
16.3572
16.5636
18.4658
17.2990
17.7153
19.2625
15.4450
16.4963
19.0773
15.2117
17.6721
18.0400
18.1376
19.1442
15.0850
17.0833
17.3877
17.4452
17.2765
17.4238
16.3285
17.7605
18.1971
17.8157
20.1392
17.8726
18.0997
16.0735
16.8604
16.5094
14.8535
16.9312
17.6369
17.2829
18.5810
16.9430
19.8625
16.1875
16.3463
15.5332
16.8297
16.9141
18.1977
17.7079
16.1897
17.2299
16.8809
17.8931
18.4443
16.1207
17.8676
17.7150
18.3380
16.9807
18.1859
16.1025
18.4209
18.8195
17.2285
