11.8725
11.1560
12.1121
9.8335
12.6995
11.6666
11.3674
13.1323
13.0473
12.4451
10.8286
11.8355
10.2066
11.4018
11.0857
10.9822
11.0758
12.4461
12.0181
13.2378
11.7146
13.4804
11.6252
10.4453
12.6463
11.1682
11.5905
10.7970
10.4842
11.5678
11.9854
8.9487
10.4198
10.9010
9.8627
10.4383
11.5728
12.0866
11.3833
11.7126
11.4333
10.1770
11.8295
11.4347
8.9815
11.5582
11.1274
9.9196
11.2711
10.3942
11.8114
12.8548
11.2408
10.9955
11.2431
10.5376
11.2392
11.1700
10.3049
12.9014
9.7612
10.1132
14.6742
15.3017
15.3228
14.9361
13.1868
11.7603
14.8691
13.1601
12.0107
14.1244
16.7262
15.7772
15.0572
14.9444
14.7099
14.3352
15.9075
12.8921
15.2106
14.1456
16.1298
15.1587
14.6207
13.8832
15.8499
16.1981
14.3908
14.8920
15.0273
14.9716
16.0731
15.5043
15.6157
13.2380
15.9419
15.5227
15.7300
15.3287
15.5838
16.4022
15.0439
16.7074
17.1481
14.7870
17.1497
13.5761
15.8367
16.6029
13.6530
15.3447
15.2774
15.7555
15.5141
14.9476
15.3002
16.2484
13.5870
15.3430
13.4543
13.9404
16.9747
15.1707
14.2237
18.0434
15.0206
12.7414
15.3814
13.7759
16.0010
15.3098
14.5439
14.6650
16.5613
14.3962
16.0973
15.5130
14.9041
15.7432
17.0055
14.4173
14.4178
15.6205
14.8398
17.1109
17.1156
15.7799
14.4668
13.8393
14.7281
15.4196
13.7144
17.5730
14.4737
15.8720
14.2279
13.9671
14.3289
15.2041
15.3538
17.6072
13.8234
16.2785
13.7061
14.7253
14.9300
16.4593
14.1124
17.4390
15.7349
16.2817
14.2682
13.2748
14.3344
14.6685
15.0067
15.6237
14.3233
15.2262
17.5388
15.4141
15.5597
17.1892
13.9179
14.4885
13.8909
13.8062
14.0825
17.4031
15.7937
16.0302
13.9348
13.9514
16.2944
14.1216
14.3504
15.2370
17.6435
18.2501
