2.0492
2.3695
4.0409
4.9980
6.3057
6.2376
7.7338
5.4815
5.0189
6.9772
5.8234
4.8857
5.2613
6.3011
4.9906
5.7037
4.9197
5.2945
5.4238
4.4762
5.3086
5.1889
5.1039
4.5394
4.6697
4.7182
4.6195
5.5527
4.6780
4.8283
5.2076
5.6734
4.3552
6.3137
4.6272
4.1735
5.1183
4.1307
3.6350
5.8430
6.1086
5.0400
4.5092
4.3006
3.4729
4.6098
4.5294
4.1909
4.7156
5.2510
5.0533
4.5255
3.8866
4.6775
5.1072
4.6585
6.2641
4.1411
4.5480
4.8513
4.7493
4.5638
4.8236
4.4485
5.2439
3.9174
3.9144
5.3180
5.1635
4.2477
5.0854
5.9352
5.4745
4.1916
3.8160
4.0202
2.8753
4.3665
4.3680
4.1876
4.6540
4.5937
5.1434
4.1851
4.0061
4.7622
3.6068
3.9264
4.9172
5.4011
3.4207
3.6896
2.9879
5.0856
4.0035
4.2154
3.9148
3.8475
4.3334
4.1330
3.2953
3.8303
3.7151
3.5784
5.3334
3.5898
4.5268
4.1770
5.4655
3.2077
5.3447
4.6808
3.6004
4.3037
3.8681
3.5776
4.1975
4.5694
2.7952
5.7122
4.6029
4.0139
3.8638
5.4011
3.8428
3.2894
4.0338
2.9000
4.1453
4.2925
4.3476
3.5295
3.3425
4.4243
2.8641
4.4964
2.8796
4.6989
3.9890
3.8439
4.6380
3.7914
4.6460
4.2604
4.1877
5.1356
4.3969
4.8618
3.9128
3.8804
4.5855
5.0082
5.2808
4.8996
4.0538
4.3328
4.5483
3.8732
4.2279
3.6979
3.6879
4.4188
3.7706
3.9383
3.1347
3.9215
4.1444
3.1999
4.3755
4.1377
4.6674
4.5660
4.4824
4.7837
4.3847
4.4812
3.7331
3.6218
4.1801
2.9958
4.0726
4.4529
3.4934
3.1312
4.7881
3.3317
5.2953
2.4947
5.1070
4.2084
4.1035
2.8696
3.1638
4.0491
3.7125
3.9064
3.4275
4.1993
3.2470
4.0285
