11.3226
14.5733
10.4729
9.9936
8.6796
9.8339
10.3685
9.2434
9.7478
10.2728
10.1643
8.6567
10.8317
9.4752
10.7508
9.9268
10.9825
9.0237
9.8303
9.8414
9.7725
10.3657
9.5616
9.3887
9.7399
10.0219
9.8394
9.0903
9.9986
10.0770
8.4710
10.1420
9.3403
9.6806
10.4728
9.3965
8.2237
9.7389
9.7956
10.2899
10.3776
8.9790
9.3123
8.6107
10.0255
9.7889
9.9306
10.5631
9.0445
10.0944
10.2272
9.6813
9.2130
10.0452
10.1197
9.6067
10.3882
10.2425
8.9416
8.9488
9.7345
9.8589
9.1831
9.8824
9.4299
8.7013
9.2941
9.1278
10.0715
9.2094
9.4227
9.1690
9.6653
9.9088
10.0432
9.6973
8.7226
9.7760
8.7995
8.8945
9.7738
10.5891
10.6372
11.4838
8.9471
10.5024
9.8417
11.3438
10.7552
9.4716
9.6200
8.9422
8.9346
10.3809
9.6746
7.6853
10.6604
10.8648
9.3494
8.2589
9.8493
8.2219
9.6634
10.3611
9.3724
10.0915
10.1886
10.2927
10.1208
9.3493
10.0301
10.0838
9.5628
8.3420
10.4466
10.8441
9.1782
10.9086
9.1031
10.4656
11.1034
9.7109
9.7274
10.7105
9.6297
10.7759
8.7382
9.4434
8.4351
9.5567
10.2822
9.5140
8.3949
10.0756
9.4688
9.6395
10.4881
10.0449
10.0259
10.2112
8.2677
10.9641
8.2512
9.7532
9.4594
10.1730
9.2173
9.2391
10.4192
9.2659
9.2964
9.4946
9.4027
10.7440
10.9063
10.2407
10.4909
10.5651
8.4757
9.2537
9.3730
9.2257
8.6222
9.5082
9.7705
9.5896
10.0784
9.9672
9.3363
9.5896
9.2340
9.4993
10.8981
9.4969
9.3202
10.2766
10.8027
9.7560
10.0589
9.6099
8.9427
8.8215
10.3704
9.0458
10.0855
8.6078
10.0707
10.8190
9.6175
9.2745
10.0793
10.8354
10.0094
10.4827
10.2823
9.2189
8.8228
8.5093
8.2455
9.0928
