2.7661
3.8439
6.0577
8.1418
9.9320
8.9344
11.3535
10.6766
8.7713
7.3825
10.0398
7.0121
9.1325
10.0954
8.1175
7.2730
5.7706
5.5088
7.5316
9.0671
7.1018
7.8214
8.4962
6.9432
7.3248
7.0258
6.3610
7.9157
7.5755
5.1737
6.1309
7.2571
5.7409
6.6015
4.7261
5.5085
5.4834
5.6118
4.6720
5.8201
6.9756
6.0004
8.1055
6.3814
4.2170
6.8391
5.8984
5.6750
5.5502
5.2932
6.7549
5.3834
5.7562
5.7610
6.2734
6.7159
4.8793
4.7876
5.3953
3.8555
6.9205
5.6505
6.4795
5.0031
5.1695
4.4016
6.7049
5.1988
5.0651
4.9677
3.8719
5.1590
4.9890
4.8680
6.6229
4.2173
4.2547
5.2217
3.9364
4.4586
5.8715
5.0596
4.7383
4.0803
5.1386
6.0922
4.3964
5.7444
3.9477
4.9131
5.4439
4.5181
4.1862
4.5908
6.4444
4.1673
3.6428
5.6240
5.0502
5.2646
4.8446
4.8648
8.1158
6.0161
5.6513
3.8775
4.7926
4.5350
4.8566
4.8317
5.8964
3.9953
4.9392
6.1521
4.9727
5.5753
5.7284
5.1514
4.9179
3.8971
4.1303
4.4446
6.1466
3.6691
4.4546
4.5717
5.6371
3.4951
4.9454
4.2755
6.1069
3.8359
5.6011
4.8120
4.9375
6.0024
4.4995
3.7129
4.5923
4.8133
4.4995
4.1241
6.7562
4.6699
3.4826
4.7155
3.1494
3.9024
3.4854
4.1039
4.6088
5.8274
4.5384
3.9073
4.3481
4.2564
3.6072
4.3034
5.3627
4.7022
4.9675
4.5426
4.2741
4.7121
5.6231
5.4786
3.7174
4.1193
5.8025
3.4957
4.6089
3.3895
3.5944
4.9860
3.8106
5.9416
5.6668
4.2863
5.2031
4.3184
5.1599
3.9868
5.1124
5.1755
4.2556
3.7196
4.8568
5.1887
4.4345
6.4249
5.0124
4.0528
3.6661
4.4412
3.0437
4.0349
4.1254
4.8580
4.1688
4.5501
