5.2393
2.8748
3.4589
3.2059
5.5223
6.0980
4.0767
3.8276
4.9799
6.5403
6.0369
5.1403
4.6069
4.6207
4.8122
4.8363
4.6973
4.2302
4.8131
4.8603
4.4376
5.6820
4.4877
5.3855
5.8098
5.1457
4.9513
6.1875
5.5161
5.7289
5.0067
4.2656
4.4133
5.0739
6.0375
5.3083
4.6877
5.0204
4.9584
4.6265
5.0992
4.8825
4.9856
5.2959
4.7970
5.0763
5.0039
5.2474
5.1026
4.9708
4.3142
5.4849
6.9097
5.2884
4.9950
5.2594
6.0600
4.5102
5.7395
4.7581
5.6213
5.3407
5.2155
4.9227
5.4492
4.8203
5.6724
4.8243
4.3934
5.0243
5.6704
4.9292
5.2982
6.4269
6.0064
4.9578
4.2726
4.4781
4.0086
5.9657
4.6412
5.1028
4.6752
5.1194
5.0407
4.8597
5.9878
4.9935
6.5192
6.6521
5.0316
5.8619
4.7481
5.4141
5.4304
3.8987
4.8725
5.9878
6.5558
5.5432
6.1029
6.9469
6.7195
4.7423
6.3548
6.7096
6.3652
6.2697
5.9972
5.0943
6.0601
5.7223
6.1410
5.3249
5.4980
4.5885
5.8626
5.4660
6.2466
5.1541
7.2665
6.9092
5.8620
4.7723
5.6680
5.7366
6.2535
4.9948
5.2030
5.0913
5.0886
5.6101
6.4462
5.5960
5.6759
5.0597
5.2246
4.6077
5.2911
5.4590
6.7809
5.3494
4.4973
4.6165
5.0705
5.3465
5.1838
5.0969
5.1601
4.9926
6.0435
4.0976
5.0596
4.8992
5.1562
5.6787
4.9902
7.7149
5.1809
8.1486
5.3876
6.8622
6.2919
5.8074
6.4947
5.3076
4.7604
5.1162
5.9576
4.6148
4.7091
4.9725
6.2174
6.1171
4.9168
5.0326
5.5808
4.9717
5.8890
7.2007
5.5565
4.7135
5.0711
5.7636
5.1102
5.4283
6.2555
5.8684
6.2671
5.8922
4.5711
5.1447
4.5315
6.2225
6.8093
6.2555
5.0444
5.8667
5.5151
5.7396
