2.8946
4.0065
5.4228
6.9042
5.5025
5.6648
5.2195
4.9162
5.9201
6.2542
6.5946
4.3386
4.8975
5.0957
5.9509
5.9042
5.0518
5.0281
5.1945
6.4434
6.1772
5.6737
5.6785
5.6260
7.6846
7.4554
6.1390
6.9606
7.6754
7.2962
5.6457
6.0053
7.8380
5.6515
5.9179
4.8176
6.2359
6.5182
6.7763
6.0391
6.4417
5.7010
5.3525
5.4879
6.3323
5.9042
6.0577
6.1541
6.1392
7.5308
7.4814
8.2474
7.3701
7.8820
6.9909
7.7462
6.1298
6.9040
7.5348
7.0103
6.0727
6.2703
6.9759
6.8905
7.0783
7.6871
7.6465
8.1800
7.9452
6.4348
7.5968
6.2949
7.3907
7.0884
7.3846
7.5485
5.6869
5.9283
6.2296
6.5325
7.6808
5.9803
7.9486
6.6582
6.2869
7.0557
5.5775
7.4876
7.8169
7.4064
7.2609
6.8385
8.0122
7.1927
6.2100
7.1871
9.2834
9.1432
8.8275
6.9453
9.0408
7.4521
6.8781
7.1077
7.4499
8.1303
10.1802
7.9320
7.1532
7.3616
6.9379
7.4056
6.9218
7.0061
8.0475
8.1282
7.1368
8.0840
7.6407
7.7922
7.5629
9.4216
9.2864
8.2178
8.1322
7.6785
7.5919
7.3062
8.5683
8.7184
7.2300
8.3183
8.7211
7.7831
12.8443
9.5313
7.2965
9.1814
7.6515
8.2096
8.0618
8.9214
6.3329
8.7490
8.1397
8.6063
7.9167
7.1943
9.2056
8.6050
8.4848
7.1783
7.9243
7.5521
7.2688
8.6547
8.7659
8.2416
7.7103
8.3063
9.4989
8.2654
7.8223
8.2108
8.2929
8.3283
8.0574
8.2173
6.8418
6.4509
7.8543
7.2275
7.2816
6.8065
7.5769
9.2858
8.8035
9.0133
7.7729
11.6162
9.2400
7.7818
9.8852
9.3935
9.1525
7.3791
9.0308
9.0974
7.6114
7.8574
8.8776
7.9719
10.3685
9.5345
7.9030
8.6099
9.9420
9.1221
10.2181
7.7645
