5.7755
6.5746
10.0969
12.1137
13.7569
15.0614
15.2981
15.7135
16.9645
16.8984
20.2088
25.1580
28.4120
27.3935
27.8303
29.5450
31.0947
31.6218
31.1674
34.2113
32.3906
34.2417
33.8538
32.9187
30.9352
34.8321
33.2723
33.4917
36.4846
35.7407
34.4179
34.3045
36.5179
36.9274
37.6440
35.9724
36.8061
35.9312
37.3961
37.4578
38.5790
37.7312
37.6492
38.4145
41.9302
38.7401
35.2964
37.6522
40.0350
37.3187
38.1684
39.7324
39.9265
37.8719
38.0470
37.8336
37.2038
43.6481
38.9666
39.5417
40.7845
42.3891
40.0111
41.5688
38.6760
39.1955
37.8421
42.7164
38.4055
39.6071
44.1700
39.7999
38.7026
43.6593
43.4237
43.5815
39.0084
44.6269
44.7709
42.4777
41.8506
42.5902
42.1161
42.3863
42.2694
41.5539
36.8897
42.0348
44.3411
42.0418
40.6887
41.4355
43.8890
42.8885
45.3245
43.1684
45.1733
44.9915
48.1960
44.3710
46.7159
41.5072
42.8989
44.0133
45.2824
42.7959
47.8992
44.7714
44.4917
45.8623
50.7916
45.6756
49.1093
42.6471
45.5365
46.5364
44.8844
44.0623
44.4611
45.2768
45.5276
43.5781
47.0265
45.9609
43.4429
46.4532
41.4035
48.3598
47.3188
50.6701
44.6349
48.2595
46.4612
48.6764
50.8550
45.3204
47.8133
47.9434
45.5847
42.8568
49.8254
55.9122
43.2903
50.6444
49.2942
53.4654
57.7260
50.3390
49.2326
46.1150
46.4097
47.9237
47.7044
54.6787
51.5053
52.3875
50.6822
52.1625
49.1353
51.2679
51.1696
47.9041
48.2287
52.9653
52.2948
51.1024
50.6557
49.3107
47.8473
59.6915
50.6016
44.6219
47.2455
53.0309
50.3800
47.1298
64.7111
45.2530
51.2324
54.9289
25.3785
21.1424
17.9068
19.1171
25.1746
22.0533
19.0146
24.6509
19.1915
20.1632
22.5517
20.3033
21.4843
20.2717
20.2605
23.3927
25.4784
18.3277
26.5643
20.9570
