17.9422
12.3374
11.4172
12.5737
9.4975
10.5482
9.5310
11.3956
11.8549
8.5864
10.2129
10.6696
8.9426
9.5980
8.7861
8.3915
9.6783
8.9896
9.3017
8.7189
9.2941
8.9478
9.2674
7.6517
7.6027
8.8804
7.6787
8.9754
10.7363
9.1772
9.0642
8.6453
10.0076
7.9901
9.2979
7.7337
8.6498
9.0951
8.3626
10.2708
7.8296
9.5720
9.8015
9.6112
9.0358
9.4629
9.7242
10.2343
8.7135
7.9203
9.4238
9.3542
8.6714
8.6857
8.8564
9.1745
8.2789
8.7630
9.3084
10.0299
9.7499
11.1290
8.8809
9.3974
8.7018
8.5771
8.9274
8.9121
9.4976
8.8314
8.2894
8.2068
9.5203
7.4162
9.1159
10.2265
9.4586
9.4375
9.3405
8.5292
8.4115
8.9394
8.9471
9.0685
8.5410
7.9957
8.8660
9.7299
8.5364
8.7278
10.6206
8.7844
9.6838
8.1486
9.6113
9.5975
8.4984
8.8233
8.8244
8.0323
10.4311
9.8785
9.9628
8.9661
8.7927
7.4106
8.8109
9.4765
9.4449
8.3914
9.3968
8.7639
9.4016
8.9043
7.7633
10.0023
8.6707
10.1268
8.2025
9.0488
9.3088
10.1379
9.5412
6.9003
9.6539
8.5409
8.1615
8.1406
8.0440
8.3923
8.2450
9.1017
9.2309
9.8453
9.0757
9.3261
8.6403
7.8365
9.5700
9.9130
11.3614
9.6124
9.1912
8.8850
8.5393
9.1238
8.9190
9.9837
8.3745
8.7781
11.5590
9.0063
9.4518
9.6404
9.4296
8.1614
9.6040
9.2049
8.7474
7.6495
8.1827
8.7132
8.8583
7.2092
8.5482
7.9302
8.1093
9.5245
9.3756
9.6856
8.5020
9.3785
10.2089
9.4660
8.9806
8.0355
8.2946
8.6485
8.6676
9.6723
9.0120
8.8561
9.1748
10.6182
8.4136
9.1602
7.4660
10.7395
9.0170
9.7568
7.7503
9.2348
8.8544
9.2180
8.3606
10.0321
8.8703
10.6404
7.0709
10.7097
