5.2862
7.4376
12.6925
13.1250
8.4743
8.4050
10.5364
11.8659
11.1025
10.8993
10.1058
9.7354
10.9107
10.9713
11.7371
11.4679
10.4526
11.4221
10.2463
9.9154
10.4319
10.3609
10.0351
10.4458
9.3957
10.2443
9.7131
11.2329
10.9408
10.4627
11.2327
11.7088
11.2397
9.4338
11.2000
10.9433
10.9686
11.6389
12.0243
10.3875
12.1605
13.7068
11.2438
11.1296
10.0556
11.1873
11.7392
11.9306
12.8052
13.8027
11.6935
10.3535
10.7206
11.9379
10.8699
12.3030
12.3388
11.3680
11.2372
11.1952
10.7222
11.7242
11.8808
12.5311
13.8387
13.0148
14.4170
12.8182
13.5459
11.0826
11.3393
13.3120
11.4233
12.2571
12.8894
12.4298
12.0893
14.1934
12.9264
14.2363
12.3321
14.0915
12.0355
15.1585
13.8035
14.3815
12.1487
13.8506
14.5180
13.5688
12.8171
11.8493
11.6482
14.2142
14.1873
12.6200
13.7899
14.3630
12.3510
13.1099
12.4984
11.8480
14.6801
12.4079
12.0159
13.3458
11.0746
11.6973
12.1565
15.0818
13.1861
13.7699
12.4680
14.1651
13.7214
12.6435
15.3618
15.8124
12.2569
11.6351
13.7035
11.5650
12.3849
13.3732
14.0526
15.2771
12.4256
14.2312
13.3453
13.6950
14.4243
13.5364
15.0795
12.4333
13.2903
13.8622
14.6099
14.3606
14.0453
17.5198
13.1743
14.2588
14.7484
15.6472
13.1225
12.9112
13.4543
12.0583
13.9467
13.4367
13.8313
14.9767
14.2516
13.7085
14.0507
14.0055
15.1226
14.2780
13.8916
11.8105
16.0309
11.6521
12.8866
13.4030
14.7903
14.4793
13.8514
15.8310
14.7085
14.7827
14.4632
14.7724
14.4761
16.4204
14.9454
16.0426
13.3731
12.9353
12.3162
14.6929
12.8299
14.2077
13.2353
13.7383
12.8051
15.6947
13.9814
14.2261
15.1050
16.0801
15.1553
15.2512
12.0596
13.8512
14.1373
16.2008
15.0905
14.3386
14.2125
15.5214
