5.8934
6.3810
9.2895
10.9481
12.2742
17.3629
13.3761
13.7886
14.1778
13.4192
15.4997
14.7114
14.9861
15.2360
15.6714
13.6531
14.6685
15.3533
16.0920
15.0855
14.9435
15.7262
15.7441
15.2125
15.3526
15.9065
16.6229
17.0182
19.0365
17.1694
15.0690
17.4898
16.8284
17.8444
17.1791
15.9951
16.2390
17.9358
20.7313
16.5112
18.0320
18.0060
16.2596
16.6529
19.7109
18.2548
19.0571
17.3224
16.1965
16.9267
17.9756
18.5347
17.2637
19.3237
19.4850
20.1428
21.0745
17.9677
23.1665
17.7696
23.4209
18.5070
20.8485
20.9312
18.7029
17.8309
19.9864
20.9563
20.0034
18.0687
19.3039
20.1280
18.8852
18.5339
21.6933
23.9470
20.0108
20.3869
24.8395
15.8642
17.1745
17.6397
19.0921
18.7334
19.8931
19.9054
19.3326
18.3546
20.1439
18.3258
17.2785
16.8618
15.1438
17.6309
15.4907
16.6996
17.4811
17.7703
19.7971
16.9830
15.3521
17.8945
16.1639
22.0482
20.9795
19.1873
20.0554
19.8579
19.3892
16.6149
17.6768
19.2793
20.3867
20.1268
19.8027
18.0763
20.8654
17.8942
17.8765
18.8290
17.4788
16.5563
20.3261
18.5994
17.2659
21.2843
16.6633
25.4577
23.5979
18.4749
19.0690
17.7570
22.4439
22.3982
17.6638
18.8965
21.4263
21.0343
20.3927
21.0596
21.5392
19.0447
19.0056
18.5667
20.7485
19.9803
22.6782
21.7211
22.1698
18.9939
20.5853
19.7083
22.4009
20.2125
17.5553
18.7006
20.2550
15.7138
18.6793
17.7210
31.5984
17.1686
18.8043
17.8376
18.6522
18.2625
19.4089
21.2040
22.4914
22.1549
16.6980
23.9573
18.0302
19.1680
23.1514
16.7782
20.2334
17.3942
21.1333
21.3707
20.7025
32.0069
22.8472
16.2492
17.9255
19.8764
19.4004
16.4037
20.4918
20.9840
19.3870
18.6446
22.1944
19.7687
21.2062
20.8367
21.1983
17.5204
21.2767
28.7432
