2.9530
4.8166
7.6449
11.3492
12.5411
14.6886
14.0965
15.6748
15.5547
14.0993
15.3501
14.3892
14.4974
17.9153
14.9407
15.8357
15.0778
16.1803
16.3920
16.9355
16.2061
15.8251
17.4087
17.1561
15.0908
15.3071
16.2493
14.9752
14.6563
14.5735
14.3722
15.3434
14.6759
15.1203
16.2229
15.3521
14.8639
14.3884
14.8709
14.2334
15.4446
14.5611
16.1282
14.8933
12.7949
15.6977
15.0656
15.8001
13.5078
16.0063
13.3096
14.7348
12.6026
12.8984
13.5773
13.4041
14.4214
15.1406
14.5987
14.0540
13.6338
13.3018
14.5594
12.4405
14.0219
15.7902
13.1819
13.5420
12.8387
13.6975
13.3469
13.4633
12.4678
13.2742
14.6318
12.2970
13.9812
12.9533
13.1689
14.1045
13.9639
12.9595
13.0191
13.6531
12.6740
12.5075
13.4797
12.1311
13.8385
12.4969
11.8434
14.9864
12.8021
11.7404
13.7042
13.5091
14.2046
11.6673
11.9272
11.1465
12.9348
11.9975
12.5342
13.2405
13.3642
12.9846
13.5621
13.9826
12.5062
12.8624
11.8666
11.7093
11.9030
13.9531
14.6057
12.2107
12.5489
13.7813
11.9934
12.1356
14.5418
14.5453
12.4340
11.8897
11.8921
12.2887
12.5787
13.6309
12.8706
13.9473
12.9657
12.4774
11.1535
13.7847
11.1526
12.9324
12.6559
12.0537
11.1957
11.5702
12.8568
12.0670
12.1574
11.4205
12.1663
11.3275
12.3004
13.9410
11.6881
13.9347
12.1018
12.4685
13.7340
12.3565
13.7820
11.4314
11.0113
13.2384
12.6865
12.6103
13.1733
13.9964
12.5889
12.7830
13.4875
11.1433
12.1927
12.6014
13.1281
12.4767
11.5033
13.7230
13.1681
12.6511
10.3929
12.7610
12.3726
12.9496
10.4742
11.3114
13.4444
13.3730
11.4577
10.2233
11.4229
13.6920
12.0150
12.0807
11.3375
12.4276
11.6603
13.0656
12.2810
13.0255
13.0001
12.0072
12.3733
13.0444
12.8304
10.6246
