2.5853
5.3771
7.1703
8.0260
8.3676
9.6165
9.6286
8.0492
9.9931
12.5138
9.0113
10.0151
12.2881
8.5501
10.6494
8.3456
10.3049
9.3018
10.8207
9.9420
8.3663
10.7668
8.8874
11.0275
9.1802
10.3217
11.0752
10.4340
8.6299
10.6349
9.8686
9.1225
12.6235
10.2165
9.4767
11.2495
10.2303
9.6301
10.3664
9.9749
9.3255
9.8917
10.3986
8.6218
12.6826
10.5312
10.1025
10.5323
11.6012
8.9244
10.2797
9.9965
9.6543
9.7896
11.7922
10.0725
9.4693
11.7588
9.6380
7.9320
10.7634
8.8095
10.3993
10.3726
10.4942
8.6201
9.5247
10.7318
9.1516
10.0716
9.3295
10.8419
10.7622
10.6010
10.1735
10.0685
13.0073
9.9256
11.8391
9.1857
9.9406
11.9074
12.9958
9.8385
9.7096
10.6262
9.1176
10.9531
7.9051
11.6728
10.3400
9.3857
10.9205
11.5999
11.3801
10.0520
11.9976
10.3561
12.2824
9.1285
11.1616
10.4281
10.3116
11.3846
9.3969
11.1314
10.4305
10.2344
12.0119
11.8680
10.0401
12.1006
12.4496
11.9316
11.5440
10.4866
9.9734
12.8679
9.6507
11.3092
11.6525
12.8938
11.3179
11.8408
10.9786
9.9291
10.8539
10.1857
12.5425
10.7415
10.3279
13.4017
11.7179
12.7405
12.9184
11.9016
13.3507
11.2977
11.6986
11.6770
10.3434
11.1503
12.5564
10.1800
10.3777
11.5926
10.4705
11.8353
11.9588
10.2053
9.5067
10.5756
11.3177
11.4420
10.4019
9.3913
11.7492
14.1197
9.7761
12.3817
11.2646
9.9699
11.0516
14.2040
12.1868
11.9039
12.2817
12.8596
10.9265
10.9568
11.3555
12.3280
11.3258
10.3078
14.2121
15.1915
12.1778
10.2498
11.5511
11.8381
13.5516
12.9500
12.4551
10.3122
11.3021
10.1917
10.7997
11.8553
11.2555
13.1812
12.1427
15.2737
11.0895
11.9538
12.3451
12.0246
11.7338
10.0681
12.4548
14.2015
