1.6610
7.0202
6.2847
6.1035
5.7212
5.5075
5.4204
5.1258
5.4377
5.2957
5.1875
5.2561
4.7276
7.5171
11.8259
13.7842
13.9866
14.4882
13.6573
14.7710
13.9800
13.9042
15.1720
14.9418
15.0354
15.1888
15.4689
15.2564
14.7725
14.4982
14.6303
15.3475
14.5251
14.8595
15.4203
15.7446
14.5978
14.6022
15.0279
15.0551
15.1446
16.0055
15.3331
14.9516
15.1059
14.9663
14.6490
15.3534
15.3480
15.1544
15.0640
15.0023
15.1306
15.7037
15.1396
15.0141
15.0826
15.5313
13.7942
15.6276
14.7742
14.7563
14.6667
15.1865
14.3381
15.5466
14.9628
14.8963
16.1157
14.4587
15.5254
14.9211
14.9255
14.9645
14.6798
14.6332
15.1048
15.4441
16.0177
14.7764
15.1258
15.4589
14.9311
16.0972
15.4906
15.3455
15.9286
15.1007
14.9622
15.5823
15.7949
15.3580
15.4735
15.0693
15.0211
15.4823
15.2985
15.7105
15.0975
15.2255
14.6621
15.2359
15.4516
15.4334
15.7294
15.3372
15.9067
15.4327
15.1169
15.0949
16.1586
14.9731
16.3533
15.1379
15.2824
15.1973
15.7410
15.6856
15.2920
15.2580
15.4722
15.9262
15.0662
15.3062
15.4321
15.6273
15.5971
15.1611
15.8729
15.9659
15.7828
15.4421
15.1177
14.9516
15.1380
15.5520
15.2095
15.6128
15.5089
15.4804
15.9501
15.5267
15.7321
15.7833
15.0910
15.2368
15.8073
14.7261
15.6408
15.9572
14.9102
15.8667
15.9589
15.5949
15.8314
15.8565
16.0835
15.5741
15.5973
15.7155
15.6766
15.1672
16.7621
15.2948
15.0289
15.9213
16.0252
15.9188
15.3247
15.4603
14.9520
16.0779
14.7254
16.3246
15.6370
15.0815
15.3028
15.7020
15.2171
15.4822
15.0954
15.4397
15.2598
15.9718
15.3489
15.8820
16.0072
14.9728
15.1437
14.5388
15.6409
15.4666
15.0151
15.2607
15.8102
16.0154
14.8582
15.4327
14.9193
15.8091
