17.8328
15.1193
10.1974
8.0567
8.0265
6.2471
5.6938
6.6820
6.2510
5.5763
5.6280
4.7453
4.8696
4.7231
4.2747
4.6010
4.0114
5.4825
5.0610
5.5315
5.1051
4.3892
5.1038
4.4654
4.3915
5.2308
5.3855
4.3232
5.3533
3.9614
4.7509
5.1830
5.0132
6.9240
3.9770
4.3397
5.3983
5.1831
5.0397
4.5190
5.6824
5.2564
4.6632
4.2382
4.6387
3.8631
4.5129
4.1896
5.2394
4.1267
4.6793
5.3253
4.7900
3.9975
4.8293
4.6953
4.5579
4.5561
4.4206
4.1883
3.9530
3.3079
4.7268
5.0027
4.6127
4.2701
4.9756
4.2718
4.7616
3.8648
5.2301
3.8303
3.8281
4.1832
3.4568
5.3077
3.9914
4.3870
4.7531
4.6403
4.0175
4.1870
5.1475
3.8967
4.6799
5.1521
3.5052
3.9219
3.3078
4.0118
4.3571
3.9890
3.3703
5.2991
3.7463
4.4600
4.6331
3.8264
4.0098
4.8360
4.2661
4.8901
5.2704
4.3721
3.5760
5.4296
3.9140
3.8166
3.8088
4.4822
3.9772
4.5993
4.4798
3.8814
4.1452
6.1526
4.2254
4.4057
3.4780
4.1969
4.0357
4.8240
4.5760
3.2384
4.3738
4.0274
4.9685
3.8163
4.2028
3.7311
3.5334
3.6812
3.6835
5.6262
4.3831
5.2484
3.4858
4.4431
4.9596
4.2180
4.1553
5.5909
4.3916
4.3676
3.9951
3.3136
4.1345
4.0679
3.4470
4.9395
4.0475
4.2310
3.7873
4.9901
3.3894
4.1374
4.0896
4.2589
3.4061
4.7134
3.9485
3.7338
4.1936
4.6062
3.3385
3.1266
3.3387
5.1256
3.0958
3.5226
4.9746
3.6925
3.6580
4.3468
4.5095
4.7789
4.6741
3.7751
4.0985
3.7953
3.5605
3.7577
5.3919
3.9575
4.5313
4.2153
4.0327
3.4091
3.3841
4.0290
3.0703
3.8465
4.6934
3.5930
4.3218
3.9236
4.4218
3.7407
4.9957
2.8867
