3.1250
3.6952
4.8332
5.7828
7.7861
6.5009
7.2801
7.1496
7.1878
6.9132
6.2403
7.2057
6.9080
5.6868
7.0333
5.7525
5.6859
5.5953
5.3495
5.2390
8.1641
12.9606
14.1532
13.3719
14.3354
13.1076
14.7772
16.8317
12.5416
7.6877
7.7253
8.8194
8.8859
7.8191
8.3837
9.5231
9.1171
9.1285
8.9972
10.2068
9.0393
10.6757
7.1774
8.2456
8.7643
7.7529
7.8012
7.5209
8.9200
7.6545
7.7069
7.7801
8.3574
6.0493
8.4515
6.7245
6.9597
6.8841
6.2036
5.7199
6.9879
6.5060
6.8179
6.1556
6.7240
7.0895
6.6027
6.8325
6.9139
7.8226
7.1540
6.3824
7.1319
6.1130
6.3116
5.4908
6.0673
5.4584
5.2894
5.1001
4.9506
6.7460
7.2765
6.7746
5.5409
6.8109
7.1554
6.8085
6.3603
6.4666
5.6085
6.5725
6.2478
5.1627
5.0057
5.5092
6.0196
7.2920
6.5576
5.1192
5.5780
5.2376
6.1005
5.9880
5.6999
5.8263
5.7071
6.4928
5.7700
6.0806
5.0698
5.3817
6.2293
5.6924
4.9957
6.4285
5.4292
5.9559
6.2504
4.7858
6.3272
6.3115
5.1805
6.2997
3.7009
6.1435
5.7250
5.1245
5.3980
6.3460
5.9008
5.7287
4.9214
5.8230
5.2550
5.6760
4.7289
4.6915
4.0769
5.5198
4.5819
4.6496
5.9615
5.1671
5.2491
4.8336
6.0891
5.4609
6.9777
5.0686
5.9316
6.2250
4.5409
4.3641
6.0088
5.5551
5.2322
5.5411
5.6654
6.1506
5.7076
4.9325
4.7844
5.3762
6.4531
5.7778
5.7901
4.7856
6.0717
5.5198
4.7008
6.3362
5.7908
5.3757
5.2723
7.1935
5.4189
5.2718
4.7150
5.3083
5.8245
4.9206
4.4297
5.9233
5.6160
5.2781
5.3694
4.8350
5.4650
5.2920
5.3067
7.4391
5.8826
5.9971
5.1295
5.0967
5.3562
5.0455
4.6329
4.8163
