1.8394
3.3392
3.6628
4.9982
4.7439
5.9937
6.7249
9.4070
7.7157
8.6246
7.1583
7.7411
7.0798
6.6015
8.6034
7.0637
8.2039
9.1201
10.1033
12.0181
9.5125
9.3887
10.3584
7.9757
8.9354
10.9187
11.6391
8.5238
8.4323
11.5379
10.1221
11.5078
12.6622
9.4160
10.6576
10.9504
12.0013
12.0394
12.8667
11.7536
9.5938
10.5013
14.2402
12.1435
10.9252
11.5608
12.3312
13.2608
11.4130
11.6404
12.8382
11.8799
12.2127
13.6721
12.7252
16.7759
13.2017
13.3578
10.7823
11.5664
11.1982
13.6693
11.2567
12.2314
10.9806
12.3908
12.3238
11.7519
11.6319
11.2949
13.0501
14.2175
10.3253
14.2867
11.6483
14.2101
10.9612
13.2218
10.0485
16.9480
14.3620
14.7235
14.2095
18.0779
12.8194
9.7688
12.0169
13.9862
10.4004
9.8944
11.5226
15.0149
11.7592
12.1237
13.3034
12.8248
12.9469
12.6706
12.8894
14.4845
11.9934
12.7191
14.0684
13.7533
11.7857
12.6970
14.3022
12.5507
13.3727
14.8715
15.7014
9.7560
13.3382
15.0736
12.9868
15.3384
15.6850
15.6050
15.6288
15.2824
15.4751
13.2543
17.2741
18.7121
14.8449
12.4324
14.4323
13.0797
15.9225
17.5436
10.2981
10.2290
14.4769
15.8634
13.5339
12.6326
12.3424
15.0468
16.8609
11.6028
16.3118
12.1706
16.6812
18.6663
18.8066
16.7506
19.0417
17.5758
15.3972
18.7319
13.3996
13.9253
22.0826
19.4284
16.5577
14.3863
14.2425
17.0801
17.5386
18.6089
16.1849
18.0287
17.7971
15.5240
17.8109
18.5769
16.9676
15.1663
19.6762
24.2589
19.8757
17.5368
18.3650
15.8965
22.6404
16.9293
18.5802
14.7416
19.2208
24.9912
26.1509
23.2844
21.1483
16.3797
20.0083
13.7034
18.5876
19.6699
18.4283
18.3627
19.4764
16.0506
16.8344
18.7379
15.6726
17.3306
19.7583
16.2242
17.7756
14.0325
