1.5746
2.6371
3.6786
4.2038
6.7182
6.1465
5.9314
5.3996
6.2951
6.2802
5.6882
6.2807
5.1799
4.3833
5.2133
5.7486
5.9055
6.6809
4.8716
5.5644
5.6441
5.8406
5.0490
4.7496
5.4918
5.2255
5.3857
4.4713
4.7974
5.1480
4.8074
3.9216
5.3290
5.4862
5.5146
4.3144
5.0820
5.7786
5.2465
5.0956
5.0268
5.4091
5.1114
4.9498
5.0698
4.7454
4.5607
4.6374
5.2519
5.5118
4.5496
5.3669
5.4232
5.3445
5.2204
4.6989
5.1481
4.8988
4.9326
5.4420
5.0275
5.2403
5.1439
4.7136
5.1007
5.3210
4.6945
5.3568
5.2432
5.0227
5.1806
5.1216
4.7805
4.8964
4.3676
5.1461
4.9014
4.6622
4.8953
5.1222
4.4497
5.2766
4.7796
4.4497
4.6012
5.3898
5.5801
5.2515
5.0332
5.0410
4.6431
4.4378
5.1247
4.8642
5.2338
4.6875
4.5864
4.6390
4.7516
5.0800
4.4873
4.8184
4.9580
5.2598
4.3955
4.8181
5.1289
4.7943
4.3186
4.1153
4.8857
4.5444
5.0759
4.4281
4.3553
5.0248
4.4446
4.6866
4.2728
4.4403
4.6096
5.6016
5.2252
5.2728
5.1291
5.4865
4.8010
5.5800
4.7565
3.9621
4.7985
4.6635
4.6377
5.4346
5.2685
4.9623
5.0811
4.7655
4.4820
4.6608
3.9840
5.4635
5.1686
4.3636
5.1768
4.7235
5.4468
4.9759
4.9352
4.5761
5.0363
4.4295
5.2784
5.0391
4.6887
4.6804
5.6918
4.4412
6.2835
4.4084
5.1454
4.9354
4.4805
5.0480
5.2320
5.5672
4.8285
4.1969
5.3770
4.4446
4.7301
4.6608
4.8697
4.5361
5.4239
4.7100
4.7394
4.8599
4.7978
5.6475
4.7620
5.1848
4.3714
5.3896
4.6951
4.4412
4.2986
5.3090
3.7719
4.6057
4.8242
4.6581
4.4975
4.4973
4.0890
5.1636
5.6559
4.9360
4.9544
4.6185
