20.6173
10.3294
8.8809
8.0638
8.4049
7.7783
7.2281
7.6728
7.2163
7.6059
6.6836
7.9739
7.4466
6.2355
6.9553
7.1062
8.2417
7.3217
7.7045
6.4729
6.9177
6.6925
6.7649
5.8886
5.7159
6.5755
6.0118
6.5900
6.6040
5.6766
5.9457
6.6513
6.9515
6.7473
7.0186
6.8208
6.7198
6.9561
5.8276
6.7700
6.1896
7.8155
6.1365
5.7815
8.3044
6.1487
6.7230
7.5485
6.3792
5.8428
6.5548
6.9029
7.2985
6.8108
6.0644
5.8432
5.8502
6.5095
5.7479
6.9196
6.1122
6.0937
6.8467
6.2119
6.9593
6.2754
6.6323
6.8791
5.8037
5.4861
6.6865
5.9884
7.0932
6.9639
7.4710
6.7949
7.5742
7.4027
6.0797
6.1796
6.4885
6.5283
5.9465
6.4650
6.1662
6.0697
6.5825
6.8420
5.6471
7.0805
5.6343
6.2092
5.2304
5.9143
7.6203
7.3927
6.6772
6.2900
6.7957
6.4770
6.1127
6.8596
6.7968
6.0201
6.8494
6.1259
6.4365
6.7621
6.2836
7.7724
7.3765
7.5133
6.0116
6.9871
6.1463
6.8155
5.9619
5.7248
6.4008
6.1698
6.6544
7.0768
5.5129
6.5385
5.7995
6.4879
7.5419
6.8732
6.6484
5.8164
6.8678
5.6896
6.5160
7.3282
5.7449
6.4057
5.9522
6.0724
6.4754
7.2432
6.6058
6.1374
7.7502
6.3643
6.0486
5.8598
6.6959
6.7680
6.8041
6.5365
5.3643
6.5890
5.8058
6.5123
7.2476
5.7086
5.7961
6.2069
6.6047
6.3732
7.6797
6.8070
6.0693
6.8237
6.8670
5.9841
7.0913
6.6257
7.1426
6.1043
7.3031
6.0710
6.7666
6.2177
6.7473
5.6496
6.4419
5.8831
6.1160
6.8468
7.3216
6.6120
6.6345
5.7236
5.5937
7.0560
6.2466
7.6781
6.9084
5.6791
5.9746
7.1396
6.5960
6.4781
6.7956
6.4994
7.1143
6.2878
6.6555
7.4925
