2.3758
3.4655
5.3495
7.2357
5.6820
5.0358
5.3319
4.3144
5.2157
6.0698
4.7733
4.8967
4.8695
4.7225
4.6451
4.0103
3.9931
3.4760
5.5690
3.4487
3.1640
5.0041
4.1155
3.7452
4.0675
3.9055
4.6701
3.9855
4.4551
4.6594
3.4808
3.8197
3.5780
4.2319
3.8426
4.3726
3.2103
3.1026
3.7790
4.3920
4.7929
4.0809
3.3782
2.9353
3.8128
3.0769
3.9601
2.8016
3.0856
3.5112
3.8275
3.9612
3.4733
3.6818
3.1564
3.7329
4.1234
5.5437
4.2395
4.1167
4.9395
3.2961
3.7377
3.8354
2.8998
3.4401
3.3445
3.3411
3.6735
4.1312
3.4237
3.0760
4.2328
3.0661
2.6197
2.6993
3.7162
3.1220
3.0396
2.8347
3.0736
4.1839
4.4664
3.4338
4.3952
3.0871
2.8926
3.1506
4.7027
2.5859
3.2146
2.9791
3.0535
3.5236
3.3766
3.2095
3.6729
3.7321
3.4510
4.0166
3.5742
4.7346
4.0048
3.5136
2.7680
4.1819
3.6712
2.9992
3.1315
3.8704
2.6716
3.9046
3.6633
3.7197
2.8608
3.1472
4.0991
2.5340
3.0873
3.1247
3.4957
2.8245
3.3383
3.8859
2.9921
2.9363
3.3978
3.7431
2.9621
2.8036
3.2554
2.8783
3.6521
3.2292
3.0586
3.4360
2.3722
2.8250
2.6431
3.8398
3.2712
2.9503
2.9610
2.5963
3.1532
3.1024
2.7140
2.9687
3.3138
3.5288
2.6730
3.8243
2.4608
2.6760
3.7133
3.5233
2.9842
2.7622
3.5053
3.2512
2.9741
2.7144
2.6454
3.2827
3.9503
3.8053
3.0379
2.9672
2.3666
2.8938
2.9580
2.7563
2.8742
3.3529
2.6053
3.7645
2.1728
3.1038
3.6474
2.6841
3.2069
3.1493
3.1315
3.1740
3.4229
4.1995
3.6824
3.6479
3.0229
2.4332
3.8428
4.1286
2.9026
3.4612
2.7740
2.9466
3.4156
1.9735
2.4363
2.7560
