17.4727
10.0144
10.4163
9.0778
8.7430
7.1336
6.7589
6.8561
6.7045
7.3598
7.2419
6.0622
7.0618
5.2346
7.2608
6.2306
7.3089
6.1921
6.6345
7.3260
7.3859
6.0442
7.3242
5.8068
6.2879
5.6954
6.8123
5.7069
5.4635
6.3025
6.7225
6.5197
4.6835
5.8249
6.1050
4.4247
6.1673
4.6199
6.2472
5.5223
5.6315
4.6509
5.4272
5.2141
5.1163
5.3964
5.0778
5.2145
5.4741
6.4679
4.6607
5.1651
5.5132
4.9659
5.6385
4.8609
5.4062
6.7211
5.2313
5.3147
5.3127
5.2219
5.4611
4.2500
5.0946
5.6471
6.9212
5.1852
6.5019
4.8920
5.2737
4.0625
7.0570
4.7269
5.7934
5.9281
4.3182
5.1438
5.8075
3.8928
5.5604
4.6585
4.6118
6.7299
5.9128
4.7399
3.7717
4.5499
4.7723
4.9112
4.7391
5.7399
4.8011
4.4409
4.1014
5.3068
4.5879
4.9756
5.4046
5.3940
4.6078
3.9732
5.5594
4.9159
4.8342
5.1062
5.6062
4.3480
4.2438
5.3069
3.7411
4.5061
5.5573
5.9275
5.6723
4.1066
5.1754
5.5002
5.9154
4.6322
4.4798
4.5875
5.3880
4.9209
4.3282
4.8207
6.0031
5.1951
4.6155
4.7723
5.5505
5.1314
4.3821
4.7772
4.0312
4.3283
4.8903
4.5628
5.6927
5.0157
4.9207
5.0508
4.1408
4.6552
4.4977
4.9446
4.5166
4.8589
4.3520
5.4058
4.7703
3.9952
5.1363
6.4916
4.6784
4.0598
5.1242
4.3869
4.7011
4.9892
4.4012
4.2749
4.9010
3.9647
4.4712
4.7091
4.7811
4.8749
6.2098
5.6030
4.5264
4.9708
4.6429
4.4328
3.6211
4.9927
4.0388
4.9257
5.7411
3.4965
4.5224
5.0311
4.3756
5.2113
4.8122
4.9080
5.3172
5.3883
4.1206
4.0498
3.4484
4.3508
4.3639
4.4454
4.5120
4.3830
5.2976
4.2547
5.2907
4.4228
