8.1981
9.0483
8.8684
8.2351
8.2408
8.8749
6.8012
7.8742
8.2255
8.2302
8.8042
7.5421
8.9495
8.2733
9.3927
9.0781
8.0088
7.8763
10.0524
7.6511
7.1267
7.4207
8.3863
7.5754
7.6233
8.0924
7.8057
8.5822
7.6883
7.8130
8.2757
8.2085
7.7944
10.4756
7.8151
8.6160
8.3268
7.5081
8.5074
8.1053
8.7718
8.5050
8.7943
13.2814
8.6133
8.6516
7.7468
9.3092
7.1689
9.6801
8.0550
7.7794
7.6954
7.8414
7.8427
7.2525
7.0214
8.9331
8.6389
9.0377
8.5035
8.1054
9.0352
7.3251
7.8014
9.8064
7.8216
8.7630
8.6401
7.5971
7.6720
7.6192
7.9931
8.7953
8.1282
8.8149
7.4526
8.5963
7.8973
7.2259
9.6590
9.9548
8.4335
10.1567
10.5543
8.1693
6.8492
9.5275
8.5309
8.1972
7.2148
8.9159
8.1017
8.7568
10.3709
7.8921
7.8980
7.3596
7.7640
8.0716
9.4912
8.0118
8.1758
7.9849
7.5769
7.0765
7.5915
8.5263
7.9457
7.5225
8.1017
7.9084
7.6750
7.6612
8.4461
8.1825
7.6581
7.5690
7.7322
8.7320
9.3844
7.6323
8.9625
7.0561
7.9232
7.5874
8.6169
9.3076
7.1209
6.9651
8.2038
9.1409
8.2435
7.2772
9.1078
8.3823
7.6185
8.9033
8.5508
7.5018
8.6635
8.1690
8.1710
9.1832
9.4119
7.6763
8.4953
7.2908
7.0211
7.9351
7.4981
8.2483
7.5398
8.6228
8.3925
7.6851
8.2998
7.7408
8.4776
10.1772
7.8373
7.9987
7.3408
7.2411
8.4904
7.8485
7.2340
8.4252
7.2706
8.4660
8.9240
7.3323
8.3665
7.9422
9.2513
6.5244
7.8081
8.8970
7.8491
8.0666
7.6727
8.8443
7.3895
8.4425
9.6917
9.3631
7.9426
9.7493
10.4985
9.6543
7.7265
8.1206
8.4300
7.9666
9.5142
7.6345
7.4483
8.5636
7.4389
8.1588
