3.7697
4.3523
6.8061
8.6431
9.7189
10.1690
10.2898
9.9124
9.5225
9.4620
9.0198
10.8437
9.6146
9.5963
9.3521
9.7611
8.5926
9.8538
8.8577
9.1319
7.8926
8.2075
8.7104
8.4309
8.8359
8.2312
8.2582
8.7082
7.4331
7.0966
7.9583
8.2307
7.9005
6.9428
8.3502
7.2814
8.5503
7.8589
7.5364
8.0992
7.6223
8.1658
7.5852
8.3601
6.9118
7.4422
7.1619
8.1176
7.4411
7.2237
6.9278
6.7827
6.4314
7.3658
7.5430
6.3365
6.6839
6.5459
7.2200
6.8103
6.6033
8.8862
7.1596
7.5115
7.5332
6.9443
7.0503
6.9196
6.7402
5.9130
7.1603
6.5931
7.0681
6.3869
6.4557
5.9886
6.5615
6.4406
8.0812
6.8658
6.7338
6.4741
6.4477
6.7882
6.6660
6.6931
6.5855
6.0301
6.0814
6.9019
5.8463
5.8781
5.9658
6.1773
6.7048
6.1793
5.2008
7.5241
7.0897
5.6461
6.7165
6.0190
6.5931
5.8579
6.9079
7.2637
7.5138
7.3033
6.6261
6.7646
6.9639
7.3388
5.7890
6.6118
6.8073
7.4035
6.0676
7.1163
5.7506
7.1559
6.3422
6.1119
6.6518
4.9972
6.6116
7.0074
6.2603
6.6331
6.0614
6.8320
6.5492
6.2121
6.8046
6.0269
5.7860
6.8993
6.4186
6.5107
6.1777
5.9660
6.3943
5.9448
6.7875
6.4544
6.8899
6.2796
5.6988
6.7853
6.7410
6.4336
5.9832
6.8226
5.8560
6.0148
6.7176
6.8256
6.7276
6.0821
5.9760
6.5564
6.6902
7.2292
6.0602
6.3830
5.8815
7.0743
5.9818
6.1970
6.0101
5.5546
6.2374
6.3331
6.9137
5.5800
5.0584
6.0136
5.4181
5.8201
6.9957
6.3164
6.1406
6.1479
6.3606
6.0186
5.4146
5.7575
4.9960
5.6867
6.7866
6.5883
6.6080
6.3319
5.8436
5.7414
6.5383
6.0868
6.0553
6.2113
5.7848
6.3902
