1.8354
3.9161
5.2615
6.0372
6.4730
6.0916
5.5546
6.6917
5.5351
5.9191
6.2941
6.6586
5.5168
5.6286
5.4722
5.8053
6.0969
5.0097
5.5972
5.3283
4.8188
5.6255
5.8777
5.1506
4.5868
5.3703
4.4681
5.5927
4.7206
5.0797
4.6505
4.8984
4.6675
4.9681
4.9636
4.9329
6.2065
5.0798
5.4535
4.4474
5.0127
4.1166
4.9205
4.0566
5.5428
5.0066
4.7445
5.7736
4.7867
4.4593
5.3583
5.2761
4.9363
6.0165
4.0578
4.8037
5.4917
4.8834
5.5909
3.9004
4.3121
3.6176
5.2886
4.6122
4.5810
5.4563
5.0210
4.5047
4.7399
4.4479
4.7047
5.5192
4.7896
4.9532
5.1536
4.2171
5.1741
5.7540
4.3476
3.9941
5.2529
4.1866
4.6513
3.5366
4.3987
4.3696
5.3389
4.2479
4.1641
4.4140
4.2643
5.0290
5.4041
4.5420
4.2689
4.3719
4.5108
3.8801
4.1756
4.5035
4.0975
4.2837
5.2481
4.3073
4.4750
4.8954
4.3105
4.6399
4.6829
4.7754
4.5459
3.6119
4.6849
3.2990
4.6424
4.7028
5.7434
4.8055
4.8294
5.6900
4.5620
4.3541
4.2667
4.6247
4.3246
3.7925
3.9895
3.6324
4.5081
4.4883
4.4317
3.6096
4.3309
4.7759
4.5124
3.1838
4.0829
4.0510
4.4586
3.9053
4.7537
3.9845
4.2009
4.4990
4.9376
5.4176
4.8614
4.6968
4.9839
5.2906
3.8071
3.8227
5.1225
4.0579
5.7819
4.0241
5.5224
3.8551
3.8567
3.9024
4.6685
4.8986
4.1841
4.9591
3.9908
3.6875
4.4163
3.9625
3.7734
3.9305
4.1639
3.9776
4.3019
5.8199
5.0555
3.6887
5.1259
4.4354
4.7528
5.5618
3.8709
5.4666
4.2790
4.3927
4.5605
4.0293
5.2357
4.0683
3.1323
3.9145
3.6565
3.5956
3.8738
4.3098
5.9293
4.0735
4.5634
4.0878
3.8654
4.2399
