1.5744
1.7409
2.2487
2.6554
3.7646
2.9302
3.3839
3.7793
3.2122
3.2178
4.8855
4.9673
4.4468
4.1222
4.0715
4.8147
4.1696
4.5410
4.3523
4.1930
3.9671
3.8152
3.7362
4.2430
4.2575
4.4841
4.0146
4.2923
3.6686
3.6673
4.0303
3.6530
4.0036
4.4139
4.5496
4.6139
4.4507
4.9664
3.7821
3.3962
3.4848
4.3907
4.2175
4.7017
4.3573
3.8254
3.9584
3.7165
4.7254
3.7111
4.0956
3.7975
3.9885
3.5181
3.8491
4.2802
3.8875
4.0062
3.3031
3.2799
3.1621
3.5703
3.1199
4.2145
4.3279
3.5380
3.1787
3.5745
3.2090
3.6024
3.5135
3.2172
3.2684
3.3840
3.9922
3.3073
3.8088
3.7011
3.6776
4.1093
3.7736
4.0726
3.9258
3.5869
3.4550
3.9436
3.7506
3.4864
3.8117
3.9154
3.7259
3.2998
3.6346
3.8586
3.1358
4.2864
3.2607
3.1949
3.8723
4.9634
3.2328
3.7962
3.5558
4.1322
3.2747
3.6149
3.1299
3.1855
3.3202
2.7981
2.9150
3.0695
2.9117
3.1017
2.6947
3.0082
3.9475
2.6424
3.0914
3.0651
3.2565
3.2132
3.8427
3.5524
3.6965
3.8545
3.3907
3.4017
2.9998
2.9354
2.8623
3.3914
3.1615
2.8720
2.9462
3.4009
4.2717
3.8515
2.9480
3.1017
3.0052
2.9201
3.3192
2.9622
3.2075
3.6636
3.0810
2.7987
3.3187
3.5137
2.7622
3.3477
2.7474
3.4489
3.7066
3.5018
3.1075
3.2466
2.8977
3.4862
3.5556
3.4377
2.7222
3.1250
4.0364
3.5430
3.6232
3.1488
3.4333
3.2527
2.9816
3.8999
2.7261
4.1925
3.1377
2.6767
3.7464
3.0226
2.7857
2.5443
3.1353
2.8306
3.5463
2.9310
3.1383
3.2086
3.2065
3.3803
3.3261
3.1520
2.6633
2.8268
2.7937
3.4268
2.7388
3.3511
3.2475
3.7757
2.6788
4.0009
