13.3766
9.1310
7.5420
7.6028
6.9130
8.6893
8.3564
7.7270
7.8267
7.7361
8.6842
8.1654
7.1287
8.1640
7.8264
9.5496
8.0108
7.2339
8.5343
8.8538
8.7462
7.5368
9.0170
7.9106
7.9497
8.1173
7.5275
7.8381
7.9641
9.1148
7.4579
6.8381
9.3389
7.2418
8.4116
6.8956
7.5226
7.4256
8.2961
8.8267
7.8238
9.0623
7.4993
8.8971
6.4662
7.3350
7.5071
7.8508
7.5921
7.9124
7.2530
7.9054
7.9810
8.1634
7.1215
6.5634
8.7112
8.1303
7.7600
8.8793
7.5287
7.0751
7.7797
8.4619
8.1570
9.0374
9.3837
7.8307
7.7890
8.6897
7.0766
7.7208
8.3131
7.6317
7.3344
10.2268
7.8342
7.6640
7.7857
8.0175
7.7481
7.6595
6.5820
7.7118
7.4752
6.8937
7.7769
10.0906
7.9017
8.4400
8.0423
10.4519
7.5341
7.2752
7.8503
8.3840
7.1002
7.7266
7.9031
8.7305
7.2682
8.8193
8.0263
6.9464
8.9882
7.2866
7.5759
8.4791
7.8122
7.0017
7.6107
7.8871
8.4219
7.6572
7.4545
8.4086
8.2645
7.7068
7.3320
8.8102
7.7957
7.4084
7.5613
8.1265
7.9121
8.1414
8.7906
7.2457
6.8790
8.0589
6.6624
6.7524
7.3463
6.8153
7.7535
7.5344
9.3266
7.8760
7.7010
7.5488
8.0357
7.4553
7.4957
8.4935
7.5267
6.9284
8.6254
7.1065
8.7555
6.3469
7.6543
6.6947
7.4359
7.5037
7.0212
6.8497
7.4434
7.0428
8.3928
8.3443
8.5129
7.7608
6.7303
7.6210
7.0205
7.3553
7.8941
7.7732
8.4056
8.7337
7.0828
8.3635
7.4062
7.2252
8.1541
7.3579
7.6737
6.8796
7.7069
7.8138
8.0583
7.8426
7.7109
7.2856
8.5954
8.4047
8.3484
8.2119
8.2811
7.5460
7.6448
9.1175
6.9167
7.0954
10.1264
6.9036
7.5212
7.4937
8.0876
7.5638
