1.5477
1.6122
2.7087
3.6984
3.7547
3.5636
3.2906
3.6956
2.8205
3.6407
2.8769
4.5351
3.0243
3.4325
4.6581
3.2118
2.5230
2.7659
3.4715
3.0175
2.4408
2.9785
2.5009
3.4765
2.9910
3.4107
2.5448
2.5530
1.9530
2.1472
2.7848
2.5116
2.3969
2.5765
3.1626
4.3765
2.5236
1.7450
2.6768
2.9618
2.5001
2.7659
1.9610
1.9138
2.1471
3.2098
3.0014
2.5352
2.2509
2.4643
2.4484
1.9111
2.8268
2.2037
4.0692
2.6572
3.2001
3.0413
3.3969
2.7042
2.7949
2.4758
2.1140
2.8447
1.9261
2.9747
2.9610
3.3543
2.9420
2.4720
2.7083
2.4198
2.8669
2.7795
2.6515
2.2969
2.8904
1.6012
2.5767
2.2651
2.9732
2.4405
2.6434
1.7660
3.0835
2.2078
2.5360
3.8632
3.6267
1.7845
3.1494
2.7563
3.2219
2.2469
2.8793
3.7093
2.1003
2.6785
2.4141
1.5191
3.2817
3.0438
2.3789
2.5899
1.9487
2.3519
1.8132
3.4102
3.7245
2.1746
2.6892
2.7351
2.3760
2.7491
2.2023
2.7609
1.7604
2.8239
2.7575
2.9455
3.3200
2.7535
2.5469
1.7116
2.7827
2.5565
2.6196
2.1608
2.2350
2.7887
3.4895
2.0895
3.8863
3.2553
2.4234
3.0905
3.9154
2.5220
2.3521
1.9009
2.7760
3.0139
1.6883
1.7801
2.2833
1.7024
2.1123
2.8602
1.6768
3.3779
2.8427
2.1680
2.7048
2.9137
2.5063
3.3618
3.2165
2.1769
4.3863
2.4571
3.0851
1.7584
2.0793
3.3319
2.4872
2.6966
2.9564
3.1755
1.7579
1.9786
3.1247
1.6828
2.7602
2.1438
2.2082
2.5675
2.7644
2.4603
1.4043
3.1254
2.8308
2.9285
2.5620
2.0725
1.9759
1.6707
2.4038
2.3997
2.6224
3.0812
2.7136
1.3373
4.0164
2.8942
2.6908
2.3726
2.9159
2.2602
1.4561
3.4171
