0.3044
3.8639
6.5458
9.4948
10.7430
11.1029
10.4733
10.4401
12.2029
13.2803
14.1055
14.3462
13.7414
14.3264
14.0482
14.0159
14.3140
13.6918
13.8591
13.7380
13.8904
13.5536
13.7723
13.6712
13.4768
13.4244
13.1643
13.1998
13.1718
13.1292
12.9138
13.0410
13.2680
12.9000
12.6234
12.8234
12.9455
12.7336
12.7037
12.8730
12.7500
12.4969
12.8966
12.8137
12.4014
12.4925
12.6801
12.7567
12.4890
12.4843
12.2117
12.2584
12.2098
12.2958
12.0154
12.2210
12.0270
12.1623
12.2222
12.0208
11.6156
12.2163
11.9933
11.9250
11.7866
11.8686
12.0116
12.0086
11.9626
11.7071
11.8083
11.7608
11.9144
11.5193
11.8242
11.9665
11.7293
11.5864
11.7110
11.8342
11.6201
11.6351
11.6055
11.3976
11.9461
11.4449
11.7957
11.4764
11.5799
11.4807
11.9984
11.6152
11.6977
11.3644
11.3344
11.8201
11.6935
11.5479
11.2819
11.5270
11.5574
11.0674
11.7205
11.4864
11.3458
11.7323
11.7855
11.4517
11.5006
11.3860
11.1432
11.1474
11.3700
11.4012
11.4789
11.6967
11.6842
11.3217
11.0817
11.3875
11.1953
10.9963
11.5477
11.0582
11.1179
11.3919
11.0674
11.4203
11.3068
11.2019
11.4075
10.9197
11.4396
11.1403
11.5823
11.5781
11.3956
10.8540
11.2460
11.1917
11.4215
11.1380
11.1729
10.7878
11.2346
10.8248
11.0501
10.6432
11.2892
11.1549
10.8927
11.3158
11.1121
10.9733
10.8347
11.1343
11.0179
10.5220
10.8024
11.0178
11.0239
11.1331
11.0619
10.7327
11.1201
10.8451
10.8498
10.6543
11.1260
11.1552
10.7592
11.1502
10.7564
10.4827
10.9724
10.8595
10.9850
10.7849
10.7346
10.8365
10.7936
11.0381
10.9624
10.5608
10.6225
10.8338
10.6988
10.5261
10.5862
10.5444
11.0861
10.5280
10.8385
10.8305
10.6112
10.6757
10.5056
10.8367
10.5092
10.6969
