17.4162
7.5699
7.3185
5.8874
6.2132
5.5771
5.7891
5.7948
5.5449
5.9350
5.7245
5.7230
5.1542
5.1410
5.4768
5.9306
6.0884
4.2000
5.5224
5.6467
4.2215
4.1528
5.0081
4.3510
5.4547
5.2355
4.7401
3.9920
5.3665
3.5847
4.6749
5.5471
4.5131
4.6570
3.5280
4.4315
5.3124
4.8846
5.5153
4.8259
5.2235
5.4006
3.9990
3.8889
4.6122
4.8365
4.8977
4.5499
3.7451
4.3798
4.3007
3.9410
4.5557
4.5032
4.9833
4.8944
4.4255
6.1284
5.4209
5.2146
4.5752
4.1192
3.3492
5.9143
4.4665
4.2390
5.9172
4.6942
5.3242
5.0676
5.8216
4.8775
5.0290
5.2387
3.6019
4.2553
4.4323
4.5390
4.5461
3.4471
5.8238
5.3941
5.1477
6.5474
4.1303
3.7066
3.9584
4.1370
4.5378
5.5901
4.8863
4.5389
3.3830
3.7484
3.6332
3.2985
3.7759
4.2119
4.8764
3.8755
4.0917
3.8982
4.0694
4.2183
3.3348
4.8655
3.9132
4.9319
4.5068
4.5617
4.0912
3.6679
5.0515
3.4364
4.2084
5.0320
4.7308
3.6562
5.1780
4.0492
4.0099
4.9882
6.5435
3.5903
3.9375
2.5363
5.0174
4.2146
4.2954
4.2095
5.7791
3.9553
3.9207
4.3171
3.7908
4.3555
4.4584
4.3737
3.9849
4.3666
4.7806
5.1537
3.5145
4.8169
4.5070
3.9293
4.2647
3.6160
3.5053
4.6325
4.0462
3.8228
3.8700
5.1956
3.2046
4.9874
3.9932
4.2623
5.2532
3.9306
3.3611
3.8127
4.6024
3.9328
4.3255
5.1005
4.9083
4.7514
3.8452
4.3233
4.6419
5.2864
5.1089
3.4154
5.4170
5.6787
3.7177
4.3965
5.7853
4.0767
4.2722
4.3495
4.0736
4.7121
5.8242
4.6241
3.3277
3.2975
4.7256
5.0208
4.4866
5.5802
4.3221
6.1799
4.4224
4.2037
4.5902
3.8673
5.0855
4.3536
