2.9007
4.7049
9.1999
10.3027
10.2430
10.7072
11.1149
10.0306
8.8039
8.9860
8.9674
9.6111
8.3695
9.2906
8.7300
7.4897
7.4379
7.1232
10.4577
7.4958
7.3284
7.4077
7.3796
7.0667
8.0533
7.3772
6.3657
6.8459
8.2663
6.5244
5.8404
6.5887
7.5377
7.3452
9.3202
7.1188
4.9552
7.3220
7.5766
6.7296
7.2837
6.0877
7.2315
7.4823
8.1864
7.1841
5.6314
7.2148
6.0012
6.5547
5.0365
6.4150
5.4846
6.7352
6.2808
9.2377
6.3036
5.5555
6.0824
7.5713
6.5569
5.9476
6.7561
5.3855
7.0307
5.5138
6.7845
6.6794
5.3338
6.6415
4.1563
6.1979
4.6476
6.3259
5.1056
4.5784
5.9191
6.1375
7.2442
6.1448
5.6567
6.7949
5.4326
7.6983
5.4945
5.3711
5.2166
4.6079
6.1662
6.1116
6.1744
6.2479
4.8837
5.5518
6.8724
5.9478
6.3699
4.5343
5.8968
4.4836
6.2974
6.0013
5.5224
6.0501
5.5502
8.4955
4.9328
4.9252
5.5385
6.5686
5.3380
5.1844
4.1390
6.1986
4.1373
5.8259
6.4582
4.4242
4.1162
5.2274
4.2124
4.6825
6.1517
5.8059
6.1991
4.5997
6.8988
6.1511
4.4206
3.7733
4.7832
4.6277
6.4434
4.5228
5.9281
4.7059
4.8208
4.3542
6.1200
6.3336
5.0210
6.6436
4.4935
5.2650
5.4753
5.2553
4.4782
3.9266
6.4467
4.6113
5.4614
3.7226
6.3914
4.5738
4.2547
5.4239
5.2029
5.0529
4.3549
3.9790
4.1011
5.5417
3.9447
4.2490
6.6958
4.3945
4.8357
6.3793
4.2153
4.2493
5.1968
5.8157
4.0334
3.8543
4.2976
6.1026
3.9889
5.0812
4.6408
5.4832
3.7314
5.8508
5.7174
4.9499
4.8451
5.5258
4.8431
5.8818
5.0681
4.8562
4.8128
5.4660
5.3636
5.1599
4.4981
4.8232
4.5220
7.7070
4.3424
4.7049
