2.0692
4.6247
7.7548
8.9323
8.8389
6.4575
7.9690
7.3659
4.5587
7.8372
9.7708
6.7560
6.0994
5.8240
8.2633
6.5039
3.7951
4.7159
6.3259
5.9541
5.5042
5.2025
7.9630
6.3233
3.2689
3.6940
4.9464
6.5110
2.7497
4.9044
3.7273
3.6530
5.5319
4.8534
6.7143
5.2382
3.3965
6.2568
5.0489
4.2112
2.2911
3.8332
3.5113
1.5629
3.8073
2.9713
8.4836
5.8018
4.8995
4.6388
4.4917
3.9921
3.5516
4.5834
4.7248
4.8420
3.2299
4.0848
2.0149
8.2680
3.0751
4.1694
2.2026
3.1485
3.0175
4.1597
4.5550
5.7645
5.4399
3.8996
1.7639
5.0777
3.9066
4.9299
3.4964
6.1241
5.7524
4.2504
5.0080
1.7707
1.7734
3.3972
2.5707
3.7256
1.6075
4.3926
2.1405
2.2806
1.8018
2.5016
2.2458
2.4712
2.0100
3.6937
4.6409
5.9864
5.4649
1.1495
2.2013
3.0105
2.7493
2.3957
3.8377
2.0640
4.4775
2.7054
3.9579
2.8967
2.5954
3.5144
3.8686
3.9379
2.0014
2.6914
3.9436
2.9192
2.9495
1.5442
1.3490
2.6487
3.6831
2.3360
2.8738
1.1542
4.6697
1.8563
1.2099
4.3358
2.3215
5.5073
3.8312
1.8491
0.9346
2.9971
3.3481
1.6395
1.8994
3.7466
0.9903
3.7941
3.0289
2.2506
1.4178
4.6158
4.3868
3.1051
1.3409
3.8167
1.7993
0.8633
4.5889
1.9973
2.4851
1.8347
3.9475
3.8825
5.0852
1.9014
2.6975
1.4497
5.3255
4.0033
2.9528
2.3808
2.1600
2.3925
1.6359
3.5282
2.6577
3.3437
2.4231
2.8496
1.1144
5.3941
2.2241
6.2597
3.3465
1.6663
3.3448
1.9416
5.8639
3.5543
1.9852
4.2451
3.9587
2.3204
2.3278
2.3544
3.1724
2.3113
4.6971
1.9092
3.3252
4.3957
1.7859
1.4965
1.4330
3.7933
3.0772
2.0100
