3.0069
4.6781
7.5070
10.2524
12.3567
11.6767
12.9791
10.8748
12.5475
12.1241
10.1413
11.3249
11.8342
10.3544
10.7404
9.8336
9.9551
11.1329
11.5620
10.0412
9.7721
8.7079
10.5716
9.5198
8.3257
9.3618
9.7381
8.2356
8.2025
9.3438
7.9084
9.4116
9.1352
8.9625
8.6894
10.6255
9.5309
10.1360
9.8606
9.1475
8.8306
8.7866
8.6200
7.5835
9.7191
7.1707
7.2520
8.1465
7.8978
7.8963
7.8024
8.6976
8.3975
9.1223
9.7594
8.5877
7.9070
8.0908
9.2806
8.2394
8.3480
6.9391
6.9760
8.9116
8.0364
9.1811
7.5309
7.8579
8.6717
8.0135
7.0471
8.9051
7.5963
7.4107
9.3898
9.5893
8.6706
7.5108
8.4271
7.5784
7.9482
8.6173
8.3363
8.3340
7.8816
7.2129
7.5855
6.6780
9.0100
8.9300
6.9893
7.7868
6.0788
7.1176
7.1109
8.5886
7.8401
6.8221
8.4987
7.6416
7.7666
7.1814
9.2461
6.9769
8.8698
7.8973
8.9127
6.4107
9.1931
7.8845
6.8196
6.9437
7.9756
8.1269
8.7487
7.5497
7.7884
8.5052
6.7786
6.3778
6.9613
8.8019
7.5751
6.9281
6.6503
6.7324
7.0028
7.0606
7.6710
6.6133
7.7982
6.5457
7.5435
6.8836
7.0888
6.9361
6.3412
9.4745
6.9945
8.3269
9.6436
5.6507
7.0489
6.6992
7.6982
7.8211
6.1481
6.6520
7.0755
7.8897
7.8773
6.9954
8.9432
8.7344
8.1833
9.9421
9.1847
7.9080
6.7619
8.3785
8.7072
6.1372
8.6730
7.6899
6.4047
5.9869
7.5526
8.2661
7.1773
7.6018
5.5945
8.4938
7.9011
7.3903
5.7098
7.4084
8.4984
5.9927
10.4172
6.3515
7.4547
7.0427
7.4159
6.1986
7.8486
7.4303
8.3897
6.9605
6.3333
7.4365
7.3328
7.2776
6.7930
8.2305
7.4966
7.2786
7.5509
8.3100
8.8227
6.2542
