4.2424
6.3406
12.6760
15.8766
16.2072
17.3394
20.3682
15.9344
21.2454
23.5509
26.1229
26.4439
28.0266
26.9560
31.1682
28.5764
34.5629
33.0847
31.4684
28.5227
34.7019
32.9152
33.7282
37.2859
34.9099
36.2174
37.8188
40.5862
41.4330
36.0001
41.2508
37.1754
40.6744
35.5269
38.4602
37.4815
38.5273
40.4513
40.8284
37.7141
41.5948
37.6611
40.4286
38.6697
41.2015
36.9643
39.8784
31.7424
42.5948
36.8768
42.8429
35.3721
37.0073
38.0093
38.8371
35.1107
34.9974
42.8236
36.0422
37.5926
38.8097
39.9298
33.6690
36.7332
38.2445
38.3932
39.6853
37.8486
35.6852
37.1663
43.4052
37.8735
41.5644
41.3122
37.3280
45.1033
40.7807
38.9490
38.9202
35.4383
46.4761
39.1124
34.2337
34.2992
35.1696
36.3392
41.0359
41.0688
39.6053
45.3235
38.5664
40.0887
36.8794
43.9849
40.3722
36.1307
37.8520
40.0243
38.4205
37.9191
40.5399
40.0049
45.3591
37.5756
38.3221
38.5589
46.6545
37.9744
39.3075
36.1656
41.7665
36.2555
40.5428
41.4549
48.2422
46.6079
41.0194
50.7702
44.9288
40.1485
43.4065
45.2597
44.0812
44.6539
42.6510
39.5316
44.3188
42.4276
43.2889
43.9562
38.7013
46.4266
40.8101
47.0661
47.3422
44.3433
43.7062
44.7577
47.6127
42.5042
48.7774
44.3444
38.7174
48.3365
44.5276
47.1774
50.5759
43.0604
43.8193
50.3164
48.7600
45.9657
42.5248
52.3842
47.4030
43.9402
46.5194
41.2329
48.5352
50.2953
43.6261
40.8131
52.7657
46.2185
42.7586
43.6051
45.0678
48.9821
49.6133
48.4579
47.4201
51.5375
52.9382
48.7315
45.0053
53.3492
51.1181
50.9749
45.3842
53.9348
54.8767
47.1177
44.5442
51.0519
56.8785
47.7937
50.2936
50.0555
48.9294
49.3690
45.0727
51.6482
49.3550
53.8058
46.0379
52.8160
56.0438
51.4145
49.7736
53.6833
