1.8900
2.7792
5.2665
6.9100
9.1374
8.8421
9.4980
9.5070
8.9278
10.2499
9.8708
9.4029
9.6555
8.7195
10.4575
9.1220
10.3620
9.8521
9.9564
10.3370
9.3785
10.0483
9.0028
11.2657
9.4359
10.0011
9.3699
9.1923
10.5887
9.5519
9.9334
9.6405
8.4191
10.0098
9.6250
10.3836
10.3333
10.3586
10.5836
8.1210
9.2373
9.8758
10.9953
9.3384
8.8688
11.0686
10.8286
9.2457
9.4813
9.6308
8.5568
10.1586
11.1347
10.8160
9.8198
9.6956
11.4054
9.4887
10.7589
9.6483
9.1302
10.0673
9.6137
8.7358
8.9439
9.4580
9.5547
9.2406
9.2458
8.5936
9.2033
8.5425
9.1585
9.9171
8.7537
9.0283
9.1374
9.5593
9.8447
8.6602
9.4570
9.0796
9.1939
9.3949
9.7481
9.8097
9.1940
9.8179
9.6822
12.4359
10.1163
9.3146
13.6698
8.6020
9.9831
11.7600
9.2405
10.8374
8.9001
9.8063
11.8013
9.6105
9.9561
10.4409
8.1492
9.8157
10.2751
10.1263
9.5766
9.2406
9.4049
10.4234
8.5881
9.9045
10.5812
9.5868
10.1788
8.6072
9.2757
8.6541
9.3628
8.6131
9.9487
9.8331
9.5939
10.4706
10.7601
10.1747
9.4176
10.6856
8.5717
9.0632
10.4834
9.0604
8.5498
9.5656
9.6223
8.9783
9.5612
9.9904
9.4149
8.8256
9.4088
8.6221
9.1514
9.7874
8.7398
9.6354
9.3776
11.8451
10.3667
11.4784
9.3403
10.1297
8.7171
9.3928
10.9833
9.2357
9.9687
10.5781
9.9097
8.1573
11.1447
9.2483
8.6534
9.3797
9.1332
8.9725
8.5372
9.4619
9.6706
8.6642
9.2428
11.0132
9.3571
10.6370
10.9361
9.2868
8.2424
8.6343
8.4571
8.7199
8.4007
7.8920
12.8182
10.6383
9.9114
8.2166
10.5253
9.3607
9.1522
11.2627
11.2851
11.1176
9.3824
8.3148
8.6346
10.3875
8.9310
9.5830
