10.7434
6.8279
8.8088
6.7949
13.6057
14.2533
9.1289
8.6925
11.9860
14.1034
14.3823
5.9481
6.6381
12.2620
15.2359
5.9303
6.1545
11.4766
9.8589
6.3598
5.9065
10.1317
12.0428
12.4141
7.6171
7.7145
13.4575
10.8274
5.9871
5.9612
11.0854
15.7320
6.9122
6.9345
11.3986
14.9282
6.5756
6.5575
8.5501
12.8115
11.9307
6.1831
7.7175
12.8927
12.3533
10.9310
7.1146
7.5883
12.4254
13.5431
5.3100
6.8003
12.3160
12.3426
6.8053
6.0073
15.1174
13.5883
7.4634
6.0163
6.8339
12.8912
12.0961
6.7567
7.3775
7.8330
12.9855
14.7774
4.1429
5.0099
11.0544
12.3839
4.6862
8.0352
9.7688
15.0052
14.5975
7.0367
7.5028
4.9184
13.4861
7.4891
5.4780
11.6946
15.2511
11.2649
5.5771
7.0642
14.5977
12.6372
8.3994
8.6147
14.2983
11.4020
7.7677
9.3017
6.8636
13.6640
12.2740
5.8889
6.8478
12.3442
13.0204
5.1664
7.4939
12.7362
13.4057
6.4714
8.8306
7.7669
9.8461
12.9619
5.3879
4.7342
11.6807
12.8866
5.1789
8.9002
13.5364
16.1478
7.9502
5.9202
6.8254
15.7594
10.9031
4.7349
8.9958
5.4087
12.2331
14.0786
5.0729
8.8398
13.6338
11.0770
7.2541
8.8807
13.6083
13.4495
9.6821
6.6506
15.7303
13.9235
7.0082
6.7407
7.1297
10.8367
14.7776
7.1685
9.4874
11.6290
7.0767
5.8183
9.7240
14.0902
11.4974
6.8739
8.9349
6.9222
12.5415
7.7814
6.7441
6.5866
12.2543
15.0030
6.1299
7.9329
14.6334
5.8957
7.0266
6.9939
13.8242
10.5501
6.6123
7.0212
14.2842
14.9546
7.0206
7.1020
14.8538
12.1481
6.2267
6.7780
11.2954
11.1144
4.9986
8.1725
11.7851
13.6430
6.1320
6.8632
14.2019
15.3447
6.3494
6.9602
14.1366
12.4810
5.8079
7.5235
6.1960
14.5704
