2.5518
3.4896
6.8501
10.3816
10.9075
12.4298
14.8555
14.4257
15.2576
14.4825
14.9589
14.8511
14.0301
13.6160
14.5324
15.2509
13.6541
13.2634
13.3288
12.7063
13.6769
13.9335
15.0687
14.0271
12.9865
16.8273
13.7885
15.3122
14.2336
16.0894
15.2426
13.3162
13.0495
15.0231
13.2925
15.2869
16.1195
14.5056
14.9623
14.0713
15.1466
14.8049
13.2847
13.7668
14.6760
12.7067
12.4906
13.7843
14.8161
12.6156
12.3648
14.1695
14.8026
12.9019
12.8020
14.0523
12.5328
12.1568
14.0177
13.3315
13.6322
14.4555
14.5918
14.4744
13.1703
13.8427
12.0983
13.6511
11.6210
12.1282
13.7040
14.0210
15.2236
12.9857
13.7082
13.6257
13.7657
13.3323
13.7175
14.0678
13.4877
13.7960
14.3935
13.3187
13.8925
13.5845
12.1099
13.6348
13.5195
13.4960
13.0722
12.9650
14.8271
13.0911
13.1399
13.2865
16.0253
11.5255
13.4275
13.7229
14.9362
13.2159
12.4514
12.9697
12.2760
13.7035
12.4948
14.6127
13.1238
13.1671
12.4154
12.1405
12.5145
13.1528
13.1527
12.2484
13.7293
11.4478
14.6380
12.0641
13.6303
14.5861
13.9227
13.2014
12.4471
13.5683
12.9297
13.3338
12.1026
13.8170
13.2244
12.7877
12.0568
13.0170
12.7366
12.2560
12.2246
13.3353
13.0390
11.1992
11.7725
11.5464
12.5462
11.4653
14.8967
11.9494
11.5776
12.7237
14.6002
13.0615
10.8575
12.5256
14.8680
12.3856
14.0323
11.7627
13.2954
12.0935
11.9733
13.8252
12.4362
12.1899
14.0364
14.0215
12.5683
12.0236
13.4694
13.4133
14.3006
12.7373
13.3056
12.7939
12.2986
12.6141
13.8688
13.3382
11.4624
11.6482
12.4167
12.6545
15.5093
12.4197
11.9617
14.4359
12.7874
13.7599
12.8154
12.9813
15.4537
13.1952
12.2270
12.0832
12.1517
13.6268
14.0440
11.7243
13.0394
12.4405
12.6825
12.3736
