17.3231
7.8953
7.3478
7.6598
6.9002
6.7211
6.5479
5.6732
5.1185
4.5807
5.9557
5.2086
5.8386
6.6967
5.2760
6.1449
6.5817
6.0565
5.0714
5.4247
5.2356
6.1366
6.1844
5.5387
6.7190
7.3674
5.0952
6.3205
5.7822
5.6173
5.7081
4.7249
5.5281
6.7461
6.0678
6.0072
5.0042
5.3915
5.7889
8.6820
4.7887
5.0864
6.1668
4.4550
5.2858
5.8331
5.5142
6.5182
5.3557
5.7777
6.2584
6.8292
5.4861
7.2291
5.0595
5.6089
5.8146
5.3277
5.3936
4.4668
6.4948
5.5196
5.9251
4.8206
5.2988
4.4925
4.8912
5.6985
5.6050
6.2587
5.0753
5.6666
6.1643
6.1028
5.5955
5.8584
4.8541
5.9597
5.2604
6.7089
5.2326
5.4034
5.9515
5.0865
6.0702
6.1215
6.6285
5.7741
4.4884
6.1188
5.2861
5.3334
7.3844
6.3645
5.6319
5.9442
6.9661
6.8434
5.9902
4.9129
5.2552
4.9731
5.5300
5.1172
4.7991
5.7141
5.2043
6.9476
5.3167
5.8013
5.0875
6.7941
6.1717
6.1941
6.8633
5.5765
6.0503
5.9589
5.5892
5.3602
6.6020
5.7767
4.9671
5.8180
5.7428
6.3223
5.4136
7.3611
5.6680
5.3919
5.6422
4.9368
5.3732
7.0020
5.0891
5.8492
5.2918
6.0666
5.2748
4.8284
5.1236
5.1529
5.1243
5.2882
4.7701
4.7894
5.3065
4.9953
5.1085
5.6895
7.5553
5.4281
5.8929
5.2318
6.4340
4.5834
4.3696
4.1077
4.8027
7.2045
6.3517
5.6249
5.8476
7.0916
5.8767
5.1978
6.1952
5.2012
5.1855
4.6856
6.5529
6.2235
5.1570
5.2314
6.8374
6.5443
5.0291
5.4731
6.8517
5.0062
5.5376
6.4760
5.4196
5.2809
5.1193
5.5575
5.1134
5.9247
4.4758
5.6182
6.1760
5.4990
5.5266
5.9666
7.0655
6.2738
6.0222
4.3391
4.8531
4.8871
