2.4990
2.4312
4.3410
8.1167
8.7491
10.5010
10.6741
11.5684
9.7052
11.1866
11.2158
11.7291
10.9628
11.5370
10.7643
11.5123
10.8548
12.1567
11.8916
11.6921
12.0158
11.1250
11.8451
10.3469
11.7125
11.0575
11.9373
11.9525
12.1882
11.3923
11.5396
11.6118
11.3141
12.2868
13.0752
11.6717
12.5448
11.2878
11.4026
12.2425
12.3004
11.0489
13.0770
11.7820
10.5108
10.5644
11.4769
12.4677
11.6531
11.3167
11.6990
11.5617
12.1455
11.9578
12.6151
11.5524
12.6234
11.0897
11.5964
13.5308
12.0510
11.5020
11.9264
12.5725
11.9974
11.3231
12.2042
12.3328
12.7281
11.2653
11.1916
11.4917
10.9401
12.8438
13.0438
12.7387
11.3575
11.9715
11.8055
12.3308
11.6218
11.0737
12.7682
11.9692
10.6536
11.7556
12.7628
11.9805
11.9721
10.4465
12.3268
11.8948
12.3656
11.9476
11.7254
12.0856
12.8125
11.4265
13.8422
12.0330
12.3095
13.4781
11.7711
12.2024
12.0741
12.6326
10.3389
11.7373
12.3250
12.3457
12.0373
12.6197
11.4829
12.9169
12.1918
12.3146
12.7459
12.3556
12.6902
12.4789
12.4065
11.8437
11.4587
12.6738
11.7273
12.4367
13.5865
12.4370
11.4267
11.7151
12.2428
11.9474
11.4439
12.0050
13.0291
11.3232
12.8522
11.9867
11.3419
12.2996
11.6453
12.1245
11.6582
12.0136
10.8256
12.0728
11.8166
11.5062
11.1417
12.7739
12.3453
12.7626
12.4314
11.4987
11.7852
11.5327
13.0440
11.6316
11.9445
11.8822
10.9647
11.4505
11.6868
11.0703
11.8683
12.1071
11.3943
11.1454
11.0100
11.9814
12.2021
12.9951
11.6055
11.7116
11.7572
11.8224
11.1983
11.2091
11.8550
12.7200
13.0070
10.7681
12.9571
11.6666
11.9340
12.3322
12.0235
11.7554
11.6990
12.5634
12.6937
10.7112
12.1929
11.8638
12.7912
12.8688
12.0740
13.3666
11.6294
13.8418
