14.9138
4.5324
5.3429
6.3436
5.4456
5.2513
4.7331
5.0451
3.9291
4.9078
4.7471
5.5562
5.7120
4.9190
6.2272
4.9497
4.7131
4.0979
5.8702
4.9253
4.4572
5.1681
5.0618
5.1739
4.7126
5.2856
5.3015
4.0491
4.4231
3.7818
4.2328
5.0957
4.7130
5.2457
4.5681
6.5708
4.4007
3.5650
4.0663
4.7629
4.2652
4.7489
5.0125
5.2897
3.7078
5.6090
3.8113
4.3729
4.3903
4.2485
4.5215
4.1557
4.4816
4.9207
6.1035
5.2086
3.8426
4.5905
4.5127
3.8615
4.7252
4.9996
3.6258
3.8846
3.5181
5.0963
4.6819
5.7738
5.3194
5.2770
4.2162
5.3502
5.2036
5.2971
4.4980
5.7036
6.0235
5.0278
4.0436
3.8167
4.3332
4.2634
5.5811
5.3470
5.2153
5.9929
6.6017
4.9862
5.0641
4.2151
5.2147
4.0642
5.4427
3.6543
5.3147
4.8789
4.6022
4.7860
5.4578
4.4135
5.3619
5.0487
4.2136
5.6412
5.7070
4.0067
4.9710
4.8036
5.7729
4.4260
5.3028
4.2248
4.4491
5.0463
4.4866
4.6103
4.0542
4.7981
5.6072
4.5038
5.6426
5.0852
5.2281
4.1771
4.6797
5.5101
5.5566
5.4705
4.5890
4.9404
5.9145
3.8917
5.4124
5.2334
5.6340
4.3179
5.7649
4.8810
4.6085
5.6066
4.5186
4.9359
3.9747
5.2726
6.3580
4.5233
4.7056
5.5284
4.5090
5.4602
4.2651
5.1361
4.9223
3.9306
4.0278
4.7356
5.4763
5.3270
5.3253
4.4234
5.2831
3.6791
5.3036
5.7867
4.3026
5.1942
3.8506
4.5397
3.9978
5.5465
5.7759
5.2037
4.7920
4.0906
4.9080
5.5574
4.6706
4.8434
6.3897
5.3329
4.0987
4.1496
4.1326
4.3738
3.5054
4.2520
4.8551
5.0066
4.6888
5.2722
3.9396
4.4590
4.2407
4.8217
4.5290
3.8325
5.2836
4.3579
5.1549
5.1458
