10.5876
7.3481
5.3762
5.9705
5.6906
7.2756
7.4455
4.8203
5.0642
5.4490
7.6892
6.4778
5.6461
5.5435
6.4403
5.4813
4.8241
5.1988
5.1687
6.8267
5.7403
5.3358
6.4041
4.7960
7.5634
6.9683
6.1596
6.2472
5.6036
4.8653
8.0392
5.1762
5.0767
5.2950
6.1194
6.9105
6.7765
5.7520
5.6818
5.7821
6.2941
5.6446
7.3083
9.0165
5.3782
7.2052
5.7575
5.3807
6.6097
5.3973
6.2388
4.8245
6.4205
5.0179
5.1997
7.1251
6.5496
5.3451
5.8192
5.3065
8.6468
5.3148
5.9524
5.1195
7.2022
5.6577
4.6354
6.5025
6.7591
7.2666
6.7391
6.9432
5.8098
4.4755
6.2340
6.1445
7.0815
7.4612
5.1150
6.6523
5.4003
6.0061
6.5071
6.2968
7.4914
6.4571
4.7031
6.1454
5.7572
5.3712
7.8775
6.9874
8.1999
6.3899
6.1268
7.7950
6.2342
5.4588
7.5085
6.5426
8.1741
6.4463
6.0149
6.1430
6.0712
6.5211
7.3360
5.8496
7.8532
6.7048
5.2701
4.8934
5.7656
6.3608
5.3182
5.3803
5.3909
5.4168
5.7152
6.0240
5.2931
6.8607
6.5654
5.8492
6.0196
6.8333
6.7098
6.9439
5.6236
6.7231
6.0355
5.8377
6.2345
6.0547
6.5587
5.7470
5.9686
5.6678
5.8161
4.8951
8.8553
5.2623
7.2412
8.2055
6.8326
5.8229
6.3511
7.2919
6.5480
5.6745
6.8007
4.1168
5.8249
5.4138
6.7696
4.9310
6.3980
6.5067
6.2664
5.8379
5.6690
5.2331
8.9054
6.2934
8.0134
5.2600
6.3715
5.3318
7.6056
5.6617
4.8587
5.4188
5.5426
7.1314
6.9069
6.5531
6.3408
5.4500
6.9102
6.9356
5.7369
6.7129
5.2058
6.1917
6.9503
6.3594
7.4091
5.2233
4.5053
6.2654
5.5231
6.1395
5.9080
5.8019
4.7944
6.2698
5.7874
5.3609
5.7361
5.3224
