15.7001
7.2567
6.7419
6.3330
5.5429
5.3800
6.2266
4.7937
5.9229
6.0155
5.2967
4.6226
5.1549
5.9109
5.2072
5.5448
5.2728
6.2262
5.5721
5.3740
4.6276
5.1565
5.0889
5.4081
4.9437
4.7118
5.2533
5.1249
5.0725
6.5204
4.9028
4.7364
4.9247
4.5726
4.7320
5.2273
4.8841
5.2494
5.1181
5.3035
4.7743
4.6966
6.8225
5.4109
4.3848
4.5496
5.7100
5.0055
4.8238
5.1564
5.0328
4.4125
6.0438
5.4383
5.1722
5.2658
4.8070
5.3531
4.6563
5.0363
5.5274
5.0322
5.0421
4.3981
5.3299
4.8464
5.1237
5.0660
5.0738
5.2056
5.7797
4.7107
4.4516
5.7815
5.0358
5.2263
5.2880
4.6022
4.5912
4.4461
5.4419
4.8210
4.6188
4.6588
5.4727
4.6989
4.9000
4.4549
5.4717
5.3680
5.9386
5.5125
5.5662
4.7504
4.6679
5.5913
5.7548
4.4102
5.6460
5.6398
4.8303
4.9128
5.0024
5.3573
4.7763
4.6767
4.1235
4.7027
5.5090
4.7531
4.3219
5.3423
4.5018
4.8111
4.7694
4.8789
4.7396
5.1832
5.2043
4.6950
4.5344
4.6462
4.7879
4.4859
4.9404
5.0370
4.9295
5.2790
4.9421
4.6625
4.8068
4.7440
5.0583
4.7416
4.7716
5.2870
4.3636
5.0136
5.4156
5.1723
5.1314
4.4852
4.9741
4.5168
4.9497
5.1284
4.4609
4.4545
5.6298
4.5152
5.4408
4.5376
4.5065
5.3304
4.7681
4.2565
5.1606
4.0107
4.0190
5.0759
4.4366
5.3278
5.4177
4.4567
4.9262
4.1210
4.2394
5.1555
4.3308
5.4456
4.4372
4.3524
3.9916
4.6211
4.3495
5.0144
4.5820
5.3429
4.2272
5.2225
5.4376
4.7986
4.5858
4.9000
5.7293
4.5219
4.6750
4.8818
4.8421
5.3495
4.7035
5.1560
5.0972
4.5022
4.5593
5.8840
5.1203
5.1204
5.8453
5.6396
