3.2793
3.4773
6.2361
6.4204
7.3148
6.1694
5.7861
7.5663
5.4206
6.0130
5.1981
5.3957
5.1045
4.4375
4.1674
4.9231
4.6651
5.5218
3.9158
4.3640
3.6931
5.0117
6.0436
4.8442
4.2008
3.9808
4.4518
3.9086
4.4417
5.3925
5.2734
4.5228
5.0699
3.6149
5.0891
4.5898
3.9963
3.5676
3.4796
3.9553
4.3564
4.0229
4.1972
4.0806
4.1661
3.8269
3.5234
3.3070
4.0961
3.2122
3.9825
3.6773
3.5268
4.5525
3.7735
4.1565
3.5299
3.4037
3.9091
3.5081
3.9859
4.1835
3.6294
3.4539
3.3883
3.3822
4.3595
3.6169
4.1165
4.0701
4.1427
3.1328
3.6003
3.3285
3.6891
3.1912
2.7505
4.2722
4.8614
3.3283
3.0905
2.9006
2.9176
4.1284
4.4925
4.9364
3.3633
3.0124
3.7920
3.6116
2.9615
3.2262
3.2545
2.6239
3.4624
4.5766
3.1038
3.2187
4.2185
3.8609
4.0054
2.6972
3.7672
3.0418
3.1220
4.1353
3.3044
4.4108
2.4743
3.2222
4.2372
3.5191
3.2215
3.8282
3.4523
3.8426
4.6506
2.6302
3.4105
4.5203
3.3114
4.2871
2.8855
3.4035
3.5489
3.1274
4.4259
3.0116
4.1990
2.9036
3.6864
2.9701
4.5039
4.2020
3.4279
3.3814
3.3693
3.8108
3.6401
4.2905
2.4725
3.0871
2.8602
3.5900
3.0275
2.8265
3.5301
3.5532
3.0271
3.0363
3.1910
3.0873
4.0182
4.5512
3.6857
5.0776
4.0279
4.1618
2.3815
2.7781
3.5755
3.4344
2.6606
4.9580
3.0593
2.9261
4.5810
4.3468
2.4107
3.3878
3.5000
4.0710
3.6327
3.2234
3.1835
3.6921
3.4337
3.2965
2.9464
5.3447
2.7434
3.1577
3.8540
4.1106
3.8601
3.9775
2.5280
3.0862
4.3371
3.8570
3.3583
3.1050
4.0820
3.7549
4.5882
3.7035
3.9220
2.9323
3.6250
3.6077
