3.0614
4.1211
6.9567
10.8746
11.9113
12.8111
12.4670
11.9170
12.4497
13.5405
11.1644
11.3847
11.9539
12.2033
9.9268
11.3467
12.0800
10.5694
11.6717
10.3471
10.4078
9.6675
10.6642
9.5816
9.4594
8.8787
11.6409
11.6528
10.7268
9.9559
9.2519
9.2284
9.8507
11.8465
9.2467
8.5571
8.8382
8.8593
8.6778
9.4875
8.6788
11.4470
7.6308
8.9449
8.5365
9.5483
8.4172
9.4169
8.9167
8.5900
7.8960
9.0749
8.9401
8.8747
9.6167
10.6413
9.6800
8.6653
8.1620
8.9534
7.5082
7.4285
8.9002
7.3967
8.9950
7.7763
8.6931
9.6203
10.0401
9.1708
7.9731
8.1542
8.6392
8.8620
7.9720
8.9740
8.5686
7.9045
8.6159
6.1830
7.6666
8.6978
8.8604
7.5772
7.6399
10.1283
8.7468
7.9147
6.7326
9.2649
9.4355
6.8245
8.0072
7.6078
9.5213
7.5156
7.9992
6.5932
7.5914
7.9031
9.1092
7.3857
9.4490
6.8337
6.3385
8.2779
6.8894
8.0599
7.5568
6.5328
7.7162
8.2484
6.9651
8.3858
7.4699
6.0140
7.9116
8.1583
7.9268
7.7442
7.9425
7.0099
6.4318
11.0999
7.8316
6.8917
8.3041
6.9055
7.8952
9.0986
8.0320
8.5917
6.2605
7.0894
7.6074
8.5597
6.4569
6.9633
7.5687
6.8526
7.3836
9.5952
7.6073
6.0018
7.8554
7.2903
6.8193
6.9073
7.9756
7.1460
9.6841
5.5271
5.9608
6.5668
6.9563
6.9938
9.8633
6.6253
7.4543
6.3240
6.3911
6.9052
8.2845
6.7795
7.2059
7.3786
7.4555
8.5753
8.0815
7.4922
6.3382
7.5308
6.8331
8.3597
7.2908
7.9948
6.2376
7.7737
6.4993
9.1638
6.4478
7.3137
7.7900
8.8344
7.4685
7.4135
6.8382
7.4462
6.0979
5.9382
8.4229
7.4450
7.0827
6.1460
6.4825
6.6723
6.9909
6.7866
8.5722
6.6037
