2.1291
3.0416
4.7304
6.9518
7.8599
6.5245
8.3932
6.3405
6.6238
7.7060
8.4214
7.5619
7.6394
10.1065
7.1252
7.0258
5.9022
7.7475
7.9161
5.7693
5.2236
6.2465
8.0657
5.2357
7.1944
5.9930
5.0538
6.9921
6.9090
6.9491
6.9111
7.9029
5.5234
7.4316
5.8549
4.7916
6.5260
6.3610
5.1487
7.1396
6.9806
5.8679
6.1110
5.7162
4.1452
6.0322
6.0807
5.3925
6.2606
6.2010
7.3365
5.8881
4.8604
5.6807
5.8396
5.7380
6.8826
5.9335
4.6068
5.0904
6.2467
4.5311
5.3045
5.0510
6.1316
4.7832
4.6868
6.2094
6.2364
4.9152
7.1099
6.0079
5.8712
5.0879
5.4921
4.9385
4.0312
5.2729
5.7278
5.5067
4.9368
6.0478
5.9677
6.0884
4.7083
5.6460
4.7118
5.4703
5.8385
5.6765
3.8624
4.9178
4.2226
5.8030
5.3970
5.5094
4.1932
4.6934
5.5462
4.3165
4.1920
5.2588
3.7538
3.7425
6.0763
4.0285
5.1104
5.3521
5.8521
3.6236
7.1061
4.7534
4.1212
5.6919
4.5797
4.8232
5.8274
5.6590
4.1551
6.8969
4.6339
5.3080
4.7070
7.6225
4.2630
4.1887
4.7303
4.0946
5.0330
6.8573
5.0858
4.5653
3.9732
5.3494
4.0260
5.4823
4.3389
4.7930
5.0972
4.4379
6.4187
5.4047
5.6313
5.4641
5.3243
6.1618
5.7088
5.6979
4.3800
4.9981
5.4364
5.2389
6.6362
4.8503
5.0499
4.0346
5.6784
4.3376
5.1699
4.9370
4.6473
5.2038
6.4395
5.8152
4.2369
5.3675
4.9890
3.9460
5.8201
4.4274
5.6751
5.4931
4.6403
5.3975
5.1675
5.9183
4.7358
4.5771
5.0753
4.2081
5.1959
5.9488
4.4843
4.6834
5.5739
4.5846
7.4045
3.5196
6.4296
5.8820
5.1376
4.6703
4.0822
5.4395
4.7019
4.9465
4.2674
5.5752
4.4069
5.0205
