7.4813
11.0752
10.8174
9.3185
10.2061
10.5789
10.1758
10.2200
10.8121
9.7587
9.6606
9.9308
11.3999
12.1169
7.6297
8.2919
7.8862
7.7968
7.4878
8.7081
7.7681
8.4935
9.0494
6.6748
6.4218
7.6740
9.2981
7.8620
8.2351
7.3268
6.7820
7.0411
7.0283
7.5908
7.1515
7.3206
6.6869
7.2817
7.5153
10.1757
7.2283
8.2087
7.6225
7.5619
7.3840
7.0743
7.5379
7.5381
6.5136
8.1098
7.7919
7.5904
7.3851
7.8569
8.0036
6.3231
6.0610
8.2963
7.6881
8.3716
6.9981
7.8066
7.5576
8.1648
7.0318
7.9296
6.4853
6.9241
7.8314
7.0223
7.6212
7.8531
8.2307
8.1907
7.3889
6.7106
8.1055
7.4972
7.1990
7.6210
10.7468
8.0319
6.8562
7.5845
7.7339
8.0744
8.0752
6.3267
6.0962
7.6483
8.7177
6.0385
8.9600
6.1274
9.3585
6.8490
7.9041
8.1026
8.7930
7.1785
6.7839
6.9594
7.0419
8.6952
6.3048
8.2484
7.2836
9.0380
7.6676
8.1497
7.7706
8.6725
7.9544
8.2027
6.5407
6.3018
6.7114
7.5684
7.2023
7.5931
7.7314
8.0521
7.9853
7.4207
7.6136
7.8047
7.8841
8.1613
8.0439
6.9066
7.2293
7.5916
7.5445
6.9812
8.1556
7.8977
9.1815
7.7015
6.6338
8.5188
7.0915
6.8660
6.7015
6.9667
7.7616
7.4402
7.0024
5.8939
8.4779
7.7385
7.8317
9.1578
8.2845
8.2761
6.7992
7.8003
8.5574
7.6332
8.1870
9.1826
7.0747
8.3457
6.6732
7.3479
7.0578
8.1399
7.2060
8.7816
6.8491
8.5139
6.9257
7.0489
7.0519
8.3392
6.7245
9.4993
6.8028
7.4580
8.0740
6.2778
9.2027
6.9609
7.3890
8.5089
6.9268
7.3877
8.2178
6.4919
6.2528
7.0142
6.6706
7.5478
8.1686
6.5375
8.1649
8.8960
7.7257
8.4314
7.8420
7.0050
