3.9419
10.6880
16.9971
21.4538
24.5062
26.0766
29.3104
29.0294
29.1858
28.6911
32.6128
31.7060
32.9277
32.3425
32.2654
35.5574
36.1476
31.8744
35.4393
32.4653
33.2479
34.9440
38.8495
36.9668
35.5872
34.3593
35.9381
35.7414
36.3518
35.3372
36.7075
38.8160
36.9849
36.7729
36.3902
35.9767
39.5391
39.2744
35.3856
36.3291
38.4694
37.0776
36.2001
38.3852
41.6417
41.7405
37.0432
36.5195
39.2671
39.2506
37.9502
39.2162
46.2461
36.8200
42.4850
36.9529
40.7844
40.8500
39.5289
38.9811
39.4983
42.5509
40.8741
40.6594
43.3639
38.8797
41.2986
43.0259
42.0629
40.6021
41.6457
43.6459
39.7789
39.5799
42.9970
40.4871
41.8553
44.9556
44.4802
50.5520
43.9664
45.9119
45.7300
43.2950
44.0377
43.3149
45.4454
42.1266
43.3722
46.4736
45.9095
45.7369
47.6300
47.4087
47.6674
47.5226
46.3704
49.5557
45.0760
46.0863
46.9932
45.8005
49.7885
51.7731
46.9271
46.0224
44.0642
47.5481
55.6936
49.9523
44.5264
57.3233
50.6397
50.7361
53.3425
50.6954
50.5695
55.0545
48.8847
50.3722
57.7822
58.5127
54.2750
56.1887
55.5689
53.2979
48.7268
57.4707
51.8241
56.8544
54.9523
52.9212
48.6189
55.3403
55.7463
55.9058
57.3440
52.4082
51.8373
50.3316
57.6808
59.5649
54.0720
62.8074
53.6676
55.0161
70.5429
59.2081
59.8086
59.7978
57.2359
56.1171
56.1272
59.2702
58.5735
60.5451
59.8748
63.3145
58.8016
61.8901
61.7955
61.9439
59.5025
59.7392
67.3850
65.8839
63.1996
62.9341
58.8149
65.1073
68.7325
66.7088
61.7982
62.3870
72.4045
61.6532
59.6625
65.0975
64.5312
61.9590
63.6803
68.9914
71.2653
67.2400
65.0418
62.7695
65.3447
64.6017
62.7627
66.1391
71.4160
69.6431
70.8802
66.5070
76.9072
66.1314
67.6572
68.0275
68.4811
66.9241
