13.1536
7.6806
8.2473
7.7972
8.2493
9.6728
8.2721
7.1667
7.9642
7.3517
6.7131
8.2660
8.1576
7.9053
7.8758
13.0352
15.3179
15.9836
16.7363
16.2461
18.7357
17.0418
15.1843
17.2588
20.1012
17.8348
16.1991
16.1133
13.7416
15.5115
16.1613
18.8094
17.8678
17.4528
19.8372
16.5768
17.4380
15.5378
16.3855
15.4125
17.7045
15.4160
13.2320
17.1078
18.4351
18.5780
20.6223
19.1336
18.2168
17.8172
17.5371
20.4114
15.8271
19.7239
14.1352
16.6896
18.8027
15.9089
14.0331
17.0952
18.7089
17.7346
16.5610
19.0491
18.2824
15.5949
18.9052
18.2236
17.3124
17.5364
19.3251
20.0071
18.7264
18.0696
19.2765
16.1864
16.0125
13.9557
18.6093
14.3836
16.6997
15.2115
16.2606
19.0172
15.9852
13.7679
16.3423
18.2693
16.1773
15.8254
17.3593
16.0675
17.1652
17.2809
15.6428
18.8439
19.9669
18.2211
19.4879
17.2744
16.2902
17.2005
14.7424
16.6171
19.1836
15.8590
18.9353
17.5973
17.9401
15.1942
16.1272
17.4287
16.0248
18.4874
18.8402
14.7288
20.3509
16.4946
18.9682
19.7031
20.0529
14.6200
16.0760
16.7447
16.9815
17.3920
16.5799
13.5494
18.0730
18.0283
17.1987
16.8261
13.8219
19.1316
19.0739
18.0043
19.1919
20.0932
16.6077
19.0135
16.5141
18.5200
13.9441
18.5066
16.7310
16.7813
17.0661
17.9503
14.3183
16.7222
16.3010
16.0664
17.9998
16.1726
20.4837
18.4708
15.8287
13.5019
19.6537
17.5363
14.8594
18.4425
16.2007
19.9748
17.6999
19.4402
14.0029
17.9577
18.7439
17.1032
18.9154
16.3421
18.3236
16.9695
15.4378
18.1020
14.4945
16.0595
20.8267
15.9471
15.8183
17.8905
19.7861
18.0574
16.6652
15.7709
17.8398
16.8531
15.7128
15.7385
17.7361
16.5070
18.2788
16.6436
16.8599
15.6229
18.0808
16.9503
17.4716
21.4958
