3.6060
4.7893
7.7879
8.6470
9.9460
12.3600
13.2226
13.4858
17.8847
15.8949
18.3540
18.2847
19.1108
17.8078
18.3682
19.9494
20.3533
20.3098
23.6159
23.0400
20.5079
22.0750
24.9601
23.9352
25.1472
23.4305
22.9870
23.8520
26.3401
23.0617
27.9246
26.3834
28.0973
27.0632
25.4240
26.1489
24.4473
25.5682
23.5568
24.8935
23.1722
27.4288
24.5670
23.8364
26.4434
23.0589
28.5346
23.0121
22.5835
20.9141
22.7661
22.5482
24.5540
22.8179
22.1216
20.2261
22.1698
22.6103
22.8299
22.4792
22.2654
24.6448
23.7461
20.6666
20.4063
19.6105
24.0461
22.6050
20.7458
25.3804
21.4149
23.8049
23.2871
20.2331
21.4358
20.8987
20.0736
24.7837
19.9555
22.8472
21.8250
21.9746
24.2919
23.3758
24.9164
20.7783
20.9135
21.2561
21.6208
20.2985
22.4627
20.0723
20.3669
22.0709
24.7047
22.2972
21.3365
21.8026
23.4045
19.1129
22.0012
23.2567
24.3111
22.6233
23.0755
27.3609
23.6524
23.0179
25.5823
26.2801
20.1046
24.9725
26.5559
20.9709
21.5791
24.4482
22.2568
23.1711
24.9308
23.9438
23.3597
22.8707
22.0981
21.0657
15.6009
20.6736
16.6336
20.6432
17.8453
19.5340
24.0525
19.9099
17.8934
20.4439
23.1167
25.1531
20.2444
18.2456
25.5640
21.7132
24.2694
21.0170
23.2282
21.7778
20.6647
25.0069
20.7227
21.2118
16.1000
18.1352
21.2271
27.0131
24.5510
20.1906
25.4822
24.1388
19.6457
23.3926
22.4147
26.5014
23.3613
25.5572
22.5041
15.0636
19.8805
22.2461
19.5993
21.4581
20.2919
24.9867
19.8656
23.6602
20.1711
25.6123
23.8859
24.3077
23.0918
21.4894
24.1963
10.5441
14.6996
20.3875
18.4687
20.2997
22.7135
23.4091
22.8963
24.1275
17.6569
20.4368
18.4211
15.6516
19.4637
17.7020
18.0220
19.7606
24.3510
18.4205
17.6624
19.5962
