2.8008
4.1174
5.0566
5.8641
6.4446
6.5748
6.1409
7.4261
6.0063
6.1296
6.2187
4.2472
6.6595
4.7901
5.7491
5.8218
5.8799
5.7941
4.3455
4.5593
6.9393
5.1868
5.4430
3.7777
4.8335
4.6322
5.4798
4.8672
3.9294
5.8319
5.3471
4.6528
4.2667
4.2435
5.0727
4.9903
5.3011
3.2086
4.6382
3.8731
5.0873
3.4921
5.1492
5.6469
3.3605
3.9386
3.0817
4.1804
3.9300
3.6271
3.6917
4.1853
4.8875
4.4650
3.0234
5.3543
3.0178
5.4334
3.6684
3.2039
3.6316
4.0556
4.2230
5.0493
3.5207
5.3280
3.6509
3.0302
5.0457
3.3483
3.8117
4.4652
3.8438
5.0077
4.5272
3.2994
2.8367
3.1258
5.6046
5.4997
4.9396
3.7623
3.3939
3.7781
3.1926
3.3281
3.7519
3.6794
3.2491
3.9334
3.6622
3.1775
5.3226
3.6498
3.7302
3.4169
4.3133
4.4229
3.8561
3.3506
3.8970
2.9294
3.9676
3.0796
4.6856
4.1403
3.4996
3.6129
4.0484
3.1011
3.7504
2.9813
3.2371
3.3214
3.5327
3.0041
3.5787
3.7741
4.9013
3.1666
3.1369
3.1135
3.9920
3.6525
2.8723
3.0719
3.0593
4.4721
3.4220
4.4883
3.2361
3.3771
5.1845
2.9924
4.0322
3.2856
3.6955
4.1686
2.7760
2.9456
3.7105
3.6355
4.8282
3.7316
3.2302
3.8418
3.1226
4.3559
3.8201
5.3768
3.0284
3.4123
3.3624
3.2535
3.6149
4.7955
3.0279
3.3391
3.3301
3.3519
4.0541
3.9907
5.5844
4.7171
2.8990
4.2643
3.4463
3.5619
3.5776
4.8214
2.5749
3.9160
2.6362
4.7820
2.8161
4.9947
3.3888
3.6036
3.2974
2.9624
3.5907
3.5094
2.9650
2.5694
3.5196
2.4503
3.2914
3.4354
4.4946
3.0721
2.7464
3.2451
4.3084
4.0773
4.3463
3.4714
4.8736
3.4663
2.8823
3.0040
