2.0550
2.7686
3.5266
4.2867
4.5511
4.0420
3.6756
3.8975
3.3552
3.7779
3.0449
2.8190
2.8747
2.6519
3.1805
2.3996
4.1506
2.8703
2.8324
3.1615
3.0584
3.2175
2.4625
3.3714
2.7666
2.4507
2.7700
3.5275
2.5372
2.7183
2.7554
2.8677
3.0370
2.8133
3.5119
2.8188
2.5401
2.6828
3.3168
2.5269
2.5632
2.4128
2.7897
2.2375
3.2317
2.7728
2.9139
2.3688
2.1391
2.8824
3.0291
2.7019
2.5125
2.4499
2.8258
2.3391
2.8708
3.1924
2.6175
2.7388
2.6807
2.6295
2.4981
3.3119
2.4537
2.4441
2.3194
2.9194
3.3614
2.3673
2.6094
2.6817
2.8256
3.1426
2.3985
2.6665
3.5658
2.6957
2.8635
2.3123
2.0228
2.3405
2.3951
2.8505
2.6329
2.3884
2.4265
2.3997
3.5266
1.9515
2.1973
2.5790
3.4112
3.0786
2.5103
2.4687
2.3662
2.5432
3.0485
2.4795
2.3209
2.6453
2.4708
2.2276
2.7460
2.4191
2.1722
2.5194
2.8524
2.5243
2.7787
2.9316
2.8837
2.8716
2.4591
2.2993
2.9742
2.1692
2.3316
1.9361
2.2804
2.2225
2.6257
2.3731
2.6954
2.3317
2.2577
2.2255
2.7540
3.2450
2.4834
2.6800
2.8115
2.4435
2.2940
2.1629
2.6081
2.3329
3.2343
2.7981
2.2674
2.3092
2.0034
2.2247
2.4729
2.6403
2.2838
2.6033
2.5711
2.0373
2.0751
2.2822
2.0922
2.4334
1.8446
2.5088
2.6813
2.2090
2.2812
2.0004
2.4071
2.0248
2.1965
2.0319
2.7236
2.3296
2.0247
1.8680
2.4007
2.2770
2.1781
2.6837
2.2289
2.3391
2.6455
2.1290
2.3854
2.1458
2.1037
2.3024
2.1307
2.0421
2.5163
1.9370
2.4835
1.8510
2.4801
2.0898
2.0590
2.3282
2.3639
1.8883
2.3117
3.0665
2.7635
2.1292
2.8044
3.1856
3.2241
2.3854
