2.1739
3.6349
6.1127
9.1780
12.8840
13.9137
16.0847
16.3482
15.4237
16.0464
16.7319
18.5816
19.7596
18.6331
20.1177
17.9266
18.2239
17.4804
20.7332
18.6129
19.9126
22.9029
23.9866
24.7604
25.1848
24.2594
23.9354
25.7605
25.9364
26.0311
24.3121
25.9721
24.6177
24.9406
28.4061
26.3608
27.2593
24.1755
27.2993
25.1627
25.3703
25.4156
27.9911
26.8368
25.6025
28.9279
26.2298
27.1238
27.6472
27.4170
26.1006
26.6075
27.0843
28.2721
26.2470
29.3994
28.9217
26.8016
27.8495
28.4495
25.2767
25.9025
28.4495
25.8645
28.1636
25.3204
29.9258
25.9847
28.6808
27.5943
27.2308
28.5921
26.3462
27.0813
28.9705
27.2197
27.9670
29.0311
28.2125
25.6734
27.1565
26.4542
30.1111
29.3853
29.5388
28.1427
30.3496
27.2106
29.1162
29.2847
28.8700
27.0148
25.7939
29.4986
26.3310
28.3067
24.7489
28.1265
25.0611
28.0206
26.5161
25.5203
28.2918
26.6881
27.9220
27.6638
27.3120
26.8931
28.0694
27.1503
26.9536
27.6745
29.3511
28.3415
28.9008
27.6978
29.0119
27.9383
27.0592
30.1377
28.4150
28.0202
29.1027
29.1600
29.5891
25.4302
27.4241
29.8963
28.5106
30.8343
29.2473
27.2446
28.4701
28.9088
28.4080
28.6896
27.9457
28.4510
27.7840
25.1598
30.4630
27.6558
28.7612
30.2277
28.5442
29.4954
30.0717
28.8899
27.2323
26.3725
27.1814
31.7361
27.4651
29.4744
29.7449
29.8042
31.0898
26.7785
30.3947
26.7849
28.0408
28.1491
31.9809
27.4385
28.7856
32.1548
28.1592
30.1100
30.8226
30.6554
31.0933
29.2597
28.8285
26.8577
26.6597
31.9226
28.0498
31.7606
26.6167
28.9222
29.9157
27.5774
31.4366
29.3496
28.9537
27.9841
26.5878
30.8680
29.0464
26.9229
29.7556
31.9053
28.7421
28.3146
29.8256
26.3677
28.9545
29.3322
31.5575
29.3482
