14.1773
7.4920
5.5869
7.8922
4.4126
4.7640
5.6624
5.5467
5.6821
5.4049
4.4494
6.8776
5.7918
5.5010
5.8733
4.3659
5.6701
6.7925
4.9378
6.3434
5.9187
5.3761
4.8693
4.9964
6.0436
4.9935
5.4295
4.5190
5.7717
6.8354
5.2008
6.2159
5.0067
4.5020
4.8044
4.9046
5.0717
6.7502
5.9406
4.9512
4.5467
4.9657
7.9382
5.8568
4.6633
4.4302
5.5869
3.8326
4.3732
6.0352
5.5245
4.7319
5.7099
4.7158
6.0127
4.8097
6.2043
4.2768
4.7619
6.7134
5.0695
5.4877
4.7924
5.0984
3.8524
5.4114
5.1381
5.6934
6.3116
4.0333
4.9672
4.9828
5.0719
4.9152
4.7005
4.6474
5.4703
4.2814
5.4184
4.8908
5.8218
7.1424
5.6261
5.8028
5.6882
5.8261
3.9845
4.3643
5.0206
6.0542
5.0680
4.5244
4.9123
3.9819
5.3889
5.3980
5.5110
4.2347
5.7971
5.0901
3.8040
4.2749
6.3540
4.4716
4.9549
4.1414
4.7247
3.4852
6.5261
4.2170
3.9686
4.9813
4.7543
5.8827
4.9367
4.0945
7.3355
4.7110
5.2044
5.5047
4.7654
4.5171
5.4809
5.7878
5.9767
3.7630
4.0462
4.4921
4.2770
3.8364
3.7591
4.5504
4.5089
5.3370
6.8717
4.2231
4.1302
3.8664
5.7612
6.1291
4.2548
4.0269
4.6415
5.7781
4.2880
3.8632
4.8762
4.4769
5.1778
6.3625
3.8461
4.2955
5.0456
4.4903
5.0488
6.0530
5.5618
4.1408
6.2640
6.5765
4.7435
5.3495
4.7006
3.6723
4.9250
5.0249
6.3825
5.2652
6.8616
6.6095
4.3263
4.3809
4.2096
4.0070
5.1404
5.2028
5.7449
5.5267
6.1737
5.3688
4.4838
4.8087
5.5267
5.3021
5.7133
4.1477
5.4689
3.6064
4.2863
5.2786
4.6236
5.0374
5.8622
5.7391
5.6807
6.4253
5.4383
5.5004
3.9370
6.5653
