3.5176
6.0860
8.2878
11.5894
12.4977
14.9776
11.7087
11.1790
11.2954
11.0571
9.9146
12.3666
12.8841
12.5603
11.3599
10.6805
11.9430
13.2449
14.5416
13.3578
14.5829
11.6484
9.9970
10.7930
11.0104
10.5180
11.2700
12.9048
15.1276
15.6022
15.1275
13.9496
12.3055
10.9605
12.5993
12.3190
10.4671
11.7189
11.6966
11.3768
11.4732
16.2510
16.3649
17.9561
17.9001
15.0161
10.2833
10.7619
11.1170
13.9243
14.5826
13.7307
13.5787
12.2786
12.2689
11.9628
10.7369
13.6437
18.8365
15.9627
16.8099
19.4476
19.1494
19.2015
14.4188
15.6676
14.1435
12.1641
11.2760
12.0252
11.9327
12.4496
14.5362
16.3799
19.5943
14.7157
12.3309
12.6851
14.3542
13.3043
10.9541
9.5227
10.2962
10.5880
13.5463
11.2121
11.3877
13.5611
12.3319
12.7334
12.0824
14.2828
10.1536
10.5995
14.7211
12.6777
12.8829
16.6920
16.9785
14.1321
15.0623
13.9045
14.6226
13.5806
14.2451
13.0922
12.8948
12.5481
8.7087
9.5000
10.8143
12.3113
11.7496
10.7714
11.3254
13.2012
15.2340
12.1751
10.9775
12.2297
9.7384
10.3778
11.9111
10.9399
11.2204
9.6940
9.2641
9.5934
10.3241
11.2477
13.9130
15.1159
12.4585
10.5979
9.4929
10.1819
12.4129
9.6030
10.4050
10.2531
9.8721
10.7056
12.1050
10.6486
12.0290
17.5812
15.1003
10.1268
10.3327
14.6058
9.4976
9.7691
9.8692
11.0028
10.7294
12.7331
17.7179
17.9733
15.6920
12.6424
10.3496
10.2076
11.3153
10.7741
10.7414
11.7006
11.2055
10.0923
10.7899
10.5348
10.5181
11.7768
11.5137
11.3275
11.0403
12.2636
11.1511
11.0600
14.9616
9.6548
11.7349
14.7748
11.1257
12.5510
12.6091
9.1792
11.3680
11.9493
11.7179
15.8028
15.7238
13.6666
14.4388
10.8701
12.0483
12.1710
15.1142
14.6216
15.0711
13.4532
