2.6450
4.2252
6.2997
8.6771
9.1619
11.3500
10.7672
11.7801
12.6113
12.6518
14.7663
11.9069
13.7026
12.4084
13.8780
13.4162
15.9416
12.5966
13.4323
13.3756
12.1144
11.1846
12.5811
12.7776
12.1519
13.5118
11.0934
12.7061
12.2946
12.8280
12.5744
10.9425
12.7659
11.9422
10.3441
13.1173
12.1188
12.9469
11.5722
10.9155
11.8694
11.5118
13.2937
11.4491
11.2370
10.8756
12.5292
11.4828
11.5362
10.5707
12.0384
13.7585
12.0530
11.9192
10.3498
10.9775
10.6081
10.4140
10.1840
10.9547
10.9877
13.2516
12.4152
11.6392
11.5056
10.8895
9.9670
11.2272
12.2831
10.8696
11.7571
11.4618
9.9256
11.0760
10.4674
10.7837
11.5463
8.7513
10.0118
10.9230
11.0473
9.6635
11.1529
11.1085
11.3913
9.3601
10.3582
10.2291
8.9451
11.6604
10.1217
10.8651
10.3268
11.7389
11.1999
8.8679
9.4213
9.0727
9.6637
9.6116
11.6255
10.5298
8.9830
10.0226
9.2269
10.9383
9.9463
10.9614
10.6775
12.9687
11.4431
9.8379
11.0679
8.6344
9.8648
10.9154
9.4295
9.9055
10.7552
9.7251
10.1319
10.6768
9.3501
9.2568
8.8350
9.4120
10.0325
9.7655
10.4802
8.8072
8.8403
11.3409
9.5425
8.9008
11.6546
10.9338
10.4846
9.6186
10.5265
10.3659
10.4636
9.2205
9.8700
10.6843
8.8703
9.1008
8.9934
9.5698
10.4770
10.6962
10.3787
9.9172
11.2279
10.3878
9.5667
9.2728
10.7820
9.7768
9.4109
10.0280
11.3361
8.8336
10.7035
8.7606
8.6120
9.0098
9.2132
9.3640
9.7274
11.1799
10.5339
12.1237
11.2565
9.9486
8.8200
9.6817
8.8588
8.7817
9.8866
10.6906
9.3755
9.4230
9.2622
9.7674
9.5556
8.6688
8.2155
10.6153
9.3013
9.7343
9.2000
9.9746
9.5682
10.1941
10.4661
9.8803
8.6360
8.0559
8.1700
9.6794
