3.0758
3.9262
7.7448
10.8440
11.8520
12.2916
14.1977
12.9175
12.1831
15.5874
14.7467
16.4341
15.9490
16.3470
16.1008
15.4685
15.1284
17.8976
17.6012
16.4037
16.7082
15.9635
16.4090
16.4416
15.7915
16.5683
16.1414
16.3302
16.9435
15.6613
17.3014
16.8690
14.6466
16.5702
15.1070
15.3936
17.3784
16.8971
19.1151
17.6157
16.9521
15.7808
16.1965
16.1420
14.0050
18.0312
16.0492
15.9625
16.7186
15.0090
18.1480
15.4224
16.5089
17.8359
16.7312
15.9271
16.9253
14.0224
16.5858
15.8841
15.1134
16.0917
16.8796
17.2509
17.5058
15.0790
16.0926
15.9489
16.3711
16.6265
14.3524
15.0353
18.0653
15.2324
19.9537
15.3460
16.7510
17.9492
15.4346
16.4283
15.7182
16.5916
16.1339
15.6876
15.9685
16.3826
16.1562
16.3316
16.1477
15.6517
15.5706
15.7110
14.2676
16.7072
16.5544
17.3936
15.0333
14.6458
17.3960
14.8197
16.8952
15.5887
16.6939
17.8965
16.8299
15.0954
17.2201
15.3951
16.5422
15.5057
16.2627
17.3631
16.7849
14.6448
14.9071
17.1920
16.7242
16.6326
15.7249
15.6368
16.2631
16.6839
14.4133
16.7636
17.5698
16.7093
15.4231
16.9258
15.8173
15.8056
14.2051
16.6304
16.2530
14.7815
15.0941
14.0735
15.6398
15.8372
15.4573
16.1293
16.9637
14.0542
17.9832
15.2513
16.1572
14.7823
13.9173
16.8994
15.9614
16.2540
15.5809
15.0713
14.4138
13.4196
15.8383
15.9116
15.9040
16.2894
15.6768
15.3326
17.6355
16.1628
14.6309
16.5709
16.0529
17.7536
16.4643
16.9279
13.4700
14.5346
15.1855
15.6389
16.6157
14.5073
13.5473
16.2932
15.7226
15.8248
14.5299
14.8091
16.3599
15.2284
16.8730
14.6774
14.8027
15.0055
14.3098
16.2032
15.1338
13.9330
15.4746
16.9157
15.3302
15.3666
14.2573
13.8864
15.0158
14.5683
15.7314
15.0500
