2.7239
5.7834
7.8025
9.1771
6.6795
7.1624
7.0799
6.7914
5.7409
5.3368
8.4427
4.0484
8.1274
5.3351
5.4236
4.2985
5.6090
5.1516
3.0868
6.0088
3.4345
4.1362
7.6175
3.8229
2.9454
3.4012
2.4343
3.6530
4.0852
4.2301
2.0196
3.0104
3.8687
4.4420
3.9556
3.1667
3.7741
4.4537
4.5122
3.5144
3.2895
3.4303
4.2222
2.7737
4.3738
5.9206
3.0814
4.5782
3.0363
3.8985
4.2231
2.1994
4.2809
2.9927
3.3838
6.6926
2.5006
6.0873
3.6396
2.9301
3.8456
2.9346
3.4182
4.6201
3.0563
3.0983
2.6156
3.1967
5.2770
2.7386
2.0817
2.6161
4.0383
2.3255
3.3222
3.4626
3.4978
3.1132
4.3080
1.9552
2.6291
2.7550
5.6946
2.8496
5.2828
3.7708
3.1833
2.2632
2.7835
4.9960
4.0707
3.2087
2.5427
3.0467
3.2912
4.0747
2.2202
3.1346
3.9029
2.9635
1.8425
1.6593
4.6029
2.2506
1.8541
2.8320
3.9969
2.8291
3.4503
2.8127
4.6498
3.1644
3.3419
3.8058
3.5546
2.8706
3.4136
2.7771
1.9474
3.2350
3.2745
3.3318
4.7226
3.0989
1.8202
2.9076
4.3817
2.9151
6.4736
2.3168
1.9469
3.8915
1.9549
2.3304
3.3792
2.3469
3.5437
3.8453
4.2609
1.5774
2.5947
4.1229
3.2216
3.2837
2.6213
4.3053
2.2797
2.4629
4.1487
4.7541
2.9269
2.8253
2.5811
1.6400
3.1009
2.0256
3.0220
4.0105
2.6469
2.7936
4.1422
4.0062
2.0900
4.6796
5.1826
2.5534
2.2280
2.2805
2.1832
3.4107
2.5418
4.0297
2.5835
2.9793
3.8096
4.0683
3.6109
3.8966
3.4417
3.3107
2.6669
1.7223
3.0991
1.7065
1.9622
3.2881
3.3432
1.8831
3.2561
2.3515
3.1944
3.8955
4.6366
3.1149
4.3297
4.5447
2.3805
3.1741
4.0599
2.3506
