2.1354
4.7041
6.5911
7.7340
8.5157
10.1098
9.8367
10.0301
10.3130
11.8380
11.0331
10.6848
11.2414
10.4037
11.1584
11.6727
11.7941
11.8021
11.1733
10.9297
11.1703
11.2635
11.7451
10.2367
12.0035
11.8696
11.5476
11.7576
11.4994
11.4503
10.5743
11.3423
10.7035
10.5276
11.7664
10.9088
10.3031
11.4573
11.0192
11.1275
10.9977
11.1006
10.2202
10.1578
10.9394
10.4966
9.8412
10.6265
10.5802
10.8998
10.6742
11.0862
10.4806
11.4773
10.7067
10.5319
11.8284
11.0051
17.1766
17.1802
18.3506
19.9958
19.7060
19.1888
21.9537
18.5633
18.6702
20.0929
21.8181
21.0665
21.9970
21.7029
19.0538
20.8557
22.0264
18.9728
21.7027
19.8617
21.1510
18.8986
20.7832
21.3906
21.9521
22.7282
21.0312
22.7983
22.9981
23.9408
25.3511
21.5840
20.5299
19.8755
19.4678
25.0311
19.7904
19.6972
23.8238
22.2637
21.1666
21.3511
21.3287
21.4536
24.2923
23.7961
24.0945
24.5217
24.6320
23.6750
21.7794
25.1871
21.9331
25.2099
21.1141
21.0103
24.1541
26.5835
24.7085
25.5140
20.6629
24.6133
27.8627
20.6269
23.2618
24.6011
22.4898
21.3850
22.3753
20.8800
22.0166
23.7765
25.2496
21.9668
21.5484
25.3833
23.2297
23.1664
22.0744
24.0389
23.5965
23.4389
22.6879
25.6545
21.7482
24.7211
26.2458
24.9044
22.7167
23.3619
23.6879
21.7764
21.1378
23.9467
24.7832
24.9349
26.0278
22.5697
27.3168
26.1234
21.0308
22.7825
23.8072
22.9863
22.2425
25.0553
24.6825
22.0835
24.3070
24.2334
24.0035
23.0411
23.0407
21.5834
27.7357
25.1928
21.6891
21.2746
27.4280
22.1786
25.7081
24.5277
21.6971
26.0706
23.4205
24.2952
25.8239
22.7242
24.5044
28.1133
23.1458
23.9136
24.4109
26.0454
23.7712
24.9365
23.3427
24.6014
24.1690
21.6490
23.0967
23.7095
