2.4601
5.0672
7.2904
10.3394
11.2097
12.7844
12.5051
14.4476
16.8019
16.1095
18.7767
19.4399
16.8072
18.7565
21.1478
22.0550
24.5269
18.0026
22.3542
20.6244
20.8553
19.8282
21.1402
23.0906
21.7734
26.3524
19.6252
25.6360
23.2941
21.2854
21.3718
22.5374
20.9184
21.5657
23.8225
27.4892
27.5865
27.4386
24.3363
23.1905
26.4946
23.9008
27.8792
28.5862
32.9177
30.7946
29.6521
32.6035
31.9176
30.6945
29.3616
29.3961
31.0881
32.5010
31.7936
30.4769
27.1622
25.4180
34.0512
26.2447
29.3556
35.6217
32.3369
33.2665
29.2282
27.6985
35.8587
39.3023
32.1292
29.4068
29.5653
31.7356
29.8002
36.0314
27.9512
32.0878
33.6110
32.1478
36.0241
30.1586
30.5778
32.7435
36.2315
38.0063
33.1327
35.8684
36.8575
33.9462
29.8436
36.7603
36.3766
33.9729
40.5219
31.4204
34.5345
42.0868
33.0732
32.4195
32.5389
31.4443
31.7103
36.8231
32.8015
39.0760
36.8701
34.5567
38.7017
44.6005
50.7986
45.1774
38.3908
35.5479
47.4765
40.2452
38.8269
33.6788
41.2460
44.4660
34.6290
31.3400
38.2076
38.7606
36.2921
40.0409
39.2799
37.4504
35.0260
32.7347
48.0289
40.2837
36.1577
36.3759
41.4564
33.5654
37.1383
31.4363
45.4803
41.0186
37.4616
41.5073
38.8191
34.6524
44.8387
43.9480
33.9184
43.8997
34.7468
46.9204
39.7478
32.5691
45.9106
40.6890
39.5617
36.8755
49.6271
37.6908
39.7764
41.1016
45.4827
45.9792
38.2004
38.1855
42.9997
37.3454
51.8622
46.2071
34.5094
32.9080
47.7480
54.2023
39.5482
43.9719
46.7772
38.6219
50.2349
44.2383
45.2441
41.5221
36.5378
40.7423
34.9697
49.3161
33.6485
45.1917
36.0603
55.1891
34.0323
37.6118
45.1995
31.7419
45.2013
28.6394
59.3292
42.6033
34.7486
32.7744
53.8774
34.2885
40.9689
52.7802
