5.0590
9.2676
11.3566
15.6935
16.4436
19.2512
19.2501
17.9352
18.4217
17.9576
19.6395
20.4891
20.5166
20.1703
23.2060
24.3734
25.6721
23.9620
23.8893
18.4194
17.2997
23.4667
25.9496
18.3138
20.0205
19.5436
26.7815
20.9543
20.4748
24.0710
23.0050
17.0371
19.9560
22.4651
22.5284
19.7986
18.6913
21.0926
19.1694
20.8271
20.2892
22.0151
18.5888
20.9952
21.6935
20.2319
19.9247
20.0673
20.4042
20.2894
21.8245
21.3924
20.0960
24.3480
21.3213
21.4298
19.2210
22.7105
20.7132
21.9643
21.4165
21.2060
24.3731
20.7249
22.7527
20.0518
20.3323
23.5442
21.4610
21.8352
22.3737
21.0938
20.7165
22.1161
23.5877
21.5027
19.2374
22.3959
22.8297
26.4280
20.8695
27.1404
22.6896
21.1389
21.4338
24.1242
22.5677
22.1458
21.3181
21.8117
22.8386
25.2974
25.7444
19.5903
20.3745
20.3179
22.2731
21.7505
21.9038
23.3181
20.6045
24.0161
34.8601
26.3339
24.1629
24.2310
23.0364
26.7499
24.2761
27.1100
22.6212
26.5802
25.5667
21.7340
25.2451
22.9437
24.5645
23.2780
25.8404
23.2980
24.6791
25.2805
25.3128
24.3678
25.5091
26.9213
24.8102
22.6746
23.0206
25.6000
25.3370
27.3979
31.2542
27.3844
26.5706
31.4976
22.0737
21.9707
22.2833
24.0675
25.4404
24.6092
24.5084
29.3148
29.7085
28.3853
30.0486
25.6345
30.0507
27.7392
60.9696
24.3059
25.4545
27.5452
24.0628
28.8676
27.5276
28.5611
27.5391
33.8708
28.7630
29.2254
27.7544
25.8619
25.4778
33.9610
29.0998
28.2502
31.2093
23.9404
30.8690
27.5288
28.2506
24.3000
27.9809
34.8305
26.0172
27.5970
28.5703
32.1145
33.5484
30.5064
27.7818
29.9368
31.0373
32.8531
29.3093
32.3243
33.7483
32.7953
32.3685
31.9443
32.9773
31.6546
28.2896
25.7173
27.3611
27.2604
33.2766
33.7316
