12.5243
12.5349
13.1580
12.0090
12.4296
12.9534
11.9809
13.3535
13.3718
11.8012
12.9492
13.2252
13.3700
13.0622
11.3595
11.5114
12.6081
12.8617
13.7745
13.1913
13.1077
12.3472
12.7124
13.4260
14.4525
11.6057
13.3927
11.9861
12.3065
13.3807
11.2118
11.9244
13.7044
13.1035
12.6347
12.7901
12.0451
12.9041
12.3084
13.2115
12.7707
12.6466
12.4428
13.4879
12.5499
10.8759
13.1665
11.9481
11.7770
12.0038
14.7370
12.4801
12.6653
11.2568
12.4579
11.2380
13.2139
13.0280
11.8282
14.0090
13.4850
12.5648
12.3613
13.6610
12.8983
13.2275
11.5731
12.0114
12.6692
13.5117
12.7562
12.3002
12.0550
12.7416
11.6855
12.2085
12.1251
12.9271
12.7716
11.5901
12.5807
13.8225
10.8274
11.2973
11.4162
13.3991
11.9946
12.7245
13.0093
11.5011
12.2583
13.2785
11.8464
12.2567
14.4938
12.7798
12.9119
13.0534
11.5306
12.7516
12.4260
11.7785
12.0835
12.7714
12.6674
14.1181
13.9380
12.9381
12.9746
13.1216
12.4603
12.2656
12.0016
12.1256
13.3222
12.1829
11.6816
12.2562
12.8394
10.7855
11.9577
12.8500
12.5881
13.7491
11.5733
12.4334
13.5122
11.9127
12.4074
11.6436
12.6208
14.4604
11.0703
11.4542
13.1771
12.0102
11.9859
13.3257
11.2729
12.4704
12.9279
12.8034
12.4851
11.6567
12.6402
11.6236
12.1976
13.4637
11.2004
14.1612
12.7538
12.7343
13.7822
12.3580
12.9455
12.9471
11.9407
12.3191
12.9430
12.9671
14.3786
12.8211
12.7784
12.7026
13.8233
11.9944
13.6031
11.9614
12.8263
12.3110
12.4717
13.3877
11.2450
11.9291
11.0621
13.1075
11.2924
13.9538
14.4296
12.5950
13.7987
12.4089
12.0870
12.7086
11.3882
11.9969
11.1624
12.1701
14.0659
12.1269
13.7657
12.4877
11.5234
11.7998
12.4709
14.5247
13.1099
11.4404
12.7717
13.5539
