13.6578
7.7641
7.8044
7.8485
8.4428
7.2122
8.7247
5.5902
5.6625
7.6530
8.7413
6.6645
8.0704
10.5214
6.8000
7.0905
5.9649
7.5282
7.0922
5.6438
6.1057
6.4597
7.3297
6.3976
7.3317
5.5415
5.1920
8.2491
7.5111
8.8255
8.3066
8.8356
6.6003
9.2924
6.8068
5.6466
7.9230
7.1233
6.1360
7.0147
8.4390
6.7294
7.4502
6.5607
5.6083
6.9394
7.0194
5.5196
7.3465
7.7843
8.7977
6.5251
7.2814
7.8133
7.2712
6.2736
10.7418
8.0703
7.3573
7.0638
7.3146
7.6159
8.4065
7.7532
6.8291
5.5132
6.2358
8.7127
10.0753
6.9446
9.5013
9.8214
9.4595
6.3869
6.7252
6.7470
5.4503
7.7629
6.5497
7.2391
8.6647
7.7625
6.8671
8.1034
5.1150
7.0413
5.5407
5.3740
6.3463
9.6442
5.1045
7.7109
5.1898
8.8670
7.4140
6.6225
7.7701
7.6271
7.3811
6.9509
6.4588
6.2214
5.0974
4.5503
7.0107
5.0926
7.8958
7.1500
6.5619
5.9231
7.0790
7.7447
6.3323
5.8602
6.2891
6.6635
8.2854
6.7520
6.4657
7.6913
8.3281
6.2495
6.1932
7.9819
5.6559
6.8255
5.2928
5.4700
6.3815
8.2121
7.9174
6.0684
5.6393
6.7284
5.3892
6.9248
5.5443
5.0269
6.8760
6.3143
9.2394
7.5648
6.4128
7.5727
7.0226
10.0569
7.6927
8.6978
8.9753
7.4543
7.4126
7.7608
7.7172
6.6305
8.4919
8.3833
8.4865
6.0823
9.3985
6.5772
6.6822
6.2829
7.0520
8.3516
6.4213
7.0848
7.2617
5.9390
6.7893
8.9322
7.8455
8.2893
6.8532
10.0998
6.6579
6.9982
6.0864
5.6854
9.2761
5.5215
6.7728
7.8547
5.3621
7.9747
7.3935
6.3828
8.0518
5.0016
9.2858
8.7172
7.9257
5.9883
6.2587
8.6755
7.1455
7.7188
6.4756
8.4322
6.5227
6.7344
