16.3362
6.6761
5.5877
5.4604
4.7404
3.9753
4.4945
4.6762
4.2439
4.6590
4.1102
2.8266
4.7445
3.5080
4.0212
4.0008
4.1975
4.5116
3.2477
3.2546
4.7274
3.6116
3.7302
2.9198
3.3743
3.6316
4.2827
3.1154
3.0423
4.4418
4.0090
3.1808
3.4683
2.7297
3.8113
3.6349
3.7903
2.5340
3.7644
3.1538
3.3484
3.0062
3.9283
3.5659
2.4986
2.9932
2.6969
3.6776
2.9271
2.9499
3.0769
4.3292
3.5970
4.0464
2.3731
3.8450
2.7595
4.1496
2.4694
2.6876
3.0339
3.3601
2.8845
4.3043
2.8417
3.9759
2.9189
2.5787
3.6240
2.7724
3.1972
3.5940
3.0439
3.9804
3.3725
3.1473
2.9319
2.7104
4.0570
3.5429
3.8019
3.2160
3.0531
2.6807
3.3042
3.1904
2.7929
3.4232
2.7652
3.1564
3.9977
3.4004
4.8886
2.8894
3.4226
2.9715
3.0948
4.5163
2.8378
2.8447
2.7023
2.7071
3.1384
2.4964
5.3283
3.3883
3.3099
3.0833
2.6458
2.6263
3.3695
2.9803
2.6892
2.7642
2.9085
2.9083
3.2661
3.3548
3.4597
2.9563
3.6500
2.5769
3.3180
3.0537
2.8093
2.6360
2.3715
3.8706
4.1293
3.0551
2.8089
2.9036
4.0331
2.7994
3.2210
3.2657
3.2080
3.5274
2.1512
2.1344
3.2404
3.2126
3.0422
3.0926
3.0341
2.5005
2.8003
3.2870
3.4518
4.1318
3.4517
3.0091
2.9578
3.1132
2.7218
2.9744
2.8940
2.6863
3.0347
3.1046
3.5715
3.0536
4.7101
3.9217
3.0587
3.1100
2.8504
2.9347
2.6006
3.5509
2.4575
3.9855
2.7139
3.3855
3.2020
4.0645
2.4468
3.4340
3.0200
2.6632
3.6619
2.9544
3.2485
2.8841
3.4270
2.5187
2.4376
3.1243
3.4403
3.0662
3.3593
2.9637
3.4103
3.2397
3.4945
3.0220
3.0398
2.8610
2.8196
2.5057
