12.5243
12.5426
12.8843
11.7958
12.1709
12.7278
11.8087
13.2390
13.1283
11.6509
16.2005
17.5072
18.1758
17.8416
14.9426
15.3849
17.3694
17.0572
19.0219
16.8570
17.4295
17.3244
17.6463
19.6958
20.1792
15.2919
18.5698
16.3765
16.5304
18.7144
15.7149
16.1382
18.2431
17.7053
16.6763
16.6685
17.1886
18.3082
17.1445
17.0659
16.6524
16.6729
17.1675
18.3940
16.9561
14.6145
17.9282
16.6735
15.4150
16.3926
18.8334
16.9467
16.6906
14.5907
16.8218
15.0699
18.0577
17.2437
15.8206
18.3850
19.6161
17.1040
16.4534
19.0252
16.6240
17.0414
15.8902
16.7685
17.2194
18.3678
18.0447
17.3227
16.3604
17.8812
15.2446
17.0131
16.2564
17.9269
17.0261
16.1707
18.7227
18.4823
15.6772
15.5143
15.9519
18.5276
17.2976
18.0732
17.8612
15.8231
16.8752
18.3917
15.9422
17.8832
21.0555
18.7746
17.7087
18.0547
17.4157
18.0174
17.6159
16.6051
17.0093
17.5939
18.1359
18.5025
19.4766
17.8506
17.8023
18.5806
17.2408
16.9878
18.3597
16.4533
17.8452
17.1160
16.9227
16.6003
18.1246
14.9670
16.5200
16.5125
17.7453
18.7347
15.9489
16.5965
18.7238
16.3086
17.7425
15.8700
16.9002
20.5820
15.3826
16.2458
18.2236
15.4725
16.9454
18.5986
15.8291
18.6313
18.5015
17.4542
17.2241
15.1781
17.7183
16.0705
17.2827
19.2927
16.5174
19.3728
17.4062
17.7312
18.3084
16.3510
18.1859
17.7198
17.4690
16.6552
18.4336
18.0324
19.7293
18.4297
17.5229
17.8003
20.3006
16.9229
18.1234
16.6596
18.4607
17.3776
17.9508
18.8174
14.9770
16.4828
14.6626
17.4166
15.2502
19.4992
19.8922
17.2422
18.6710
17.9958
15.9634
17.5772
16.1529
16.5871
15.8234
16.5220
18.0507
17.3170
18.7811
17.2072
15.5477
16.8001
17.8671
20.0979
16.8498
15.7111
18.4180
18.9160
