2.6394
6.5473
11.9459
16.1303
19.9604
20.0543
21.8146
21.4410
24.5524
23.7820
23.5964
26.3482
26.2617
24.0411
27.0003
25.1522
27.8404
27.6974
24.9170
25.6022
25.8682
26.0155
25.5260
25.9541
28.2440
26.7594
28.4437
26.7933
27.2880
25.5029
25.4351
29.1446
25.5648
26.6227
23.7636
27.0911
25.1185
26.2427
26.7838
28.5694
22.4483
25.0757
26.0039
24.0012
24.8545
27.8261
27.6688
27.3769
25.7547
26.2376
23.7101
29.3355
27.1639
28.2251
28.3691
25.4371
23.4147
25.7499
26.0002
25.2529
26.2046
27.1699
25.9595
26.1108
27.0009
24.1820
25.6009
25.5613
23.9233
25.6704
23.8573
25.5879
25.8320
27.3783
25.5613
24.2526
25.7291
26.2504
26.4045
25.6769
24.2584
24.8976
23.2910
25.2418
28.6222
25.4994
25.9095
24.9333
23.5992
24.2986
25.5844
23.8449
24.6123
26.5600
27.0069
23.3186
23.0217
24.1830
26.8001
22.0914
26.1243
24.4642
24.2329
23.4982
24.5227
24.5261
25.5563
24.2989
23.4921
24.2536
24.1824
25.0934
24.6797
27.2543
24.0792
23.8565
25.0118
24.7484
23.4825
23.5246
23.6905
24.5451
24.7968
25.2704
23.2355
22.9475
24.7847
24.3373
25.2787
24.3333
23.4704
24.8545
23.7673
25.0910
22.8294
24.8118
23.1218
23.8264
24.2638
23.2015
24.4577
26.4166
21.0990
22.5603
23.3339
23.5901
24.4487
23.2501
23.0587
23.7106
24.2489
23.1096
23.9563
22.7605
25.3117
24.0262
22.9384
24.1077
23.4986
23.2068
25.2987
25.7372
23.5273
22.2853
24.5164
24.3732
23.4797
24.2901
23.9537
24.9499
24.0320
24.3772
25.6521
26.7428
23.7447
24.1452
23.4341
23.4847
26.2556
25.0098
24.6008
24.8417
21.1295
24.0286
23.1788
24.2391
22.1709
22.4341
24.0784
26.0477
23.4072
22.7464
22.2039
25.1304
24.5420
24.6862
23.4437
21.1518
25.0738
22.8397
