2.6533
4.8399
3.7800
2.8100
4.6106
3.3895
4.3804
3.8668
3.7281
3.1416
2.9909
3.0976
3.8001
2.3333
3.4258
3.5955
3.4149
3.3915
3.1508
2.8058
3.3467
2.9141
2.6907
2.4510
2.8994
2.9440
2.2643
2.3691
2.5089
2.2142
2.4777
2.5384
2.6654
3.4795
2.2293
2.2446
3.3244
2.1417
2.0680
2.3583
2.5168
3.1501
3.1765
3.3163
2.4231
2.3131
1.8264
3.1360
2.5957
2.4678
2.0793
1.7969
3.0405
1.9188
2.0535
2.1069
3.2569
3.5972
1.9849
1.9760
2.6755
2.9559
1.7636
2.7513
1.7681
1.9606
3.5000
1.8328
1.7311
1.6777
2.3282
1.9731
2.5246
2.3773
2.7527
1.6428
1.5112
2.6848
2.4717
1.7945
1.7749
2.5120
2.9540
1.6632
1.9077
1.4640
2.5823
2.3062
1.8549
1.6461
2.5620
2.2846
1.7780
2.8433
1.5530
2.5283
2.6143
1.7151
2.0294
2.4886
2.4901
2.1534
1.5578
2.9602
2.6282
1.9523
1.9838
1.6624
2.2068
2.6541
2.1727
1.7930
2.2893
1.7883
2.7382
2.3854
1.6202
3.5877
1.4333
2.4017
1.6668
1.7358
2.4220
1.5113
1.2953
2.3747
2.4131
1.8288
1.5268
1.6873
1.6381
1.6850
1.9027
3.6221
2.1982
1.6417
1.8890
1.9074
1.9903
2.6427
1.8506
1.4202
2.7094
1.3893
1.4025
3.1098
2.0677
1.6060
2.8328
1.5300
3.3918
1.9157
3.2428
1.3539
1.4846
1.4574
1.8833
3.6401
1.4898
1.7123
1.8109
2.6025
2.0561
1.5858
1.7166
1.5850
2.0093
1.6118
1.6059
1.6138
2.1380
1.4934
1.5079
1.6858
1.7230
1.5942
1.5948
2.1120
2.2154
1.5573
1.5862
1.8970
2.5667
1.7494
2.1794
1.5711
1.7999
1.5692
1.9436
3.6930
1.7941
1.8125
1.5433
1.9829
2.3770
1.3436
2.4560
1.5697
1.6067
3.0241
