2.9007
3.0542
5.1432
6.9278
9.2429
9.4226
8.9911
9.7029
9.6230
9.5432
10.3293
9.7402
9.1423
8.9329
9.1342
9.4377
9.4528
8.4701
9.1452
9.1414
9.8773
8.8263
8.1213
8.5562
9.2563
8.7004
7.7605
9.3107
7.3470
8.9496
7.4494
8.2735
8.6697
8.4830
7.6859
7.8210
8.0657
7.8212
7.1059
8.0531
9.3672
6.9176
6.9458
9.1736
7.9355
7.3111
8.1926
7.5610
8.6574
6.9089
5.7598
7.8982
8.2049
7.6584
7.6140
7.9534
7.5343
6.5451
8.3665
8.9531
7.0789
8.4750
7.2781
7.1296
7.0480
7.6241
7.5637
8.0512
6.8902
7.5138
6.3295
7.2345
6.7939
8.4939
6.4152
5.6261
7.3628
8.3514
7.8626
7.0371
5.8659
7.2454
6.9853
6.9999
7.8276
6.5830
6.0135
6.1643
7.4618
6.7967
6.0694
7.4088
6.5773
8.0980
7.4890
6.5643
8.1014
6.7890
5.7925
6.2820
6.7662
7.2387
6.5937
7.4755
7.2010
7.2150
6.0426
7.0890
6.9453
6.1472
6.5813
6.8912
5.6707
7.0449
5.8961
7.4949
7.3886
6.9857
7.0829
6.4603
5.7039
7.5162
6.1916
7.4113
7.6777
5.1278
6.4642
5.9965
6.3217
6.0981
6.6554
5.7190
6.8147
6.2695
7.1689
7.2190
6.0786
6.7400
6.9506
6.1987
5.5800
6.7030
6.6895
6.2019
6.7303
5.4983
5.8321
6.0462
6.3524
6.2252
6.5864
5.8116
6.4514
6.2342
5.7539
5.8964
5.2652
5.5047
6.0809
6.3030
5.5138
6.1097
6.1092
6.9355
7.1677
4.9584
5.8588
7.3236
6.4707
5.4175
7.1954
6.7077
6.4132
6.5366
6.7437
7.2586
5.9475
7.1870
6.6563
5.9820
5.8812
7.0275
6.1637
6.9207
6.9054
5.9707
7.0399
6.1735
6.8751
6.3569
6.8339
7.3645
6.3954
6.4987
6.2956
5.9446
5.9132
6.0807
6.1337
5.4432
