4.9660
8.6757
14.9871
20.7336
23.7140
25.8322
25.1584
26.1149
29.5726
31.9095
31.3465
32.0565
32.1794
33.8439
36.1564
35.4664
35.3683
36.1093
36.8117
38.0479
35.4630
40.2514
36.7004
37.5672
39.3729
41.7919
39.1055
40.5597
41.7966
39.3970
38.8462
45.2399
43.4270
42.2983
43.7499
41.5586
43.5650
44.9160
41.3164
40.3926
42.2603
43.8059
52.8380
38.4462
42.6734
40.8144
44.5252
46.2588
42.9497
46.5401
44.7620
42.2736
45.5892
47.3770
46.7800
46.6676
41.6798
42.4784
50.8202
52.7924
38.8886
47.6531
46.0096
52.5716
43.8313
51.1700
48.4127
47.9023
48.8903
43.4758
47.2295
50.7847
52.7592
47.1424
42.2220
45.1416
45.6702
49.5618
50.6780
39.2171
51.4826
46.4379
50.4564
42.0280
49.0570
51.6075
52.5198
44.2882
45.8840
42.1358
47.7425
49.1390
47.9244
52.1785
49.8137
47.6678
51.9875
52.8341
55.3521
48.0444
44.8978
50.1665
46.9973
51.5303
52.4252
48.5731
48.1898
51.5419
57.9079
52.6352
49.6294
44.0536
51.8410
53.5214
52.3356
46.9635
53.5948
49.2907
50.3948
44.7694
46.7275
42.9217
50.5090
45.2781
46.1580
48.7740
54.1573
50.6704
51.4603
57.4699
54.2601
47.7453
47.8543
48.3227
49.5446
49.4719
48.0224
63.2323
49.1685
57.2912
58.9544
48.4599
42.6132
49.5588
55.8009
47.1568
57.6062
45.8760
46.0983
52.2851
44.0766
50.3078
48.7938
61.8054
52.5813
42.0971
59.5912
53.5771
50.3677
54.0538
54.2310
70.3076
49.3607
48.1252
51.5432
44.7032
45.6118
69.7895
56.2276
58.6104
52.9197
40.0603
40.9688
46.7082
51.2383
58.1381
52.2734
52.9362
61.6684
62.7051
55.9927
47.4143
63.3917
49.8046
49.1647
57.4521
53.8267
46.4180
49.4592
47.0248
43.4285
56.1849
42.9220
52.8588
49.4347
53.1930
74.2506
47.8634
51.6847
44.3965
