1.3880
1.3720
1.2891
1.7692
2.6023
3.5450
3.7822
3.0669
2.1609
2.0794
1.9974
2.4417
2.5552
2.7173
1.7855
2.3012
1.5197
2.6959
2.0845
2.0747
2.2919
2.2713
2.5999
2.9018
1.9510
2.7041
2.3246
2.0441
2.0091
2.5341
2.1256
2.3862
2.0853
2.1508
2.0264
2.0106
1.8734
1.8894
2.1695
2.4541
2.0067
2.5659
1.4419
1.9798
2.0969
2.3195
2.1911
2.1588
1.7889
2.7749
1.8159
2.2343
1.8069
1.6480
2.0436
1.5759
1.5614
2.3120
1.9299
1.9873
2.1317
2.3641
1.4992
2.2315
1.9832
2.1510
1.7871
2.1853
1.9397
1.9735
1.8424
1.7105
1.6274
1.7166
2.2740
1.9293
2.0305
1.5795
1.7912
1.5049
2.1077
1.5783
2.0756
1.6417
2.2265
1.5208
1.6080
1.6206
1.6584
1.4363
1.8818
2.1827
1.8392
1.7034
1.8286
2.3299
1.7393
1.4380
1.3996
1.8797
1.9460
1.8879
1.8936
1.9039
1.2673
2.1975
1.5028
2.0566
2.4426
1.9075
1.4698
1.6050
1.3263
1.8625
1.7238
1.3894
1.6595
1.8454
1.3181
1.8281
1.7153
2.1704
1.5902
1.8164
1.6947
1.9293
2.1345
2.3893
1.7087
1.4796
1.8814
1.6798
1.8570
2.0080
1.2813
1.5440
1.7960
1.9974
1.4714
1.8519
1.1579
1.5888
1.4821
1.7994
1.6673
1.8761
1.5905
1.5277
1.7801
1.2594
1.8164
1.4212
1.6115
1.5541
1.2705
1.8261
1.6512
2.1626
1.3977
1.5955
1.4059
1.3497
1.7425
1.5400
1.2940
1.7258
1.5367
1.6422
2.2512
1.6670
1.6074
1.6486
1.4874
1.3211
2.0281
1.3833
1.2305
1.3098
1.6516
1.7781
1.2947
1.3011
1.2768
2.4696
1.5324
1.8030
1.5241
1.2797
1.7888
1.9283
1.8633
1.5604
1.6401
1.5975
1.5457
1.6374
1.8851
1.5026
1.4461
1.4962
