3.2687
6.2424
10.1912
10.3764
11.7699
13.2319
13.5898
14.0197
14.1800
16.0329
12.7843
12.6198
14.1355
14.2815
12.2528
14.3705
10.8406
14.4699
13.2628
15.6870
15.6060
13.3950
13.2342
13.0772
15.6396
15.4123
15.1060
14.4627
13.2768
11.4865
12.7176
14.3112
14.4770
15.1410
15.1100
15.2480
14.5112
17.6781
15.2060
9.6967
13.2636
14.8285
16.3996
15.8886
15.5489
15.7113
16.8383
15.7316
16.9262
18.4020
18.1459
17.8027
9.4297
14.1465
14.4227
15.5659
16.4010
19.1060
17.3230
18.7512
17.1916
17.3186
17.5362
11.8492
12.0184
14.6255
16.9358
18.1432
14.2331
19.1045
19.4677
17.6239
19.1274
14.4709
13.5446
17.9934
16.2074
17.1015
17.5842
15.4864
17.4723
20.7891
19.8800
22.8785
21.5221
21.5452
21.2079
19.8805
14.8311
17.7052
17.9744
15.6207
19.3929
24.7780
20.2369
17.7938
24.9451
12.9346
13.2117
15.0078
23.0233
17.8057
19.5419
20.7706
16.8426
22.4453
23.6940
13.8635
12.9766
15.6684
13.9771
15.1480
13.0891
12.9026
15.7044
22.5994
22.1418
14.6655
14.9068
15.4377
13.6299
20.5363
19.2586
14.7418
11.4059
14.4535
16.6473
16.6902
17.3892
11.4410
14.6426
18.0133
11.6526
12.3560
15.1371
11.5982
14.6450
10.7784
12.8078
16.3203
14.0922
13.4403
19.0531
19.3166
11.4456
13.5392
17.9572
18.5701
10.0155
11.9972
16.8206
14.7101
15.4593
17.6723
13.5162
15.7841
18.1504
12.6849
15.1063
19.9574
19.0339
15.8562
16.3106
20.6352
12.8834
16.7315
16.2280
13.3088
14.3886
15.9643
15.9952
15.3748
12.0062
11.9264
11.4594
16.8389
12.9460
19.4243
13.9393
18.4972
14.5273
25.1054
21.7770
16.8449
15.7884
16.9917
14.8705
18.4562
17.3794
23.5953
16.2210
22.4956
16.2594
16.0613
19.3662
28.1187
19.9885
18.2123
20.4978
16.9951
