16.3820
8.8137
5.7192
4.5114
5.0813
4.3595
2.6034
3.0591
4.6300
3.0020
3.1051
4.1933
3.7121
3.5195
2.5376
3.5949
4.1689
4.1761
3.1856
4.5053
3.6687
3.3951
3.7444
2.8170
3.5959
3.1946
3.7378
2.9482
4.1176
4.2968
3.0959
3.4042
2.5244
2.8641
3.1146
2.0714
4.0417
3.2544
4.1161
3.0895
3.0887
3.4127
3.5386
3.3451
2.5687
3.2878
1.1005
3.0684
3.6983
3.3704
2.7535
3.0022
3.0616
3.4967
2.4377
2.7971
3.3713
2.5192
2.8430
3.5682
3.0314
4.5814
2.6534
2.7161
2.9010
2.5466
3.1358
2.7705
3.2030
3.0954
3.4849
2.9568
3.1195
2.3802
2.1312
3.2197
2.5075
2.8112
3.8018
2.7652
2.7062
3.1116
1.9912
3.3921
2.1406
3.1752
2.3260
2.8637
2.5362
3.0029
3.1029
2.2650
3.6438
3.2209
2.5826
2.9845
2.8046
4.0522
2.8542
2.4897
2.1825
3.6474
3.2096
3.0763
2.8928
2.7786
3.2163
2.5792
3.4947
3.3232
4.5795
1.7109
2.6443
2.0662
4.3710
3.2991
3.1859
3.3331
1.0270
2.6897
1.7437
3.7509
4.0222
2.5013
3.7191
2.8858
3.8597
2.0732
2.5829
2.7514
3.5282
3.3391
3.2272
4.0842
3.6488
4.7274
3.3687
2.6390
1.5379
2.2776
3.0439
2.4720
2.5129
2.4615
2.9247
2.6284
3.9403
2.2318
3.9458
2.7715
1.2155
3.0322
2.0953
1.8437
2.5226
2.6311
3.0450
3.2671
3.9505
1.8771
2.4094
2.0636
3.2562
3.2791
3.2299
3.1072
3.8002
2.7377
1.9620
2.6514
3.3585
3.1995
2.0776
2.5545
3.7345
2.5893
2.2846
2.8075
2.8733
2.2731
2.6474
4.4895
2.5199
2.2911
3.0916
4.7217
3.2338
2.4172
1.9383
2.7756
2.8440
3.6716
2.9328
3.3924
2.1300
3.8367
3.0325
3.6694
4.7921
2.0858
