5.5423
2.4532
3.5062
4.3094
5.4956
7.4759
3.0737
5.7235
4.3006
6.6371
5.3911
6.0927
7.0862
6.8989
4.5593
5.3189
5.1052
4.1861
4.7502
5.0301
6.5278
4.6962
5.8672
5.9011
5.0437
5.1932
6.4905
4.2847
4.6984
6.4749
4.6666
4.8931
5.2650
5.3008
5.6642
4.3859
5.7945
4.6387
5.1946
5.6457
5.0897
5.6140
6.0219
5.2194
5.1293
4.2004
4.7907
4.9304
5.4001
5.4743
5.6057
4.5094
4.3718
4.9531
4.2755
4.5084
5.1213
4.6650
4.9035
4.5434
4.0128
4.6035
4.9242
4.6469
4.9795
5.0941
5.5678
5.3981
5.4238
5.4743
5.3461
5.9011
5.6443
6.3744
4.5299
4.4486
5.1354
5.3824
5.5525
6.0775
5.4318
4.3451
5.9349
6.2215
4.2159
5.7649
4.9854
5.1851
5.0944
5.3090
4.8802
5.0394
6.1890
5.8068
5.5394
5.5674
5.4230
5.4146
6.6049
7.0207
6.7179
5.4612
6.8976
5.8012
6.8535
6.5814
6.8286
4.7783
5.1504
5.4299
4.9192
5.5009
5.2316
5.0974
7.3704
5.7792
6.0933
5.7224
5.2958
5.4673
6.1122
5.2605
6.5491
6.0204
5.8554
6.8073
5.2818
6.2313
7.0843
5.3207
6.2706
5.9125
5.8608
5.1295
5.6812
4.8769
5.0759
7.6235
6.7843
6.3490
5.9785
4.7716
4.9800
4.5485
5.5923
5.0815
6.0522
4.8493
4.6364
5.5300
5.7147
5.6911
5.9413
6.4026
7.7821
6.2928
5.9439
5.3753
5.3002
5.3242
7.2357
5.8102
5.6588
5.7171
5.3282
5.5735
6.3838
6.1027
6.3640
5.2181
6.5992
5.5972
6.6980
5.6591
6.1691
5.3593
5.9513
5.6838
5.7931
5.6942
4.9094
6.4326
5.3813
5.2543
5.5624
5.7729
4.9410
5.7433
6.2105
5.0402
6.2260
6.3101
5.6073
6.1469
5.8445
5.4620
6.8279
6.4371
6.6409
8.8418
