17.9199
8.1669
6.5156
6.1486
5.2800
4.7789
5.2456
4.7010
4.6931
4.6953
4.5267
5.2251
4.2267
4.2685
4.9032
4.7301
3.8386
5.0396
5.2232
4.1984
4.7322
4.5942
3.9829
5.1490
4.8905
3.9565
5.3579
4.2921
4.4214
3.9803
3.9112
5.3974
3.5678
4.0060
4.3275
4.9691
3.3996
3.7147
4.4641
4.4485
3.9724
3.9526
4.2740
3.4986
3.9522
3.2608
4.4138
4.9099
3.2312
3.9612
4.4771
4.2563
3.4017
4.3550
4.5556
4.5818
3.8073
3.5701
3.6565
5.6250
3.4225
4.0497
3.7502
4.6507
4.7147
3.9938
3.6073
3.8563
3.5505
3.9449
3.1869
4.8034
3.7585
3.9705
4.5194
4.0404
2.9464
3.9301
3.5223
3.9218
3.3709
3.7359
4.2822
3.9706
4.5551
2.9527
3.9347
4.5683
3.8176
5.3938
3.8803
3.7533
3.8905
4.0209
3.7628
3.7172
3.6646
3.6983
5.4484
2.9264
5.0175
3.8938
3.4372
3.9801
3.4027
3.5403
4.0893
3.4937
3.8475
4.6495
3.0706
3.4379
4.1071
3.6686
3.7540
3.0633
4.8349
3.7431
2.9066
4.9954
3.7231
4.4836
4.1226
4.2121
3.2983
3.8368
3.0644
4.7102
4.3955
4.4048
3.3650
4.2676
4.0242
2.8037
3.1497
2.9820
4.0019
3.8267
4.3175
3.5588
2.7853
3.6278
4.0806
3.3687
4.0177
3.1731
3.1291
3.7477
4.5432
3.9942
3.2870
4.5576
4.8766
3.8051
4.0028
3.2219
6.0208
5.7936
3.6211
4.7921
3.7499
4.9742
4.4564
4.1863
4.1018
3.7518
2.7667
4.0837
4.5506
3.8201
3.7298
3.0477
3.8252
3.9129
4.0035
3.9001
3.1214
4.1465
3.1510
3.0556
3.2904
3.1301
4.5511
3.4029
3.6265
4.2057
3.6492
4.3966
5.9866
3.5990
3.7089
3.8118
3.4422
3.5243
4.7366
4.4815
3.0258
3.3995
3.7482
3.5720
