2.3339
3.3365
5.2847
7.0844
7.6124
7.3921
6.9952
8.4772
6.7247
7.0858
8.9716
6.5433
6.8386
9.1491
8.6005
7.8398
6.7196
6.7744
5.3681
8.0050
5.6190
5.8108
7.3323
5.8229
6.0739
6.4740
5.7489
6.2517
5.4939
6.6901
6.4837
6.6302
4.9115
5.7689
5.1919
8.8422
4.9727
4.9086
4.2186
4.5601
5.4475
4.9509
5.1921
6.7049
5.0714
5.9234
7.6256
6.0497
6.8551
6.4971
5.6263
4.8811
5.3923
5.3224
5.4847
3.6988
4.3902
4.5474
4.3596
4.9964
4.9511
5.1236
7.1797
5.9926
6.6238
4.2946
5.8486
6.1817
3.9972
6.5951
5.5709
6.1034
4.5064
5.4356
5.5127
4.7013
5.1662
4.3936
6.9819
5.3109
4.3035
5.1665
4.7499
5.4722
6.4463
4.9032
5.2241
4.2456
6.3687
4.4222
4.3626
7.0700
4.4585
3.8121
5.6082
5.2800
7.6694
3.9159
5.1754
5.8216
6.2077
6.4482
6.7979
6.7657
3.9176
5.8146
5.2129
6.6511
5.8298
4.0098
4.7014
3.8728
7.1682
4.6872
4.8603
5.7546
5.3456
5.3153
5.0913
4.5091
5.2468
5.4789
4.1811
4.0190
4.6933
4.5731
4.5754
6.5138
6.9260
3.8224
5.8859
3.5857
4.1218
4.8029
5.0476
6.0923
5.6285
5.8757
6.4337
4.7624
6.0219
4.5882
5.1480
5.0503
5.8225
4.8015
4.4083
4.5793
4.6371
3.6187
6.1041
5.4688
4.8614
5.0036
6.5368
5.0863
5.8100
5.0140
4.8332
3.6592
5.5291
3.7095
4.9946
4.8494
5.8125
4.6835
4.8887
4.1275
4.3670
6.0581
3.6175
4.5124
5.7192
5.6093
4.2766
5.4332
3.8217
3.9447
5.8445
5.3505
4.3564
4.9277
4.6044
5.8339
4.4423
4.4407
5.3975
4.6720
5.1296
4.2279
4.1919
4.8514
4.7719
5.1388
5.3826
6.0330
5.8106
4.4205
3.5416
4.0812
