17.3694
5.6361
6.8825
5.7537
4.2827
5.1591
13.8927
6.4602
6.3255
10.9521
10.1719
3.7368
7.7886
18.8762
10.8178
5.6805
14.5498
3.9432
14.2190
7.8936
9.9715
8.2977
13.6023
14.0424
10.2182
14.3535
10.5667
5.1690
3.4900
6.7008
4.4547
3.7060
16.6542
16.2334
16.8754
16.0093
15.9439
13.2679
5.7399
6.8797
13.2807
11.2222
10.9842
6.3455
7.0566
5.6400
4.5932
5.3958
20.7422
16.8422
16.0708
17.6149
15.0632
16.1430
14.8583
11.6841
16.1482
10.0171
11.6783
2.5699
5.7159
7.4568
5.6889
3.6128
6.8434
6.5402
4.1534
5.5127
5.8090
6.4248
5.9191
4.5866
4.2189
8.1919
13.6627
14.0402
10.8942
15.6994
5.5069
6.1876
12.8255
5.4200
4.9373
5.5893
4.8470
3.3650
19.8415
19.3220
14.0139
16.4240
16.5814
15.5665
17.0268
13.6661
14.8387
3.1448
4.8771
5.9553
12.4302
5.1015
6.6378
9.3795
5.1031
3.7166
4.7679
3.4102
3.8335
10.9031
5.8250
12.8897
8.5717
5.4249
6.5514
5.3820
4.6185
15.2123
5.7794
5.0287
5.6460
5.6906
4.3982
5.2546
5.3325
5.6303
5.1073
4.1692
5.3965
12.8934
16.1443
16.2001
17.4658
17.8530
15.0269
15.2751
15.7970
9.9638
4.0301
4.5163
4.5061
9.0729
13.7209
13.9198
15.7192
16.2822
17.5346
14.2604
15.3042
12.1426
6.3593
6.6586
6.8624
3.6233
4.6207
3.2328
7.0644
8.7763
5.2973
4.2986
5.1231
7.2964
4.2194
6.2402
4.7720
5.9494
7.0641
15.8233
6.2244
3.5835
6.6430
5.0082
20.7203
16.1798
14.7546
17.9405
16.7794
6.5238
4.8770
10.8534
14.4310
14.0850
13.0588
17.6175
18.3123
17.7655
18.6490
17.0363
6.9268
15.6386
7.5378
4.9096
4.3559
8.8377
2.8795
4.1222
4.2026
7.0850
7.2948
10.0116
15.3743
8.2900
