11.7753
11.6352
10.7211
10.5339
10.6660
11.9529
10.6484
11.8683
10.5337
10.7599
12.0970
10.6595
9.8121
10.3155
9.4793
10.0969
8.5739
10.2892
8.0144
8.6689
8.3030
8.2403
8.9669
8.9702
9.5189
7.7870
7.8037
9.2399
9.3153
9.0391
8.5169
8.8238
8.8786
13.2499
9.2427
9.5760
9.4160
8.5921
8.0179
9.2372
8.5291
9.3884
8.4989
10.2573
8.2686
10.1240
8.8646
10.2453
8.7811
10.8902
9.4752
8.7402
10.5012
9.8278
8.6583
7.7253
8.6542
10.0392
7.7479
9.4412
11.4123
8.5477
9.0085
8.1885
8.4403
11.2514
7.7321
8.0303
8.4664
8.4635
9.8396
8.6194
9.7554
7.5331
9.9141
8.7378
8.5574
8.2589
8.6483
7.8713
9.4600
11.7754
8.8654
12.7948
9.5281
8.3394
6.4365
10.9307
7.4018
9.9966
7.8641
7.6383
8.1342
9.0833
10.8425
8.9940
7.9625
7.7815
9.3527
8.3723
10.4582
8.1327
8.3256
8.2387
8.5938
7.6196
8.4557
9.7746
9.5742
6.8636
8.7213
7.7985
9.1742
8.5422
9.3009
7.8815
8.5746
6.4318
8.3024
9.6122
11.5680
8.5154
8.6233
7.9350
9.7663
8.9092
8.6694
9.2429
8.4011
7.3345
8.8549
9.6051
10.4751
7.8318
10.1354
10.6244
7.0611
9.0160
7.2325
8.2192
9.1400
7.7078
9.0649
9.2275
10.1084
7.3541
9.7142
8.3793
9.0473
8.0461
7.6089
9.2450
7.0079
8.5500
8.9011
8.5345
8.6818
9.8193
8.1282
11.7630
9.1385
8.9335
6.6587
8.1826
8.2201
8.2419
7.3385
8.0948
7.1096
10.9466
9.2521
8.1403
8.7528
8.4630
9.7709
6.8919
11.0682
6.7391
7.0202
7.5099
7.4673
9.4334
8.5652
9.5451
9.2263
8.9401
8.1568
8.0413
10.5347
8.7578
8.8159
8.4852
9.4104
8.6338
10.5984
9.3712
8.5106
9.2331
8.9424
10.2999
