3.0054
3.5809
5.7127
5.1569
6.8845
7.3774
7.0209
6.2323
5.6363
6.8456
6.2640
5.5640
5.7847
6.3947
4.8457
4.7015
6.1238
5.8757
6.4290
6.7557
6.1677
6.7282
6.1839
5.9536
6.5936
5.5683
6.3110
5.4409
6.6444
7.0039
6.4916
6.2505
5.8098
6.8005
7.2013
6.5652
6.2711
7.7065
6.5285
6.6931
6.8712
6.5219
6.1504
7.2277
6.6834
7.0748
5.6691
6.9934
8.2448
6.5051
6.8078
5.5210
6.3618
7.4169
6.4527
7.3634
6.6006
8.5408
6.0520
6.1484
6.1092
6.2670
5.8419
7.0849
5.7231
6.6172
6.6679
6.1108
5.8896
7.1900
7.0538
6.3701
7.4640
6.6347
7.7211
5.9821
6.4708
6.4646
7.6213
5.4739
6.9120
7.5302
7.2533
6.6462
6.1547
6.0339
5.7465
7.3076
7.5617
6.9126
6.4555
6.7678
8.5000
6.7918
6.4332
7.8260
7.9175
9.0451
6.3263
6.8118
6.0076
7.0915
7.0223
7.0386
6.4600
6.1300
7.5428
7.3682
6.3721
6.5907
5.8909
6.8746
6.8271
6.6000
5.8823
8.0126
7.2652
7.5476
8.4070
6.7817
7.9809
7.3701
7.0977
6.4975
7.1636
7.3275
7.3462
7.8505
6.8239
7.5633
6.2325
8.0038
7.5510
6.8045
8.7184
7.3121
6.9976
7.0597
6.8269
6.7898
7.5382
5.5783
6.1520
7.2921
7.8233
6.2772
6.5972
7.8840
7.2003
8.0264
7.7473
7.7105
7.8867
8.7469
7.6243
7.6029
8.7356
7.2068
7.1209
8.1615
7.2233
6.2180
7.6794
8.3223
8.1285
7.8700
7.6943
7.9669
7.6936
6.9678
7.0265
6.7773
7.4815
7.1411
7.3055
6.6530
10.6348
8.0980
9.1856
7.9409
7.3353
8.4076
8.5010
7.5785
8.8188
8.3345
6.7030
10.1671
9.3093
9.0274
9.5209
8.3769
6.6263
7.5972
9.0256
8.8245
9.3195
7.9917
8.3578
7.3635
