2.2726
3.2961
3.4229
5.4440
4.2053
4.7035
4.4974
4.2601
4.1167
3.6963
4.4843
2.2722
3.7262
3.0347
3.3406
2.3378
3.5697
2.8267
2.4510
2.9075
2.4964
2.7093
3.6977
2.6097
2.1979
2.4787
1.6678
1.9646
2.3820
3.1235
2.1009
2.9499
2.2353
2.4508
2.9244
2.1318
2.8597
2.9343
2.7920
2.6337
2.0633
2.3248
2.7255
3.0768
3.5261
3.1871
2.3240
2.8469
2.7877
2.5977
2.8092
2.8182
2.3740
2.3563
2.8418
3.1358
1.8915
4.0852
2.3948
2.1238
2.4776
2.2801
2.7188
3.3577
2.5662
2.5441
2.2137
2.4774
3.5541
1.9202
1.8713
2.4846
2.8957
2.3363
2.9054
2.7345
2.6837
2.4835
3.4162
1.9877
2.3722
2.0763
2.9341
1.8933
2.7088
2.4293
2.7921
2.1838
2.1451
3.1255
2.8801
2.1003
1.9062
2.4857
2.6864
2.8057
1.8974
3.1732
2.9204
2.1431
2.4818
2.1972
2.7649
2.4170
2.0990
2.5327
2.8887
1.9781
2.7943
2.3708
3.1632
2.4198
2.8397
2.5197
2.2675
2.0079
2.6197
2.5926
1.7171
2.7437
2.4952
2.7752
2.9123
2.3154
1.9631
2.4761
2.5065
1.9837
3.3031
1.7200
2.1047
2.1550
1.7804
2.1656
2.0155
2.5827
2.7443
2.6176
2.7999
1.5700
1.9779
2.7090
1.9517
2.0925
2.4938
2.0750
2.4484
2.4604
2.3920
2.8084
2.0101
2.2469
2.1073
1.8546
2.0756
1.8985
2.3069
2.4331
1.5025
1.9955
2.4649
2.3232
2.0592
2.8684
3.4848
2.4683
2.3087
2.1604
2.3052
2.0720
2.1431
2.5737
1.9243
2.2101
2.1555
2.7601
2.1739
3.0930
2.3251
2.8129
1.8817
2.1358
2.4031
2.5812
1.6161
1.9287
2.8288
2.8984
2.6680
1.9474
2.2010
2.8203
2.7909
2.0857
2.3473
3.0150
1.7737
1.8192
2.4859
1.6984
