3.0047
4.5320
7.9866
12.8052
14.2839
15.6407
16.2627
14.6847
13.5350
13.6386
10.1114
8.2429
7.2675
6.6368
8.3212
8.3783
7.9360
9.1172
7.7034
7.3939
7.3647
6.9551
6.0212
6.3812
10.1898
6.0732
6.5206
6.2576
7.4693
5.1622
6.5125
6.5646
6.4718
7.6744
4.3105
6.4978
5.9393
4.9644
7.4497
4.7814
5.7310
7.7678
4.9935
5.1238
6.0493
5.5810
6.3943
4.4139
4.2172
5.8789
5.0976
5.6719
5.0972
5.8928
5.3261
5.0091
8.1312
6.2290
7.0706
6.3564
4.4137
4.9918
5.4908
4.5435
3.8193
5.9853
5.5815
4.6188
4.5032
6.9466
3.4991
5.7827
4.5623
4.6812
3.5453
3.8153
4.3428
5.8425
3.9521
5.6909
5.7329
3.9583
5.5049
4.3685
4.2137
5.2894
5.8075
3.7741
4.2741
4.8746
4.5541
3.9141
4.1437
4.9865
4.5868
4.4026
5.2621
5.0331
5.0801
4.4512
4.9575
6.0350
4.1060
4.5920
4.5294
5.2611
5.0575
3.7078
2.9945
2.9030
4.8684
4.5380
3.8290
5.1200
5.5095
3.8863
2.3587
5.4021
3.7748
4.1058
3.9554
4.4401
3.4411
4.1417
4.1282
4.1785
4.6294
3.5640
3.9813
4.0716
3.1900
3.6260
3.3595
3.0824
3.7505
3.4366
3.6449
3.5321
3.7643
4.2380
4.6231
3.4310
3.7863
7.3529
3.4315
3.3575
3.3700
4.2951
4.9530
4.4286
4.2367
4.8409
3.5789
1.9412
3.3706
3.9314
4.4269
3.4628
4.0369
3.3546
4.1154
4.3000
3.2342
3.5865
4.2798
3.7701
4.3517
3.7743
5.3561
3.5732
4.1876
3.1897
3.3503
4.6986
3.2545
3.5678
3.4201
3.5511
4.1412
2.6071
4.1328
5.6769
3.7469
3.6210
3.3634
3.7994
3.0411
4.1055
3.6917
3.1757
4.1376
3.7615
4.2161
3.5795
4.0322
3.3314
3.7925
3.5574
3.9323
4.1490
