10.6503
18.5682
9.6521
9.8438
9.8956
9.9248
10.0813
10.7721
9.3967
9.7297
8.3440
9.3076
10.3069
9.7024
10.3499
9.3766
9.2858
12.1596
9.5733
10.1434
9.6864
9.5251
10.1330
9.6870
12.0376
9.2195
10.7533
10.0448
9.3663
10.8046
9.0112
9.8966
10.8023
10.8957
9.2199
10.6624
10.6692
9.4372
8.5741
9.6554
10.7683
11.0444
11.0983
9.7810
9.5735
10.7395
9.6364
10.0505
9.4674
11.6861
11.5919
11.3867
10.7380
10.4999
10.4070
9.6219
9.8458
8.9567
9.4581
10.3473
9.9271
8.6584
9.8763
10.3853
9.6018
10.2777
11.1560
9.4471
8.9769
10.1859
9.1268
9.8724
9.7487
11.6076
10.5951
10.4355
10.3715
10.3483
10.9366
9.4959
9.1398
9.5933
9.4688
9.2369
9.7158
9.4073
10.3287
10.0915
11.5253
10.5303
9.7064
9.2401
8.7516
10.7658
9.9121
10.4657
11.1174
10.5171
10.9840
10.5073
10.2924
11.1608
10.1251
9.4598
11.4954
11.0514
11.1790
8.4793
10.4547
10.5142
10.4795
9.5182
9.1626
9.8469
10.0523
11.3163
9.8379
10.9892
10.4735
11.9150
9.4009
10.7315
10.7344
8.9679
12.9319
11.8957
9.6540
10.9020
9.2520
10.6719
9.2067
9.3851
8.9737
8.6751
10.5539
9.3753
11.3009
10.2640
9.7071
8.9794
9.4057
12.2738
9.6392
10.5754
9.6526
10.2196
9.7844
9.7865
9.8739
11.3439
9.3923
9.7429
10.5275
9.9664
9.0587
9.3211
10.8949
10.8565
10.6783
10.1283
11.4085
9.1340
8.9603
9.8828
10.9469
10.4109
10.6923
10.8065
8.3853
9.1629
9.8656
10.2050
10.0191
10.8585
11.9166
10.1315
8.9714
11.5102
9.9165
9.3126
9.2614
10.1261
9.8614
11.5868
12.6748
12.0074
10.6253
10.4334
10.1230
10.2188
9.3273
9.7985
10.2630
9.6772
9.6074
9.0492
10.4283
9.7836
9.5010
10.8231
