2.3490
3.6988
4.2076
4.6154
7.5555
6.2197
7.5685
5.9728
7.6390
5.9181
6.9003
5.9529
7.0310
10.0424
8.4832
8.7663
7.5989
7.3298
10.0054
6.0001
9.4720
8.0223
9.0909
14.3787
7.4609
8.9058
11.0837
14.4069
8.1033
11.4117
9.7588
8.3114
8.4159
13.0167
12.2464
8.0696
13.3249
13.3758
11.3792
10.3543
10.2873
9.1198
13.0581
11.6176
10.0411
10.1637
13.9021
11.5785
9.9478
9.6347
12.6205
10.2577
10.2347
12.6291
11.2814
12.9775
11.2224
10.9452
13.7628
12.4200
10.4175
13.1053
8.8792
21.9164
12.4972
11.3942
9.4096
22.2113
12.3771
13.2537
9.4286
12.1930
11.3279
10.9113
14.2143
9.3732
12.4521
8.2832
9.4886
12.6200
12.7354
11.6053
13.3638
14.6867
15.8276
11.7022
12.8601
10.5843
14.1147
13.7085
13.3880
12.5401
11.8562
10.7495
12.7479
10.4497
12.3892
10.8204
8.8594
12.6786
9.6279
8.7630
13.5281
12.8054
12.4274
16.9502
14.4676
13.1996
15.7789
13.4911
14.0300
13.0253
15.7459
12.7064
12.3670
15.1663
15.4938
17.0576
14.4138
12.7109
15.1727
13.2505
13.7377
15.8810
13.2463
15.9881
12.2734
12.3700
13.0203
11.1566
11.1787
12.7742
20.2209
10.1746
14.2369
14.7211
13.2268
10.0435
12.0105
10.9907
10.2287
14.3328
10.3175
11.2318
10.4901
14.4669
11.7954
11.6444
10.3791
13.3319
15.2401
12.6077
10.4609
12.3118
11.6545
11.8604
12.5590
13.8218
8.8425
11.7200
12.5383
12.9714
10.9094
13.3386
12.6716
14.8150
14.2995
10.5540
12.8206
15.6939
11.4971
14.6039
13.0116
14.4814
13.7498
13.5328
11.8565
14.3597
12.6129
11.1063
11.6769
13.4898
13.4845
15.5519
16.3003
16.1371
16.6646
14.9859
17.0497
14.4572
15.5267
15.6138
16.9503
17.3412
17.3365
16.6084
18.5378
18.3983
15.0044
16.2159
