3.3248
7.2870
10.3298
11.7111
13.1185
15.0340
14.4085
14.7965
17.1448
17.0524
17.6261
18.1788
17.9439
16.5323
15.7494
20.2513
17.6531
18.4939
16.8467
17.2568
22.2170
17.7833
19.0304
19.6847
18.9781
16.2167
18.0946
19.2122
18.7426
18.7069
20.5816
17.7320
18.2984
18.8377
19.8436
15.5808
19.0515
18.9178
20.0365
19.9115
17.9224
20.2215
17.1308
20.0774
17.6274
19.1740
16.7638
19.0732
15.7406
19.0842
19.2546
21.2678
18.8484
20.0430
18.1547
19.6349
20.2352
21.1388
19.5442
18.0085
23.5359
21.4967
20.9879
24.0938
19.5054
24.6347
21.5937
23.1318
24.9007
21.0171
19.6501
22.7521
22.9165
20.2348
23.1768
24.6395
26.1442
24.6491
21.6431
26.3471
23.7673
26.7451
21.6512
26.2069
24.7177
25.9868
24.0130
23.3199
24.8888
24.5872
30.7689
29.8534
27.3229
26.4775
27.6230
27.7991
30.1460
29.4865
22.6722
26.7719
25.5247
30.4751
25.7050
26.9041
26.5070
28.4877
28.8231
31.4318
23.9713
26.1513
30.9521
32.0813
29.5825
33.1547
27.7212
28.9445
29.1198
28.9102
31.8439
30.9874
28.2762
28.9799
28.3955
27.7872
27.5065
31.6642
34.6704
28.2798
31.4438
33.1075
29.7531
30.5669
32.4427
29.3903
33.2766
30.9340
33.2570
34.2553
33.8823
33.7924
35.9244
33.1282
35.1481
33.2834
31.4238
36.5220
31.4621
31.3248
33.8268
36.4884
32.3044
30.7371
34.6187
39.8323
34.0021
34.5458
35.7056
39.0758
42.1620
30.7600
33.5427
39.4847
35.7622
39.7525
35.0408
32.7941
38.3940
34.3612
42.7076
33.5459
34.8239
37.0254
33.8279
38.8827
37.3321
35.8472
40.4976
39.6644
41.0678
36.2623
35.9772
40.8993
41.3401
38.3134
37.7339
35.3373
39.5280
46.3620
40.8813
42.7219
38.7701
42.1712
36.4540
39.4259
35.1813
45.9383
42.2908
39.6767
42.9235
39.2447
