22.1275
11.7298
9.8217
8.2821
9.0477
7.3970
9.2346
8.1136
10.8864
7.7552
8.6089
6.5633
7.4859
9.7377
7.9895
7.9185
6.7555
7.5554
6.8332
6.3678
8.4673
8.0504
7.3328
7.5693
6.8352
7.0926
5.9609
7.0624
7.5113
6.4671
7.3643
7.6673
7.9170
5.9427
8.6819
6.9472
7.9205
7.7912
6.9728
6.8066
7.0439
7.2241
7.7094
7.5239
7.8482
9.4066
6.8207
8.0676
7.9390
6.1542
7.3893
7.0105
7.9193
6.9937
6.5948
6.5923
8.6828
6.6705
7.1218
7.9742
7.9335
6.9423
8.3076
9.8208
7.8589
6.8878
8.1689
7.5049
7.1588
7.5469
8.0674
7.5473
5.3232
5.7469
7.7296
8.0783
7.5838
7.7369
7.0010
6.4257
8.2237
7.9017
7.0206
6.3491
6.6401
8.2286
6.3357
7.1175
7.2551
6.3829
8.8401
7.5924
7.3706
7.7682
6.8338
6.0490
7.8756
8.3123
8.0164
7.5911
5.9808
7.5745
7.3568
6.5368
7.6696
7.1203
6.2971
7.2593
5.1916
7.2507
6.5998
8.3149
7.7371
8.2380
6.8069
6.7934
8.0737
6.6614
6.9342
7.2026
8.3216
7.4925
6.8050
6.1767
7.1163
7.0867
6.9662
6.9799
5.8717
7.3758
6.9431
7.2753
9.5730
8.0541
7.0256
6.6509
7.0090
6.0097
7.3024
6.3870
6.9568
7.8450
7.1217
6.5689
6.7571
7.9876
7.5514
6.8989
7.0272
7.5116
7.4110
8.3673
6.2973
7.4758
7.5798
7.1876
6.8594
7.7800
6.8151
7.8114
6.1676
8.4203
6.2952
6.4178
5.9691
6.5431
6.9933
7.3247
6.9087
6.3409
7.0750
7.8623
7.1497
6.9108
7.8195
8.7224
7.5907
6.9295
8.3656
5.8440
7.0273
7.5762
5.9249
6.6643
7.8306
7.4598
6.8105
6.8268
7.8902
7.4129
8.3454
6.0321
6.4527
6.7862
6.7470
5.9064
7.5100
7.3510
8.1958
6.9640
