1.8949
2.1080
3.0849
4.8950
6.5185
6.8072
5.3713
7.4930
8.4042
6.0768
7.1664
7.6289
7.0294
6.9485
8.6238
7.5751
7.9702
8.0038
7.8963
6.9579
7.8973
8.0316
7.6679
7.2008
7.7063
7.8932
7.9637
9.0652
6.7954
6.1157
8.4152
7.2982
7.5936
7.2382
6.9317
7.5701
7.1820
6.7568
6.5247
8.0818
7.5006
6.8582
9.0310
8.2346
7.7667
7.9046
8.1706
8.7107
7.8082
8.0121
8.0609
7.6215
8.9951
7.9734
7.7055
7.4798
7.4326
8.2759
7.0682
7.9721
8.9692
7.8633
9.8793
7.9996
6.7391
8.3378
7.5452
7.2514
8.5276
8.3112
7.1191
7.2888
8.5599
7.1100
8.2930
7.9868
8.4510
7.1879
7.7084
9.1759
8.7653
7.6188
7.6697
8.1296
8.1315
7.6213
8.8657
7.8480
7.9368
9.0224
8.4383
7.2672
7.9791
9.1723
6.9252
8.6969
7.7776
8.1975
7.0965
7.1609
6.9508
7.4681
8.1506
8.5238
8.9939
7.4327
8.4325
8.7472
7.1049
8.7209
9.2624
9.1226
8.4342
8.0713
7.0805
7.9158
8.1534
7.4137
8.8640
8.0906
7.5436
7.2976
8.3418
7.8706
7.5241
8.1760
8.4273
8.5311
8.8867
6.8377
7.4130
7.0025
7.3040
8.8295
7.8845
7.4154
8.3569
7.8038
8.0801
8.2271
7.9100
7.2521
7.4964
7.5139
7.4501
7.3592
7.5470
6.9988
7.5353
7.7951
8.4974
7.1829
7.4377
8.1151
7.8896
7.1464
7.3695
8.3886
7.2645
7.7123
7.2994
7.4648
8.4308
9.4717
8.0590
6.8171
8.3352
7.4649
10.2154
8.0629
8.2809
8.0502
8.6156
7.6572
7.9962
8.1624
7.3825
8.2516
8.9285
9.0397
8.4098
7.2877
8.6221
7.7700
8.7038
7.8246
7.2703
7.7908
8.1355
7.6338
7.2343
8.2647
10.0975
7.9294
8.5057
8.6203
7.5701
8.6063
6.6300
7.7605
