17.6140
11.7562
4.4890
3.5550
3.9954
4.6874
4.9505
4.4415
2.7974
3.3985
2.0286
3.1888
4.0069
3.9653
3.1608
3.6556
2.4659
4.3198
3.2481
2.5348
2.8868
3.7626
3.3195
4.2774
3.3908
3.4192
3.0339
3.6713
2.9564
3.5505
5.5310
3.0440
3.9362
4.7496
2.2098
3.7168
2.7229
3.2509
3.3374
3.3979
3.8889
3.6246
3.0183
3.9962
3.6187
3.3321
2.5888
3.5381
2.0192
3.5647
2.7855
2.9231
3.1252
2.6658
3.1500
2.6869
1.8982
2.8297
3.4468
4.3612
1.7419
4.2259
2.9869
3.7832
2.4728
2.7025
2.7780
4.7733
3.4559
2.4340
2.9838
2.9345
2.8272
3.9373
3.1018
4.0813
2.7962
1.9753
2.6566
2.2705
2.5903
4.0605
3.6708
2.6320
3.4712
3.2177
1.8763
2.0246
1.2807
1.9471
2.8976
2.4672
2.1534
2.3274
2.9287
2.8798
2.5758
1.7933
3.1427
3.4501
2.4074
3.8090
3.6739
3.0642
1.4613
4.0215
2.8989
3.2515
3.7619
2.7963
2.4155
3.0334
1.5838
3.4528
2.7719
2.5501
4.1517
3.3390
2.2678
2.2722
2.5666
2.4512
3.1024
2.9523
3.9469
2.3113
3.1481
3.9443
1.9547
2.2067
2.6942
3.5223
2.8331
3.2639
2.0992
2.8841
3.4955
3.2458
2.5476
2.0395
2.3790
2.2018
3.1272
3.4611
3.0468
3.5151
2.4696
1.9422
3.7018
1.8873
2.8843
1.8971
3.2448
1.9668
2.6005
4.2335
2.4055
3.4042
1.8435
3.1539
2.0624
2.3495
3.9178
2.2438
2.1009
2.5863
2.3601
2.5580
4.7973
2.0490
2.3174
3.0398
1.6494
2.7596
2.1850
2.8507
2.7780
2.1466
2.8038
3.8625
1.4925
1.5106
2.6342
2.5260
3.0965
3.6435
3.0230
2.1989
2.3490
3.4882
3.4089
2.4563
1.9775
2.0378
2.4074
1.7739
1.8954
2.6266
3.4538
2.1461
