1.1434
6.2319
5.9124
6.0064
6.1673
5.6914
6.7455
5.8604
6.2325
5.9297
5.8662
6.0427
5.9366
6.1343
5.6403
6.3981
5.4010
6.5893
6.0585
5.7721
6.3205
6.2669
6.1010
5.6344
5.9599
5.8175
6.6965
6.6634
5.8893
6.0428
5.5505
5.9939
5.6957
6.1110
6.0882
6.0600
5.7036
5.8014
6.1669
6.0713
6.5444
5.8003
6.2748
5.6915
5.8394
6.2316
5.9815
5.7540
5.9751
6.1790
5.9450
5.9110
7.2052
6.9914
6.1913
6.2579
6.1950
5.5897
5.4910
5.8517
6.1345
6.3205
6.0881
5.4392
6.9672
5.8213
6.9729
5.9917
6.1559
5.7731
5.7428
6.6822
6.1380
5.7823
5.7607
6.2827
5.6927
5.8268
6.3814
6.2801
5.5184
6.1712
5.8883
6.0590
6.3664
5.9709
6.2108
5.9905
5.7001
6.8397
5.6632
6.0783
5.6448
5.8130
5.7167
5.7956
6.3673
5.5965
5.9025
5.3532
5.7675
6.5459
6.0393
6.3785
5.7187
6.0977
5.5172
5.5787
5.5055
6.9154
6.3480
5.6687
5.8703
6.0105
5.6594
6.1679
5.9103
5.8712
6.5759
6.0360
5.5319
6.1764
5.5467
5.9403
6.5641
5.6806
6.0125
6.1120
5.5463
5.9856
5.9808
6.2383
5.9742
6.5060
5.7951
6.0008
6.5448
6.5985
5.5941
5.7266
6.3611
5.3443
5.5491
5.9246
5.8208
5.5923
6.0297
5.9563
6.0966
6.5801
5.8690
5.9008
7.3533
5.5802
6.3096
5.4540
5.8183
5.9674
5.9984
6.0693
6.4069
6.9057
5.8081
6.0844
6.2444
6.0786
6.6459
5.9764
6.0052
5.7675
5.8601
6.1354
5.7629
5.9665
6.4969
5.6759
5.8813
5.6810
6.6902
5.9337
5.6350
6.7937
6.2439
5.9431
6.2410
6.7011
5.5477
6.4705
6.1450
5.6758
5.9894
5.4920
6.5561
6.6670
6.0576
6.3799
6.3860
6.2822
6.4204
6.0336
