2.1927
1.6454
2.0605
3.0436
2.6597
2.3942
3.5308
2.4915
3.0064
4.0271
2.5607
3.4458
2.9622
3.5685
2.7938
2.7613
2.4533
3.3316
3.3214
2.5231
2.3400
3.4316
3.0401
3.3394
2.7134
3.2249
2.7811
2.2543
2.5318
2.5417
3.1311
3.0279
3.2997
2.2553
2.2087
2.6711
2.7150
2.9452
2.6052
2.5000
2.7547
2.6565
2.4987
3.2137
3.6520
3.2606
2.6549
2.8468
2.2347
2.5220
2.7972
2.3854
3.1404
2.4419
3.0535
2.5901
3.0787
2.5094
2.3570
2.3201
2.8913
2.8803
2.8487
2.7400
2.4951
2.7910
2.5408
2.6733
3.1883
3.3022
2.2925
2.7052
2.5283
2.6483
2.1284
2.5074
3.1568
3.0623
3.2137
4.7187
2.8374
2.6366
2.9281
2.1528
4.3058
2.8577
2.7798
3.3689
3.8291
2.6122
2.1464
2.9070
2.6960
2.7167
2.5717
4.0036
2.9933
2.5657
2.7886
2.5607
3.0293
3.1514
3.0210
2.4636
2.6950
2.4797
2.1130
2.8703
3.1159
3.5268
2.6528
3.2742
3.0498
2.4842
2.7978
2.8397
3.2807
2.9669
2.7446
2.8985
4.1842
2.5797
2.8877
2.9285
2.6423
2.8528
2.5475
2.1314
3.3298
2.6446
2.3765
2.6999
2.5977
2.6651
3.5038
2.3254
2.7252
3.1340
2.9500
3.0054
3.0917
3.3013
2.3611
2.1457
4.0385
2.9029
2.8165
2.4556
2.5683
3.2261
4.2023
2.2271
2.3396
2.9510
2.7137
2.9180
2.3378
3.5559
2.6174
3.6772
2.4860
2.1917
2.7788
2.8701
3.0190
2.9869
2.5495
3.1315
2.5088
2.4683
2.4785
2.1505
3.0382
3.2096
4.0179
3.2015
2.8948
2.9972
2.7022
2.9286
2.7810
2.4169
2.5766
2.6231
3.0754
2.5464
2.2868
2.4470
2.2310
2.3668
2.6493
2.7137
2.8410
3.6716
3.2690
2.5203
2.4952
3.3846
2.2393
2.6365
