2.7081
4.3880
6.6374
8.2772
6.9147
8.0361
7.9782
7.7056
5.9670
6.0903
5.7442
5.2402
5.3109
5.3776
5.9601
5.8731
6.5429
4.7263
6.5290
7.8605
5.5335
7.0649
4.5111
5.2665
4.3163
3.8353
6.7535
4.6531
4.9593
4.1760
5.0099
5.0672
5.4874
5.4197
4.1699
4.5232
6.2346
7.4261
4.1556
4.7087
4.7975
5.5231
6.9408
5.3978
5.5965
6.3801
4.0895
5.1669
4.9050
5.2595
4.8734
4.9714
3.9364
4.4979
6.3626
4.2853
4.6517
4.6213
4.8831
5.0859
7.0240
6.5232
5.0082
4.8791
5.5540
4.5476
4.1705
5.4108
5.1665
4.9494
4.6238
5.8472
5.0169
4.1093
4.5145
4.4581
5.1430
4.3476
4.2670
4.7997
5.8160
3.9974
5.3597
5.8549
5.1747
6.1430
4.2064
5.0166
4.0499
4.3636
4.6674
4.3080
4.1574
4.7889
5.1398
3.8235
5.2296
3.7732
3.9106
4.6330
4.8753
4.6529
4.5476
5.5231
4.6420
5.2258
3.6935
4.6418
4.6414
4.6204
4.2585
4.5251
3.8977
3.4584
4.3878
3.9377
4.4709
4.0031
4.1500
3.7138
3.7024
3.5503
4.5022
5.1109
3.2670
4.4109
4.6769
4.8196
4.4585
4.7794
4.4668
4.4764
4.5259
3.7742
4.0150
3.6005
4.5261
4.0600
4.1421
4.8214
3.1616
4.2544
4.8621
4.8195
4.3160
4.3913
3.9949
3.8662
6.8845
4.4483
4.5771
5.2591
3.3513
4.2581
4.3463
4.9525
4.3217
4.8330
4.7810
4.4087
4.1177
7.1173
5.9018
4.2259
3.1713
4.9113
3.5524
4.9916
3.3754
3.4923
3.2821
4.6144
4.8709
4.1488
4.4558
5.2282
3.7235
2.8487
4.1436
4.5998
3.8814
2.9622
4.4507
4.5189
4.8681
3.8871
3.2143
4.0321
3.2956
4.0519
3.4312
4.0516
3.0021
3.4298
5.3020
3.5885
3.9136
4.4626
3.0390
3.1806
