2.9530
6.1731
10.4164
16.6008
20.7245
20.6806
20.7799
22.4256
22.6265
25.5480
24.6004
20.4174
23.7932
22.9291
24.3823
21.4504
24.9536
24.8052
21.6823
25.1697
20.2772
22.4815
24.1555
23.6220
21.4837
24.6907
22.2144
22.4041
22.4327
23.8474
20.8907
22.2351
22.9764
22.0124
23.1553
22.1625
23.0522
24.8171
21.8988
21.3809
22.2701
22.9788
22.5423
21.9517
20.5480
21.8742
22.8835
21.4301
23.3128
22.0522
23.0365
20.4633
22.0516
22.2932
23.0567
21.0811
21.6747
21.9085
21.6257
21.5914
20.6992
20.2534
21.9969
22.3981
20.4095
20.5598
22.0215
21.5500
20.5356
20.5731
21.0022
21.7494
20.8361
21.1634
20.8156
19.0905
18.6254
21.7293
19.6024
21.2584
22.1510
18.6866
21.2459
21.1381
20.2232
20.9996
21.8245
19.7037
21.4012
20.4697
20.5319
20.0273
19.6549
19.3911
20.8280
20.2764
21.8473
22.4016
20.7927
19.7119
20.5195
19.3549
18.6764
20.5871
20.2200
19.9242
19.7888
21.0100
20.2814
20.9757
19.2017
21.8246
20.6975
20.3223
18.7932
18.5048
18.8755
20.5435
18.3296
19.7715
17.8208
18.0962
20.9394
19.4816
21.5037
17.9483
20.0571
20.2861
18.9903
18.9349
18.4682
20.8885
18.9820
18.5919
19.2393
22.1448
19.6924
19.2647
21.9587
19.1536
20.7059
20.7224
19.8398
18.3462
19.9926
21.3732
21.3025
20.3415
18.6949
20.2042
17.7050
19.7497
19.3763
20.1074
22.6065
18.2955
18.7253
20.0938
19.2434
21.6314
20.2297
19.2313
18.6113
20.7400
19.4261
20.9194
18.0147
19.2446
18.9914
17.2047
18.8436
20.0386
19.8017
20.2771
19.1338
18.5270
20.7233
19.6694
19.7328
17.1613
19.4003
20.2945
20.5139
20.1970
19.4614
17.5621
20.0373
20.1459
21.2721
18.4157
17.4218
19.4749
19.5798
18.0719
18.8567
19.5656
18.3541
21.2669
18.8566
17.3407
