10.1224
16.1195
16.5605
10.1445
15.8653
16.1487
17.1540
11.2771
18.5183
13.1451
13.5932
16.9278
16.0006
14.0872
16.1574
13.0096
14.5297
12.6642
10.9137
11.8525
14.2216
12.3998
18.2671
15.2517
15.2241
8.5929
16.5734
13.4780
13.6461
12.7564
14.1849
16.1573
13.7680
16.8144
15.1156
11.2640
14.5516
14.7795
14.3700
12.4564
15.2443
12.8046
11.8888
15.4540
14.0753
11.0429
15.4323
14.6856
12.7743
14.9864
12.3271
15.3546
14.6224
14.6644
11.7546
12.3091
14.2455
14.1763
13.2965
15.6216
13.4262
16.6762
18.2349
13.0594
12.6598
14.5236
12.3599
10.5115
12.2424
14.2703
15.3882
13.0886
12.2179
13.9481
13.4382
12.0555
14.8359
12.1879
17.7994
13.8814
14.0465
14.9488
13.4985
13.7856
9.2595
13.9272
15.7135
13.9593
13.2069
15.7718
11.5568
14.5465
16.9832
13.1037
10.9148
11.2536
13.9667
14.2879
11.9893
12.7283
13.0194
14.1004
14.8346
13.3366
14.5558
15.4473
12.5128
8.3398
15.5682
13.9496
13.2869
14.2965
14.2624
13.7036
14.7979
14.3986
11.6037
18.0800
15.0695
17.4690
13.6838
15.2143
13.6806
14.5322
14.7228
13.2838
11.8310
13.1977
11.1410
12.3068
13.9405
14.2411
10.5795
15.4477
17.2597
15.0133
14.1893
14.6644
11.4356
13.1004
13.9534
12.3286
14.0196
13.5267
13.1272
16.8156
14.3913
14.3673
15.8501
14.3593
12.8068
14.1294
15.0399
17.0968
16.1090
15.9128
13.4213
14.0285
14.1579
13.4950
12.0265
14.4498
15.9245
13.3942
13.3875
17.1313
16.3936
14.0844
15.2066
12.7018
13.3447
13.5594
13.9134
12.9452
16.3432
17.0421
15.5380
14.2381
13.8436
9.9820
14.0669
11.5014
11.6395
12.3487
11.5348
13.3482
11.1674
9.3634
14.7537
13.1024
14.5414
15.8405
14.3017
14.2858
15.2125
15.2478
13.0015
10.9595
17.5166
14.8727
