2.9159
3.7389
5.1804
7.0219
7.0824
6.9223
8.4241
7.5310
6.8966
10.0988
10.2826
8.6553
9.8018
8.5836
13.3079
10.7389
8.9217
10.6077
11.5117
13.4614
11.1148
12.5897
11.0148
10.4028
11.0265
11.9415
9.8587
9.6348
9.8472
13.1847
8.7811
9.1686
10.4565
9.7497
9.2757
9.1501
11.6452
13.3053
10.6089
8.3633
7.8700
9.5673
8.8571
9.2560
7.7453
9.0660
11.1657
10.2273
8.5239
9.2308
9.4724
7.1989
7.3417
6.6885
6.6263
9.0065
8.3934
6.7042
7.9024
8.9354
8.3420
7.5663
8.5545
6.6473
7.5077
6.5423
9.3944
7.1138
7.2046
7.3545
6.5902
5.4871
7.7836
6.2590
6.6822
9.7905
7.6703
8.1395
8.0501
6.5629
7.8163
7.1915
6.8110
6.6738
9.4652
7.6181
7.0534
6.8911
8.3032
6.8768
7.4658
7.2500
7.1931
5.7390
8.1606
8.1113
6.5232
6.2799
6.8012
6.3054
6.9954
7.8247
6.6439
7.3985
8.9339
7.7371
5.7864
6.3900
7.2920
6.0244
7.5662
8.3040
7.3252
9.5941
7.3180
6.5871
7.5902
7.3704
5.1602
6.9830
6.9830
7.5261
7.1400
7.0259
6.4889
7.1963
8.9664
7.1044
6.3700
7.4251
7.9479
6.5463
7.1413
7.7468
8.7386
7.1436
7.3393
7.3077
7.8285
6.2140
7.4588
6.8592
7.2999
5.6570
6.1936
7.6917
5.6933
7.2859
6.8795
6.3542
6.8818
6.8632
6.4221
8.2460
6.6629
6.8430
8.1600
6.1974
5.5856
8.1274
5.6125
6.2767
4.9881
7.5539
6.7765
7.7770
5.1131
6.7328
7.3555
6.3626
5.0882
5.7553
8.3618
5.8666
6.6258
8.1177
7.2354
4.8197
8.0683
7.0652
5.5785
6.6490
6.8945
6.5394
6.3297
7.2881
6.1538
5.8559
6.5499
5.8495
5.5703
7.6411
7.0338
6.9953
7.4723
6.5580
6.3085
7.3339
5.5674
5.9827
