0.2766
3.1031
5.3710
8.0107
7.3445
8.5670
8.1704
7.4961
6.9399
6.3322
6.1822
5.5052
7.6248
9.3717
5.8200
4.9525
4.9434
7.7596
6.3122
5.3362
5.2532
4.7276
4.7920
4.8620
4.5839
5.1988
4.4067
5.3869
4.3619
3.9825
4.3504
4.1708
4.0267
4.2106
4.1690
4.1358
4.4388
4.3425
4.3849
3.8383
4.3277
4.0188
4.8609
3.7485
4.1716
3.9870
4.5422
4.1005
3.7612
4.1726
3.7288
3.9018
4.0060
3.7657
4.1451
3.9202
3.7353
4.0847
3.7402
4.7660
3.7789
3.7193
3.6989
3.6986
4.8480
3.2742
4.3153
4.2592
4.0745
3.8093
5.0568
3.6969
3.7421
3.9312
4.5757
3.9903
3.8000
3.4711
3.9602
3.9070
3.8032
3.4894
3.4685
4.3140
4.6038
3.3408
3.7065
4.2249
4.2760
3.4693
3.5772
3.5922
3.6363
3.7429
4.1558
4.1618
3.5475
3.6298
3.3675
4.0250
3.4220
3.8393
4.2316
3.8121
3.8556
4.1751
3.6627
3.7548
3.9560
3.9720
3.8414
4.0942
4.1222
4.3482
4.0673
3.7738
3.4741
3.0782
4.4800
3.8863
3.9471
4.0962
3.7113
3.1412
3.6147
3.2706
3.9567
3.3882
4.2502
3.6316
3.8327
3.7006
3.8989
4.1630
3.5440
4.5502
4.6069
4.5701
3.9970
3.9686
3.9057
3.8159
3.9427
4.2567
4.0154
3.6228
4.2525
3.4583
3.8375
3.9336
4.0039
3.1570
3.3206
3.8585
3.2466
3.6604
3.8275
4.1627
3.9785
2.9229
3.9984
3.9666
3.9524
4.3232
3.3292
3.8497
3.5978
3.9787
3.4916
3.9072
4.0991
4.1504
3.9206
3.6844
4.4575
3.7420
4.3047
3.9986
3.6138
3.5500
4.1089
4.2729
3.4895
3.6215
3.2356
3.8656
3.8664
4.1736
3.9856
4.5129
4.7033
4.6179
3.8567
4.0325
3.7848
4.3017
3.8034
3.5217
3.6425
3.6298
