2.7145
1.9343
2.5821
3.7546
5.0011
5.0342
7.2908
5.4970
5.3369
7.2264
5.3158
5.1649
6.9902
6.2108
5.8373
5.5841
5.7783
6.1311
6.4165
5.1460
7.0858
5.5794
5.5329
5.5210
6.8021
5.0438
6.1474
5.5310
6.4767
6.5827
5.8676
6.1429
5.1653
7.3601
5.9285
6.0712
5.8108
5.2474
6.0190
6.0372
6.7816
6.0016
6.0546
5.5499
7.0586
6.3023
5.4148
5.6263
6.3493
5.9377
6.0917
6.5136
5.1439
5.6539
4.5143
5.9000
7.0721
6.1226
6.2953
5.6031
6.0313
5.3383
6.5752
5.3442
5.7105
5.5726
5.4332
5.0073
5.3224
5.5759
5.2188
5.3281
5.0571
5.9066
5.1260
6.8102
6.0210
5.3539
7.1344
5.1955
5.7256
6.4512
5.6094
5.4433
5.7286
6.0624
5.4881
5.8745
5.9165
6.2752
5.1536
6.1327
5.4954
5.5941
6.6384
5.1265
5.7419
5.8507
5.7542
5.6599
5.9414
5.4094
7.3157
5.8072
6.2807
5.6259
5.7928
5.8765
6.4655
5.4432
5.9737
5.4147
5.3880
4.6253
5.2627
5.1853
5.3190
4.9549
6.6238
5.8747
5.6525
5.9380
5.3747
4.4256
5.7807
5.1731
7.3448
5.2966
5.1778
5.6352
6.0852
6.0886
5.2452
5.6781
6.2188
6.2719
5.2103
5.5740
5.2969
5.9135
5.0325
5.6516
6.1579
5.5891
4.5278
5.0222
5.5540
5.5196
4.4717
5.6758
5.2636
5.4253
4.8989
5.1272
4.8139
5.5237
5.1521
5.7118
4.9785
6.6150
5.2116
6.5162
5.2349
5.5459
6.7122
5.6185
5.9042
6.5253
6.2574
5.8471
5.8163
5.0438
5.4697
6.5818
4.8774
4.8710
6.5338
5.0908
6.1699
6.0455
5.4134
5.7534
5.2639
5.6743
5.9591
5.5071
5.0384
5.5577
5.0592
5.7163
4.7876
5.9058
4.8100
6.0101
5.1204
5.6859
6.1862
4.8578
4.7995
4.8857
