17.3249
6.8711
5.7428
5.0571
4.8491
4.0771
4.7392
4.1107
4.7598
4.1805
4.3269
3.4749
3.9265
3.6041
3.1719
3.4833
3.6033
3.8536
4.4753
4.0609
3.1918
4.3366
4.4636
3.9568
3.4680
4.2377
4.3029
3.5829
3.7282
5.2599
3.9006
3.7388
3.8505
3.6324
3.1363
3.5493
3.5486
3.4332
4.0162
3.3418
3.4844
4.0860
4.2090
3.6864
3.9725
4.4093
2.8402
3.3418
3.0538
4.3318
3.7601
3.4071
4.1511
3.7582
3.7853
4.3590
4.0618
4.1262
3.0181
4.0938
4.1693
3.2635
2.9558
3.5326
4.2124
3.3048
2.7826
4.1089
3.5712
4.5514
3.6137
3.4494
4.1843
2.9300
3.8269
2.9524
3.0292
4.2466
3.5347
2.6069
3.2205
3.4396
2.9708
3.7634
3.1677
4.3281
3.4814
3.6430
3.0353
3.5187
3.7226
3.5581
3.9085
3.1100
3.0103
4.0295
3.2693
3.6801
3.5775
3.4622
3.1733
3.7405
3.3548
3.2497
3.1164
3.5912
2.7524
3.6550
3.9944
3.5494
5.2046
3.7013
2.9385
4.3356
3.4278
3.0771
4.3277
3.5208
3.2685
4.0775
3.8292
3.4859
2.7265
2.8116
3.0229
3.1687
5.3580
3.0205
3.5009
4.1849
2.5431
3.3380
3.1224
2.8634
3.6670
2.8268
2.8654
2.9077
3.7666
3.1478
3.5317
3.5359
4.6560
3.7382
3.5007
3.1125
4.0330
2.7641
3.2064
4.2997
2.8095
3.1514
4.2746
3.4768
3.0609
3.4555
2.9871
3.8589
3.7730
4.3343
3.3633
3.6814
3.8818
2.4583
3.0611
3.3430
4.9664
3.7928
4.0562
3.6331
3.2193
3.6437
2.9291
3.2202
3.3683
2.8852
4.3173
2.8195
2.8149
4.4714
3.3815
4.2923
2.9229
3.2292
3.1419
3.3119
4.6345
2.7142
2.9767
3.7061
3.8017
3.3273
2.8249
3.5158
3.4346
2.9911
3.0896
3.0199
3.2260
3.7048
