16.3971
16.9462
14.6750
19.2348
15.6901
12.9137
11.5833
17.1324
11.3752
9.5186
9.0721
3.8827
10.0438
11.3200
4.3062
4.5018
8.5891
3.0437
4.0103
9.0909
5.2842
12.1730
4.3065
3.2945
5.4626
3.4561
2.5876
2.9025
3.6688
4.9003
12.1461
12.1245
6.5121
4.4390
3.4870
4.6888
3.2864
2.3364
3.3404
3.8703
5.5618
12.6583
14.3241
11.3879
3.1200
3.5545
4.3436
3.0498
4.2425
6.0226
8.8142
15.7730
5.2472
3.5854
4.2396
3.3322
3.6822
2.0104
3.8081
4.0755
3.0891
4.2259
3.4210
7.2779
3.3746
10.7599
14.3601
3.8157
6.0673
3.0819
2.7593
2.6638
3.6961
3.3156
3.0146
4.0555
3.4628
11.4208
9.9877
5.0003
3.0975
3.9974
3.3959
2.5620
3.8720
3.9018
3.4648
4.2117
8.9805
15.6597
3.1103
2.5283
3.6317
3.1542
5.0797
6.9505
12.3084
5.4877
6.8362
11.2528
4.1225
3.7430
2.4295
2.1266
2.7452
3.4896
3.5658
4.7689
7.2630
9.7533
4.1152
6.8000
3.3398
2.8761
3.0366
2.0703
2.8003
5.6802
4.6809
10.3660
9.7018
5.7865
6.2617
2.7539
2.7080
1.9734
2.0936
2.4945
4.8318
8.7398
7.2708
10.1415
11.8388
5.5278
4.0857
3.6299
3.6390
3.0906
3.8243
4.1039
6.6732
10.7594
12.3923
4.9194
5.1600
3.7803
5.4807
3.9691
2.5243
2.1085
2.9087
2.7606
2.8003
7.5609
6.3640
10.0284
3.4157
8.2679
3.3542
4.5374
3.6971
2.8506
3.2856
4.1366
9.8489
12.4541
4.4478
2.9118
2.5723
3.6430
3.0900
3.3358
4.5466
5.6370
10.3695
7.0471
3.8253
9.8069
2.7226
3.2525
3.7285
4.8697
13.4991
13.7483
7.3134
6.9354
7.4940
2.5153
3.0706
3.1852
3.1943
3.3459
4.0756
6.1077
7.5620
10.3732
8.9365
3.6502
10.2576
4.3701
