4.8376
5.5667
7.5158
9.6888
12.5939
16.3052
18.5994
18.3099
21.6086
20.7852
20.2096
23.4424
24.0953
24.7746
26.0676
28.1187
26.9472
28.9220
30.0123
31.1037
33.1568
32.1269
33.0142
33.8836
36.0600
39.6801
33.1254
37.5319
38.4750
37.5380
35.4665
35.7390
35.0212
37.5709
36.3430
37.7808
40.1382
42.2686
39.3479
39.5122
39.7499
37.1483
40.2427
41.5897
31.7471
42.5241
38.8445
42.8085
42.4167
44.4767
42.8646
38.5591
41.0917
39.9211
45.6380
40.1384
39.3693
39.7559
39.0375
43.1477
41.9711
37.6986
41.5772
46.2482
43.8817
42.1648
40.1476
41.4293
41.8243
42.7657
41.0281
40.6025
43.0733
45.6594
43.6372
42.5381
39.4628
41.9445
44.2139
41.8861
38.8805
44.4700
47.0663
40.8840
45.9545
43.4550
45.9783
43.9041
46.5889
44.1743
50.2569
42.8220
41.3831
44.3971
47.5530
43.9845
41.6000
43.6573
40.6848
43.5913
47.4160
48.4578
52.9550
48.1561
39.7224
41.1953
38.0655
42.9843
42.9404
46.0735
44.9754
43.4851
45.5840
58.4218
47.1395
43.1235
49.2365
44.1240
51.4954
48.7278
47.8073
41.4140
45.0436
47.6540
48.2605
51.6594
46.0867
54.7609
55.2594
48.2638
43.4693
46.9034
51.3128
48.9712
40.3449
48.8457
51.7363
48.0942
42.2801
46.1314
44.7059
37.9225
50.1611
44.2757
40.3960
45.6759
91.2566
45.0031
48.9973
50.2332
50.3061
45.9925
51.1477
48.3063
49.5909
46.6689
58.3737
44.3797
46.9428
57.1949
45.4548
49.5472
49.5929
62.3700
49.0404
42.0334
50.2017
45.0861
42.8666
48.4639
59.4482
41.7970
50.1470
56.4339
45.8730
47.4658
45.7384
50.6691
51.0388
47.7300
49.1150
57.4435
47.7428
48.3415
51.0196
41.7181
46.2548
48.4485
49.8075
46.4557
53.9892
53.9128
44.7492
50.6004
52.7369
52.5721
52.5760
57.9738
55.8708
56.9646
