9.3194
7.4659
7.4425
6.5551
6.3389
6.6958
7.7278
6.8190
6.6620
6.0660
6.4936
6.4234
7.1667
6.4962
7.5678
6.0361
6.6102
6.3423
6.6925
5.5749
5.5294
5.9325
6.7771
6.4986
6.2714
5.7415
6.3148
8.2847
5.8514
5.1689
6.3246
5.8846
7.0252
5.5478
7.1644
6.3257
5.5193
6.3831
7.3375
6.6099
6.0160
6.8214
6.5346
6.5597
6.5032
7.3898
6.0090
6.3187
5.4177
6.0787
6.5864
5.8807
6.2041
6.1502
6.2238
6.9872
5.3941
6.1439
6.3503
7.0027
6.1495
5.5741
6.8210
6.5371
6.9560
6.2648
6.3787
6.4811
5.6854
5.5135
6.2491
5.2979
6.5648
5.6604
6.2094
5.7295
6.8669
5.7105
6.7856
6.0788
5.6948
6.0588
7.0423
7.7816
6.3019
6.5231
5.8039
6.1347
6.9627
5.7469
6.5407
6.4231
5.3753
7.6679
5.3428
7.0441
7.1243
6.4526
6.3781
6.4988
6.2712
5.9212
6.3298
6.6622
6.6851
6.3778
6.4659
5.5868
5.8957
6.3303
5.7607
5.6443
7.2455
7.6139
6.4476
5.5108
6.8853
7.0261
6.8208
6.6543
5.9377
6.8734
5.9275
6.3794
6.2585
6.8282
6.0985
7.1746
6.3921
6.5595
7.0506
6.3746
6.3256
6.1336
5.9394
6.2558
5.6155
5.1590
6.5274
5.7655
7.1402
6.6753
7.0763
6.4144
6.4042
5.5150
5.9946
5.8556
7.3600
6.8539
5.3120
6.3098
5.1441
6.7202
6.4593
6.1081
6.1731
6.3498
6.3952
6.6444
6.4291
5.6605
6.2716
6.4310
6.1259
6.4492
6.2397
6.4369
7.2015
8.1504
5.7616
6.9310
7.7560
7.5354
6.4584
6.2107
6.5221
5.5961
6.8651
6.3128
5.8931
5.6515
7.0401
5.2187
6.4549
6.1601
5.9326
6.3466
6.4081
5.9895
7.0603
6.4125
7.0775
5.9984
6.4178
5.3199
7.9809
6.7284
7.6728
5.4588
