19.1909
8.0552
6.9648
6.5574
5.2759
6.3447
5.7968
5.2476
4.4183
4.0795
5.0067
4.5307
4.3588
5.6458
4.2193
4.5459
4.3525
3.6494
4.4436
4.2549
4.2894
6.0337
5.3300
3.2420
3.6916
4.1294
3.9358
4.3137
4.1361
4.5646
5.1748
3.9561
4.5532
3.7824
4.1427
4.5849
5.3575
4.4830
4.4592
3.1801
3.3246
3.4625
3.8269
3.8494
2.9304
3.6762
2.8842
3.8865
4.1744
4.4729
4.5111
4.3494
4.4120
4.0622
4.1574
5.1574
5.0049
5.5551
3.8100
4.9620
4.3100
3.0627
4.3897
3.6478
3.5626
3.6546
3.6998
3.1704
4.9470
3.4601
3.5433
3.9781
4.8836
3.9202
4.4143
4.2742
2.8236
3.0959
4.3850
3.2194
3.7091
4.8236
3.9372
5.2419
2.9489
3.2790
3.4579
4.1130
4.9036
4.4937
3.8811
4.1488
4.1577
4.3651
3.4848
3.2381
3.6484
3.9641
3.9890
3.3570
2.9142
4.3742
3.9460
3.1056
3.4083
3.9341
3.9245
3.8773
4.0732
4.8788
2.8963
5.3617
3.2657
4.3322
5.4070
4.2409
4.0089
4.1796
2.9233
2.8724
3.9144
3.9021
3.4766
4.0351
3.1648
3.0950
3.5456
3.4974
3.4574
3.2974
3.4083
4.3814
3.9510
3.9550
2.8932
3.4112
3.3931
3.6989
3.9293
3.5884
3.8742
4.0607
3.0312
2.5970
3.5280
4.6293
3.8798
3.5639
4.4966
4.1530
4.3545
3.4863
3.4533
4.3778
2.7418
2.9956
2.7428
3.2331
3.4744
3.1974
3.3768
3.5538
4.0079
4.5752
3.8720
3.9804
3.2528
4.3772
4.0654
3.7423
3.7054
3.9758
4.2144
4.1349
3.6108
3.0258
4.3221
3.8978
3.0976
3.8609
3.7836
3.7214
3.6875
4.1459
4.4389
3.4721
4.5186
4.5360
5.1528
3.6131
4.1350
4.1961
9.5684
3.9231
3.7478
3.6300
3.9301
3.5270
3.2534
4.2872
