4.9808
5.0313
6.8867
9.4359
9.6198
12.7458
12.8106
13.1367
14.7804
15.4267
15.2844
16.1102
16.6566
18.3255
18.1750
17.2767
19.3357
16.9146
18.1054
16.3357
17.0355
17.4011
17.0792
18.3296
20.5667
18.0901
17.7627
18.5775
19.1057
18.2139
21.0884
19.7685
17.1258
19.5369
18.5740
19.6828
16.7157
17.3079
19.8666
19.4567
15.0461
18.5479
19.0909
17.6740
17.6084
18.1566
20.4824
22.3476
16.7874
18.2640
17.3850
19.4237
17.6467
17.9065
18.4772
18.9585
18.1690
17.5644
19.5024
16.8750
17.6171
18.9862
18.2091
18.4612
19.6816
15.9002
23.0893
17.6778
19.8402
17.5234
19.4480
17.3571
17.1942
16.5315
19.5840
20.0783
19.2976
18.1738
18.0621
16.7962
18.6516
17.5054
18.4089
20.5343
20.6644
24.6694
19.6625
19.9733
18.3036
19.6768
19.2269
16.9739
17.9446
18.2418
18.4690
21.2715
21.2249
19.9404
17.9447
19.0151
18.6489
21.0187
18.8779
18.6794
21.3659
26.5680
19.6249
20.0237
21.4699
18.1473
23.1069
22.3055
19.8870
17.9785
22.1362
20.5339
21.7328
18.7128
19.1607
19.0601
19.1007
15.8926
19.9087
21.3806
17.7314
18.0056
19.1353
19.5699
19.6462
17.6048
22.2372
20.7353
18.9908
20.1522
18.9201
17.8279
19.5919
23.8233
17.3364
21.4979
18.9573
19.5171
17.6763
20.0653
19.4057
21.9516
23.4427
24.6238
19.0246
18.7252
19.9379
16.5541
18.2461
19.7886
18.2629
19.8724
21.5299
20.9357
19.4520
24.2088
20.1233
16.1950
21.8947
19.3847
19.3661
22.8659
19.1637
19.9815
18.2008
19.1474
21.5594
20.0590
22.4084
24.9801
18.9066
20.1193
18.1210
17.8254
21.1907
21.6223
23.6484
18.2612
19.0378
19.0404
23.4818
23.7164
19.8426
17.9009
19.7203
21.7968
20.1028
20.6373
20.3314
21.3139
24.1164
19.6961
20.9750
20.9683
19.7819
21.3745
