0.5681
0.6200
0.6306
0.6245
0.4255
0.4510
0.5547
0.4223
0.4316
0.4818
0.4569
0.4437
0.4983
0.4120
0.4098
0.5410
0.4186
0.4782
0.3886
0.5071
0.5085
0.4644
0.4070
0.4110
0.3461
0.3949
0.4036
0.4094
0.3965
0.4057
0.3711
0.3675
0.5413
0.4005
0.4398
0.4560
0.4840
0.4374
0.3906
0.3974
0.4244
0.5311
0.4260
0.4645
0.4304
0.5480
0.4206
0.4282
0.4191
0.5092
0.4339
0.3842
0.4020
0.4070
0.4733
0.3300
0.4652
0.4356
0.4486
0.3858
0.4143
0.4156
0.4150
0.3873
0.3925
0.4253
0.4111
0.4253
0.3670
0.3666
0.3518
0.4740
0.5161
0.3689
0.3305
0.3980
0.3977
0.4267
0.3908
0.4557
0.3574
0.4920
0.3920
0.4242
0.5059
0.5462
0.4292
0.4433
0.4433
0.4369
0.4345
0.3796
0.5157
0.3403
0.4099
0.3740
0.4262
0.4221
0.3903
0.4465
0.4251
0.4375
0.4237
0.3965
0.3594
0.4072
0.3210
0.4385
0.4395
0.3994
0.3583
0.3482
0.3780
0.4468
0.3756
0.4368
0.3899
0.4381
0.4001
0.4482
0.3956
0.3899
0.4387
0.3866
0.3974
0.3642
0.3860
0.3952
0.5242
0.3916
0.4172
0.4816
0.4218
0.4331
0.3222
0.3548
0.4581
0.3697
0.3838
0.4166
0.4640
0.3963
0.4478
0.4099
0.4222
0.3283
0.5251
0.4513
0.4032
0.4459
0.4624
0.3586
0.4283
0.4910
0.5103
0.4326
0.3949
0.4322
0.4869
0.3429
0.3843
0.3649
0.4578
0.3998
0.3195
0.5004
0.4520
0.4073
0.3167
0.3568
0.3244
0.3643
0.3866
0.3488
0.3310
0.3810
0.3442
0.3702
0.4852
0.4343
0.4301
0.4219
0.3445
0.3766
0.3433
0.3725
0.3420
0.4175
0.3916
0.4377
0.3756
0.3819
0.4430
0.3623
0.4642
0.3935
0.4406
0.4814
0.4335
0.4051
