15.9231
11.3801
12.4366
9.7410
10.3193
9.8240
9.6224
10.5268
8.0562
9.1216
11.9630
8.9006
8.0688
8.2993
8.0817
7.0768
8.6244
9.5079
8.2958
8.2534
9.3525
9.4792
8.9612
7.7081
6.5865
8.6357
8.6203
9.7625
8.6293
8.3006
8.1991
8.7599
8.0420
7.6737
9.4686
7.7932
9.1438
8.3497
7.1549
8.2275
6.7815
9.2805
7.1044
8.1326
8.6651
8.5569
8.2741
7.6163
8.5235
9.3237
9.2618
7.7284
8.5118
8.7153
6.5906
7.6353
8.9567
7.4887
8.3639
8.5383
8.3010
8.6617
7.0736
8.9909
8.9665
10.4959
6.8787
8.1283
7.7307
8.6372
7.3150
8.2126
8.4466
8.7943
11.1998
7.7488
8.2991
8.6637
8.9602
8.0575
8.1656
10.3419
7.3060
7.6515
8.0721
8.2787
8.0570
14.5257
8.6943
7.4171
6.9137
7.3507
7.5144
8.5667
8.7447
7.5822
7.9616
9.4684
9.6240
7.3041
7.7749
6.4239
7.5249
7.9296
7.0900
7.0113
8.5364
7.8603
8.4391
8.7652
8.9313
9.1443
7.6603
7.7654
7.4844
9.5001
8.3476
8.4927
9.3225
8.2362
8.3250
9.2201
8.4064
7.7506
6.7595
7.8672
7.3564
9.2360
8.5654
8.8967
8.5573
8.4317
8.4452
7.8203
7.0897
7.2124
9.8571
8.3015
9.6239
8.2242
9.1445
8.1226
7.2276
7.4122
7.3588
7.2659
8.6213
9.3831
7.4749
7.4561
7.2729
8.0548
9.5747
9.1971
8.8713
7.1848
9.3515
8.0430
7.0573
8.4805
7.4143
7.6084
8.6236
7.8341
6.9005
9.4787
8.0007
8.0856
9.2613
6.7435
7.0129
8.7604
7.5516
8.2181
7.5502
9.3861
7.3836
7.4780
8.1761
9.8674
7.2210
8.5227
8.4940
7.5952
9.2204
8.2213
8.2030
7.3935
7.0642
8.5454
7.2094
7.1599
8.3099
8.8052
7.9696
7.6705
7.4104
8.2313
6.9785
8.3228
