2.6625
4.0098
6.1440
9.2122
9.4137
8.8635
8.1193
7.4470
6.8934
9.7066
6.2631
5.3291
6.8262
6.1238
7.6206
7.0430
6.0558
7.0863
6.4738
6.1869
6.4793
7.0991
5.7823
6.2059
5.6078
6.7246
6.6113
5.1034
5.1683
5.6666
5.8680
5.2505
5.8318
5.0832
3.6537
7.9711
5.2318
5.2833
4.2342
4.5326
4.9318
4.6377
4.7889
4.9437
4.9858
5.3016
4.4893
4.0122
4.2165
4.4802
5.1057
4.7996
5.3505
5.5325
4.6638
5.0767
4.8688
4.1505
3.9959
3.6997
3.5651
5.2726
4.7121
5.0630
4.5035
5.0091
5.3688
4.8514
4.6862
4.3636
3.8761
3.8598
4.6411
4.9050
5.1183
3.7240
3.6465
4.5013
3.4603
4.2862
4.6298
5.7651
4.7314
4.9518
3.6949
5.9287
3.6448
6.6072
4.1810
4.8235
4.2668
4.5305
4.7533
3.4872
4.0934
5.5092
4.2606
4.9926
4.3679
3.2813
5.2145
5.3367
7.6494
4.3451
5.2406
4.7575
4.5211
5.8205
5.1315
3.4181
4.5626
5.0160
4.0290
4.1111
4.1375
5.3397
4.7655
3.9505
4.6024
4.5120
3.5247
4.5414
4.7820
4.9873
3.9818
4.1485
4.2893
4.6863
4.1352
4.7226
3.9374
3.4321
4.4912
4.1804
4.4002
3.3286
4.4828
5.3759
5.0768
4.5333
3.4796
4.5156
5.2697
3.7453
4.9321
4.9901
4.8797
3.6361
3.8575
4.2416
4.0614
4.9484
3.8714
4.3154
4.8199
6.3580
3.2551
5.4293
4.1626
3.5488
4.0181
3.7386
4.8130
4.0343
4.5656
3.9069
4.3300
3.9393
3.5046
4.7617
3.9089
4.1372
4.7830
3.8172
4.5757
3.7414
3.3749
3.4497
3.9814
3.4393
4.9049
4.1785
4.3681
4.5194
4.0529
4.3233
3.7783
3.3223
3.1355
3.6273
3.4927
3.7110
4.6078
5.3036
4.1408
4.1789
3.3433
4.9975
4.4011
3.3946
