1.6881
1.6887
2.3954
3.4277
3.6490
3.5818
5.1227
4.6425
3.9366
4.9311
4.3509
4.0285
4.4891
3.9231
4.1987
4.2604
3.9676
4.8436
4.3772
4.9066
4.5138
5.3449
4.5659
4.3763
4.4292
6.0871
4.1062
4.6631
5.8570
4.6247
5.3266
4.7958
4.8167
4.4623
4.8465
4.3649
4.9628
4.9227
4.2446
4.2696
5.3455
5.6691
6.6216
5.8629
5.3822
4.4818
5.3559
5.1613
4.5256
4.7353
5.2001
5.0903
6.3436
4.8768
5.6282
4.7767
5.5448
5.1385
4.8211
4.3568
5.1430
3.7844
4.8067
4.8427
4.7081
4.8925
5.1150
5.4144
5.6893
4.6207
4.0032
6.2214
4.8660
4.9030
5.3760
4.4689
5.2628
4.7175
5.3744
5.2841
5.0292
4.0263
5.1027
5.2205
4.9055
4.1204
4.8673
4.6964
4.9486
4.8984
5.4010
5.7659
5.5614
5.1512
4.2451
4.0922
5.5281
4.9953
4.5179
5.3059
4.9836
5.0494
5.4380
5.0957
5.1422
4.4915
5.9578
5.9407
4.4021
4.7902
5.1127
5.5903
5.0685
5.2329
5.1880
4.9502
5.1308
4.2674
5.6990
4.0994
6.1358
6.1630
5.1062
4.8617
5.0630
4.5858
5.2204
4.7660
4.1401
5.0453
4.3153
4.2797
5.4546
5.2618
5.1783
4.1647
5.3685
5.2198
5.5401
4.1919
5.1939
5.4966
4.7489
5.4569
4.6538
5.1767
4.5921
4.9323
4.8529
5.1745
4.8543
4.5200
5.6586
4.1122
4.6615
5.0914
4.1362
4.7747
5.2680
5.4783
4.8875
4.8272
5.2604
5.2456
5.1212
4.6272
4.2156
5.4999
4.6305
5.4141
5.0667
4.5851
5.1778
4.8684
5.0238
5.5944
5.2531
5.4063
5.5438
5.4640
5.1104
4.8314
5.5162
6.1296
4.4036
4.3809
5.0365
5.5200
6.2194
4.7057
5.5142
5.8058
4.2856
5.3449
5.0639
6.2255
4.9070
4.2100
5.4211
5.5323
