1.8942
2.0099
3.2776
4.1518
4.7856
4.7289
4.7016
5.4007
7.1864
3.4284
4.0139
4.5612
5.3900
8.1136
6.2467
5.4509
5.3777
4.9059
4.5553
4.4031
4.6420
4.3566
4.7731
4.6780
4.8085
4.4162
4.4276
3.8445
4.4156
5.1736
5.1401
5.1167
5.5785
4.3496
4.5553
4.5806
4.3207
4.3931
3.9264
5.1967
4.3221
4.7893
3.3254
4.1522
4.5280
5.3886
4.3087
5.4879
3.8500
3.6212
4.8061
3.7724
5.1567
3.5927
4.5053
4.5346
4.7971
5.1635
5.1978
4.0233
4.4458
4.0625
5.7836
5.5230
3.8569
4.8864
3.8094
4.8720
3.7988
4.8611
3.9657
3.4322
4.7739
4.7210
4.5700
4.9507
4.5083
4.9504
4.2602
4.6392
5.0251
3.1540
5.9296
5.5397
3.8146
4.3786
4.0243
4.5216
4.7383
4.7650
4.8600
4.5270
5.1712
4.0841
3.2160
3.5002
4.9844
4.4324
4.7812
3.4212
5.7416
5.1759
4.1592
5.6917
3.4267
6.1737
4.0814
3.7154
4.5296
4.6630
3.9017
3.9426
4.0105
3.7202
3.5873
4.1057
4.9364
3.9991
4.9996
3.7921
4.9298
4.5134
5.4698
4.4926
4.4061
3.7993
4.3318
5.0562
4.1655
5.1486
4.8550
4.2576
5.4614
4.9599
4.7760
4.2123
5.0558
4.2571
5.0330
4.2565
4.5572
3.9890
4.4155
5.2543
3.8996
4.5971
5.1374
5.7648
3.8316
4.1808
3.5185
3.8791
4.7493
5.0639
5.2518
5.1103
5.2165
4.2358
4.1146
3.1462
4.8643
6.2660
5.3773
4.3657
4.6084
5.6600
3.6148
4.2928
4.0949
3.5945
3.5582
4.2878
4.2849
5.2859
3.9259
4.3133
5.1633
3.4388
5.3240
4.8484
4.6008
2.9621
4.2905
4.5778
5.3389
3.8925
4.6016
4.5146
3.4809
5.5177
3.6703
3.7665
4.8982
3.9443
4.0797
4.0010
3.8697
4.9260
4.0424
5.5276
