13.7411
8.4315
7.7167
7.6776
8.5862
8.5273
7.7735
7.6078
8.0028
8.3831
7.2686
6.6426
6.4549
6.4856
7.1922
7.1749
6.7100
6.7388
6.6067
6.8800
10.2968
6.7780
5.8250
6.9999
6.8436
6.2564
6.7675
6.3706
7.6026
6.8920
6.7149
6.8671
6.4759
6.2867
6.2743
8.5770
7.0158
7.7908
6.8127
6.4296
7.6069
6.1193
6.0032
6.7302
7.6208
6.4659
6.3584
6.0822
6.1810
6.3295
6.0057
7.3961
6.5239
6.8805
5.8574
6.0857
6.6690
5.7527
6.1888
8.1074
7.2630
6.9499
5.8235
5.3636
9.1800
6.4721
6.8799
6.1473
5.6673
6.7447
5.9593
6.4220
6.8360
6.5380
5.8980
5.5544
7.3772
7.3058
6.7600
5.6712
6.9250
6.1973
7.5176
8.9569
7.3697
6.0368
6.3258
6.2721
5.9556
6.1291
5.6613
7.7734
5.6919
6.0567
6.1061
5.8915
6.7548
6.8416
5.7610
6.3941
7.5974
5.9814
6.2561
5.5126
6.4314
6.8544
7.2325
6.9608
6.5978
8.3268
5.5913
6.1629
6.3453
7.5877
5.5116
9.1376
6.6548
6.8252
5.5551
7.5923
6.1652
6.1957
4.8216
7.7557
6.2820
6.2937
5.3591
6.1474
6.4026
7.1715
7.7444
6.9332
6.1215
6.7888
6.4897
6.0562
5.6046
5.9494
6.9455
8.2140
5.7250
6.5810
6.4715
6.6017
6.6705
5.7894
5.3930
6.8241
5.2068
7.3405
5.9568
5.5984
5.9283
6.8452
5.7469
6.9792
5.9735
5.8633
7.5391
7.6955
6.0912
7.1359
7.4348
5.7924
6.6414
5.9561
8.5317
6.9309
5.9594
7.4069
8.0024
6.4019
5.8773
6.0642
7.4372
7.1205
5.4685
7.9322
6.7412
5.6340
6.1224
7.1374
7.3858
6.2365
5.7372
6.7846
5.4331
5.9676
7.2262
8.1289
6.3060
7.7088
7.2322
6.2439
6.6629
6.0640
6.1092
5.7556
5.9985
6.7930
