2.2003
2.4333
3.8744
5.3298
6.4846
6.2137
5.6135
5.1824
4.9753
6.5018
5.2166
4.6559
4.9507
4.9658
4.9734
5.5279
4.3791
5.7312
3.9390
4.3807
4.0892
3.1814
4.0168
3.5063
3.9144
3.3859
3.5915
3.7577
2.8042
3.2348
3.4246
3.3720
2.9265
3.4909
3.2940
3.1080
3.6604
3.0113
2.9633
3.3208
2.7542
2.7085
2.8451
4.0864
2.9569
3.4597
2.5278
2.3976
2.8479
3.5618
2.9101
2.6852
2.8749
3.4760
2.7459
3.3428
2.6017
3.3955
2.7837
3.3001
3.3881
2.4318
2.3854
3.7995
4.1224
2.8785
2.5269
4.1952
2.4440
2.2733
3.4552
2.4590
2.4659
2.0333
2.9497
2.4823
3.0210
2.7507
2.9952
3.2512
2.9150
3.4645
3.0328
2.5662
2.9864
2.6834
2.7339
4.0380
3.2348
3.7752
3.0639
3.2076
3.6188
2.0967
2.9825
2.3636
3.3648
2.6289
2.9017
2.5934
2.7057
3.0778
3.4084
2.5570
2.6721
1.9887
2.6623
3.2597
4.0712
4.1137
2.6599
3.4964
2.7298
2.8027
3.4394
3.7381
3.0838
2.7178
2.6945
2.7178
2.9508
3.0605
3.7035
2.6738
3.3487
2.5991
3.5087
3.3926
2.6567
3.4435
2.8273
2.5114
2.9892
2.5809
3.3929
3.1231
2.3319
3.1960
2.7740
3.0705
2.2251
3.2773
2.2984
2.2301
3.0374
3.2258
3.7104
3.1751
2.7491
3.0572
2.3344
2.8279
3.6631
3.1490
2.3610
3.5092
2.1554
2.8007
2.7421
2.8554
2.8508
3.5077
2.6464
3.0877
2.7362
1.9029
2.0530
2.7643
2.8000
2.5037
3.4404
2.7971
2.9464
2.4937
2.2573
1.9880
4.4598
2.8930
2.5672
2.5962
2.3355
2.9873
3.8338
2.3369
2.5510
1.6929
2.3071
2.3732
3.2989
3.0745
2.2825
2.6128
2.6041
2.4884
3.3312
2.4976
2.0155
3.6375
3.3905
3.6563
