17.9199
9.1571
7.2534
8.2142
7.5813
5.9917
6.7265
6.1889
6.4960
6.0916
6.0314
6.9482
5.5840
5.8649
6.4274
6.5436
5.3973
6.4056
6.4511
5.6986
5.6655
6.7624
5.1935
7.1327
6.8210
5.5107
7.2964
5.8496
6.0217
5.7331
5.6670
7.0450
5.5231
5.5565
6.0533
5.9236
5.0848
5.2368
6.1011
6.3399
6.1307
5.1928
6.5646
5.5197
5.1154
4.9553
5.9768
5.8831
5.0245
5.6279
5.8862
6.6081
5.8372
5.6305
7.3838
6.1038
6.2193
5.5681
5.4682
6.9204
5.2598
5.1898
5.4033
6.6793
6.1103
6.1608
5.4885
6.0050
5.6763
5.2475
5.3992
6.4472
6.3354
5.8873
6.5405
5.2586
5.3722
6.0282
5.3851
5.4032
5.7144
5.1169
6.1084
5.7382
6.5071
6.3046
5.5017
6.6188
5.5615
6.7466
6.6497
5.7822
5.5148
5.8166
5.1811
6.3102
5.9308
5.6818
7.5163
5.0061
6.5290
5.4170
5.3566
6.4886
5.4663
6.1151
6.0853
5.2387
5.5683
6.4977
5.0099
5.7765
5.5209
5.1438
5.6736
5.5408
6.7507
5.3863
4.9018
6.0246
4.9106
6.1570
5.3555
6.2025
5.0659
5.8685
4.9912
5.3312
6.2659
6.1277
6.0971
6.7354
5.3218
4.9626
5.4131
4.5800
5.5373
6.0307
6.8907
6.1148
4.8631
5.6069
5.8517
5.8783
5.4350
4.7439
5.1847
5.8272
6.3776
6.0302
5.2017
6.0382
6.5923
5.5135
6.3621
4.9885
6.8854
6.8218
5.1534
7.0884
5.9131
6.5868
5.7042
5.7957
5.3116
5.6919
4.7948
6.4711
5.8843
6.4392
4.9391
5.4827
5.2802
5.7077
5.7619
6.1712
5.0172
6.3948
5.4798
5.2146
4.7416
5.0051
5.5644
6.2355
5.8986
6.1178
6.5767
5.8459
7.7064
5.1001
5.3369
5.2910
4.8605
5.6902
7.2997
5.7294
5.5136
4.9636
5.7271
5.6816
