3.9419
6.7796
11.3648
15.0349
17.1534
17.1791
18.3690
18.7799
21.1937
19.9225
21.1503
20.2591
22.5888
25.1211
21.3799
24.6658
24.3567
23.1045
22.4397
23.8600
26.4443
25.9815
26.5725
24.5102
25.7805
24.5628
22.2844
29.7390
25.0055
24.8933
23.1896
27.5167
24.2986
25.8880
25.0172
26.1778
23.5486
25.8983
26.4418
26.7238
31.1293
28.0620
27.1525
33.5817
27.9641
28.9932
31.4711
28.4929
26.9041
23.2829
27.4748
29.7084
26.4628
27.4016
27.7481
25.8327
30.0285
33.5057
26.8592
28.2997
31.9973
32.4506
32.4110
29.6900
29.1836
29.7697
30.6205
29.8664
27.2359
34.3447
30.4599
33.7080
33.1280
32.0293
33.2866
32.6498
30.3532
30.0430
33.3514
40.5474
32.1447
26.4332
31.1407
32.3455
36.6605
28.7497
34.2761
31.7779
33.9218
33.8200
34.3424
34.5500
35.2436
39.4083
35.5408
30.6140
30.2279
33.5873
34.5128
36.5366
32.1399
31.1661
31.7471
35.0877
34.7564
34.8036
42.1613
33.0800
41.9898
33.4096
35.1533
34.3568
36.3795
37.4688
32.9581
37.8067
36.7952
34.6116
39.1405
31.6829
35.2515
31.5722
38.1055
36.5908
34.1257
38.7627
38.7947
37.8360
43.6097
37.6159
41.2494
35.9308
35.2311
38.0718
42.3226
41.2763
42.1991
37.5792
44.5069
41.3508
39.6095
40.8976
35.5514
44.6526
36.9480
41.3450
70.1375
41.1946
47.8913
50.5564
46.0876
39.6855
40.0743
41.7194
37.5343
42.2951
43.0863
38.1102
43.0258
43.4956
41.3628
43.6014
45.0459
45.1794
44.5455
41.1718
54.8763
43.4947
41.9282
47.1196
43.8549
45.6897
43.9811
46.4848
40.5903
46.7173
53.8005
47.0735
38.0784
49.4683
44.4510
43.4797
50.3283
48.2941
47.8259
36.8073
49.0006
45.0154
45.6531
47.2107
46.7765
50.5896
57.2223
39.9811
47.6706
48.9277
38.9206
53.9000
50.1307
50.4899
