5.7755
8.8295
15.0189
15.9772
17.7275
18.3128
16.4745
20.0661
19.0665
18.8175
19.8454
18.9461
21.3808
21.8643
19.5931
27.5581
19.7751
21.1927
19.3171
21.2181
21.2416
25.5920
23.0726
19.6129
25.0559
19.5825
21.3017
18.8917
22.2318
21.1068
23.4846
24.2220
18.7520
21.6958
18.8255
19.8067
20.4570
23.3701
22.9486
22.9587
20.0457
22.6053
22.1556
21.7851
27.2329
21.9285
19.6728
22.6847
16.9074
18.6614
16.4783
18.4795
19.8442
19.8560
22.3474
19.0944
21.9059
19.0437
20.7593
18.8109
20.4527
22.3598
21.9807
21.8800
16.8699
20.9311
17.9478
17.0037
19.2999
17.2746
21.0392
24.2289
18.6687
17.8548
18.3050
16.0932
17.3960
16.1072
22.1453
20.2581
17.8317
25.1371
20.0752
16.9715
17.2808
18.1163
17.3422
21.4315
18.7769
18.2465
26.2927
19.4788
15.8178
20.4094
22.9832
17.1764
20.1591
21.0196
17.6417
20.1114
18.1252
20.2029
20.7141
17.9829
18.6425
19.4493
16.8489
16.7349
21.0850
20.7022
24.5598
20.0578
22.1795
17.6738
18.3873
20.2535
18.5275
14.7340
21.9288
22.3229
20.0793
36.9578
22.1484
21.7265
19.5206
20.5022
17.9255
23.9095
23.7991
18.9956
26.8110
16.8586
19.7299
24.0808
24.2635
19.0763
21.8979
20.5754
22.1206
19.9248
25.7943
24.6037
24.9967
16.0595
20.4691
20.9625
24.5606
21.6746
21.4875
23.5783
21.1042
22.0065
24.2326
20.6540
19.5337
20.4220
16.0402
17.4016
19.6145
19.5035
20.3419
21.1920
25.1559
23.4759
19.4854
22.5099
22.3766
22.4480
22.1870
27.8343
18.3636
16.9008
20.6022
23.4220
17.8838
18.8904
19.5217
28.2475
23.1203
21.3096
22.7549
22.8293
21.6197
19.0308
25.1307
23.3399
22.0208
20.2989
21.5615
19.1771
25.1989
21.3406
30.6712
20.5610
21.8896
21.8130
23.7201
21.7459
24.3653
27.6269
