2.7936
3.6260
5.6033
7.4962
9.3163
10.9716
10.9815
8.8894
8.8357
8.4609
10.0005
8.9167
8.7407
9.2285
8.1474
10.5521
7.8037
6.6257
9.7036
8.5433
7.6493
7.7961
8.6689
8.6058
8.7226
8.4212
7.0093
6.3030
8.1986
7.4407
8.1134
7.0988
5.9058
8.2043
9.9273
7.3296
6.4738
7.4809
8.8395
8.7654
6.2873
6.8094
6.4843
7.6361
6.4392
6.8977
7.2154
7.3728
8.4587
4.8905
7.0310
7.0927
6.6916
6.6802
6.4701
7.8781
6.0890
6.7193
6.9754
7.6453
6.4912
7.9762
7.3585
8.1031
7.4845
7.0008
5.2685
7.4584
7.7427
5.8539
7.3507
6.9198
7.6023
6.9111
6.6363
6.8245
7.1003
6.4096
6.8092
6.9540
6.4421
7.1335
5.6669
6.3426
7.2063
5.4735
5.6689
6.6747
8.4452
5.7279
6.8039
4.8728
6.4440
6.5534
5.7917
7.8338
7.8879
6.8091
5.3214
5.3023
8.7644
8.0988
7.6344
7.0330
5.4677
6.5132
5.9996
7.8674
6.3200
7.4332
5.9076
6.1354
6.3032
5.9976
3.7947
5.3488
5.6904
8.9841
6.1915
5.4101
9.1172
6.3926
5.8901
6.4161
6.6324
6.7910
7.9123
6.4673
6.1225
5.8892
6.1797
5.3787
6.3235
5.7645
4.8269
4.5426
6.5308
7.2256
7.3694
5.1618
7.8532
5.1745
5.6114
6.6152
6.6831
5.3858
6.1929
5.1480
7.3955
6.8289
6.1661
7.3986
7.1312
5.8057
7.7404
5.4024
4.8473
5.7045
6.8104
5.1748
6.8851
5.4901
6.2784
4.3127
6.1876
6.7691
4.7919
4.5797
7.0332
7.0093
3.5185
5.7933
5.6170
5.3306
6.2916
5.5635
5.3051
5.4582
6.4692
7.6518
5.1105
5.8024
6.9544
4.1363
5.8713
6.0769
5.4861
5.4274
5.7888
4.3427
4.7140
5.5301
6.0382
4.7813
6.1604
7.7618
6.8094
5.0167
5.3060
5.6006
