5.0602
6.7120
10.0658
12.5669
13.8604
16.5065
18.4637
20.4385
19.3148
22.4973
20.4546
20.5907
21.6434
22.9564
23.2918
22.9877
23.9048
24.1394
28.3129
24.4360
25.8834
27.7284
25.5522
25.8752
29.0941
28.0526
27.8133
30.2259
29.2589
29.8557
28.6197
28.5213
31.2009
32.1800
29.1804
27.6340
28.2553
28.2950
28.4520
27.4059
29.4783
30.9794
30.9172
33.9085
32.1048
37.1334
35.6880
35.8832
31.4850
30.2558
34.4044
31.8670
30.2368
32.5357
30.5810
29.6621
32.9786
36.8693
28.8944
31.5679
33.1599
27.3563
30.7700
26.3520
31.7797
30.1460
36.3107
33.3671
34.0884
30.3207
28.4062
36.1921
30.7738
32.4466
32.3359
30.9701
35.5488
33.4725
32.4547
30.5931
30.4807
31.7629
35.2174
34.8194
35.6262
33.1607
39.0388
28.0424
33.3313
37.0194
38.6912
33.8795
35.0832
35.6907
30.0287
30.4879
36.0119
35.5056
36.6840
34.3590
34.0954
31.9705
31.7063
36.0655
33.5508
35.0615
36.0046
32.2843
31.2031
31.2285
34.8416
38.4296
32.0366
32.0166
34.6463
30.2888
35.9058
33.1710
41.9856
36.0894
34.7742
37.2108
37.2240
33.6744
42.6853
34.5413
39.2845
29.6663
33.1739
38.6257
36.5546
39.9948
36.5350
30.6930
40.7011
34.8868
33.9883
29.3384
38.1401
38.0199
40.0779
31.4838
37.7649
38.9490
45.2818
39.2161
34.2609
33.9568
35.8767
34.1289
38.5418
42.2512
38.0365
41.5249
39.2820
33.6565
34.4896
33.7100
28.6793
35.7679
37.9996
30.8112
40.1364
33.2166
33.8776
39.7049
36.5109
39.7424
40.2596
43.6592
36.2183
35.7658
40.0151
37.2924
30.6338
42.1945
37.0533
36.1434
28.8216
35.8032
33.2240
41.3946
40.3742
37.6310
33.4095
32.5278
36.5937
36.7848
35.8771
35.7880
37.3948
38.2728
36.9564
36.7914
32.2820
42.4520
30.2125
29.7577
35.4630
35.7171
