17.8512
19.0360
17.4490
17.5991
15.3498
15.0850
14.3885
13.6502
13.6923
14.5514
11.6856
15.3999
12.6016
12.3688
12.1688
12.2667
12.9785
11.7498
12.2471
11.7311
12.0024
11.8528
12.7992
11.5204
12.8152
11.9092
11.6603
10.6698
10.6481
11.4733
10.0980
9.5862
12.0053
12.1780
11.9481
11.6081
9.2807
10.9241
10.2736
11.1513
9.2702
11.0732
9.7283
8.8521
10.7120
10.7357
9.8628
10.7464
10.9454
9.2722
11.3180
10.8041
9.3032
9.9255
10.7202
9.4966
10.3450
9.8394
10.2141
9.4419
10.1793
9.8544
7.8833
11.9791
8.7606
11.5795
10.2897
9.7604
11.4351
8.9192
8.6468
12.7154
9.7773
11.0187
11.2515
10.6661
10.0644
10.6181
9.3813
10.5071
9.1009
9.9807
10.2937
9.8505
10.7054
10.8341
11.5223
10.0877
8.9819
8.9493
10.6975
10.0532
9.1121
9.2354
8.9161
10.4736
9.6780
9.7860
11.3000
9.3087
10.6347
9.6259
9.3594
10.1405
9.1338
11.3235
10.8379
10.4656
9.5766
8.8565
8.8758
10.3591
8.1920
10.2752
9.4924
8.9743
9.2171
10.9758
9.8481
9.7069
8.6735
9.0030
8.8924
9.2024
7.8084
9.7009
11.0273
10.2252
9.8549
9.2563
8.3072
9.0016
9.4903
9.5916
10.8129
8.3347
10.1498
10.6176
11.0697
9.6009
9.6782
8.7145
10.1108
8.2747
9.0246
10.3816
9.3336
11.2384
10.3082
7.5997
8.1931
10.7083
9.8469
9.6017
9.1045
8.5143
8.3720
8.5668
8.0646
9.2864
8.1009
12.0294
8.0319
7.8153
8.8536
8.6036
7.8305
7.4858
9.2515
7.6077
9.5713
8.7354
10.4802
9.2172
8.9788
10.0804
8.0225
9.3729
9.4760
9.4049
9.4500
9.2392
11.0082
7.8741
8.8254
9.5320
8.2640
10.2234
8.9587
9.5286
8.1074
8.6799
8.1744
8.7031
7.4277
8.0626
10.5078
8.7423
9.8996
9.0437
