1.7180
2.5367
4.3041
6.1977
7.5461
8.5937
8.1225
9.4149
7.4075
8.4946
8.7261
8.3596
8.4589
7.9599
8.8857
8.6601
8.9954
9.6143
9.6354
8.7247
9.1344
7.9685
9.1110
7.4126
10.0305
9.8720
9.3486
10.1050
9.8047
8.4505
8.8528
9.7425
9.0402
8.1173
9.0266
9.2250
8.8853
9.9978
9.1174
10.5479
10.9954
9.5082
9.1579
9.4602
10.9013
10.1537
10.4034
11.5405
9.3047
9.4002
10.2314
10.1951
9.6979
11.4864
10.4577
10.5515
10.2898
10.7820
9.7356
9.3642
10.1422
9.4068
9.1833
10.6139
11.6210
10.2390
11.7390
9.2200
9.6710
10.8571
9.7907
9.6641
9.0487
8.8672
11.5270
9.8938
9.4310
11.5625
9.1410
9.9940
8.9786
9.2966
12.0300
10.4515
9.9262
8.9765
10.7968
10.4974
8.4667
9.3943
11.4590
10.5289
10.4091
10.9077
12.0635
10.1985
10.2101
10.7063
10.5961
10.0154
9.9731
8.9348
9.6576
11.3028
11.3161
11.4194
10.2191
9.9551
10.1157
10.0102
10.4647
9.3948
12.5042
10.2775
9.2454
11.2179
11.0137
10.1152
11.1152
9.9085
9.5175
10.7451
12.0234
10.6661
9.5240
10.4824
10.1933
10.3245
10.4608
9.6992
11.3412
10.6100
11.1014
11.1364
10.5929
13.1554
9.8770
10.4517
11.0799
8.8839
10.1955
12.1205
9.1238
10.5856
11.3831
10.1968
10.6078
11.3307
11.0030
10.6644
12.6728
9.9337
10.2591
9.5688
9.9668
9.8913
10.7139
10.7949
10.4886
11.1119
9.7306
10.8764
12.3943
12.7168
9.2190
9.1995
10.8678
10.9213
9.8543
9.2083
8.9310
11.0792
12.2480
9.2029
9.3917
8.8658
10.2027
10.4600
8.4700
9.7695
11.3191
10.0562
10.5086
10.5230
10.1175
9.7423
9.6277
11.6590
10.4283
9.7108
11.1452
8.8484
11.3746
10.6881
10.2402
11.5939
9.6544
8.8976
10.8103
11.1943
