17.2777
8.6386
8.4392
6.8760
6.3565
6.4247
4.9678
6.1568
5.8333
5.3074
5.9409
5.9428
5.8729
5.8296
5.8213
5.4806
4.9878
5.5830
7.3633
4.6445
5.1351
6.1422
5.7887
6.2433
5.6168
5.5830
4.7655
6.2353
6.0400
5.2955
5.1701
5.4824
5.3565
5.8350
5.7347
4.5527
5.7616
4.8733
4.8235
5.6936
4.9805
4.6446
5.4443
5.7117
4.4443
5.2411
4.3391
5.9009
4.9850
4.1294
5.5581
6.1988
5.7565
5.6649
5.2022
5.7166
4.3756
5.3836
5.6909
4.3132
5.7646
5.3171
5.2681
5.9752
4.4729
4.2767
5.3080
5.1999
5.6714
5.4119
5.4381
4.7438
5.5617
4.9008
3.6386
5.0768
3.5332
5.5104
6.0421
4.9327
4.2572
4.5425
4.2843
5.7310
4.9380
3.8263
5.1696
4.8308
5.2259
4.9626
4.9836
5.2213
4.4983
3.9834
4.5895
4.8167
4.3974
4.5744
5.3118
4.2939
4.9060
5.2694
4.8194
5.5894
5.2093
4.6688
4.3071
5.1071
5.2306
4.7957
3.6808
3.7460
4.6178
4.8531
5.7784
4.7172
5.3674
4.8134
4.4708
5.1403
5.4620
5.7104
4.0752
4.8063
5.1643
4.2890
5.8521
4.9691
4.6982
4.6668
5.0402
4.0637
4.8830
4.4768
4.6197
4.3653
4.1088
3.8093
4.4272
5.9425
5.9319
4.5001
4.8310
4.4454
5.0477
4.4857
4.4427
5.0351
3.7270
3.9979
4.9366
5.1811
4.7923
5.0578
4.9430
5.7353
4.3466
5.1815
5.0970
4.5379
4.5941
4.7451
3.9204
3.9488
5.1685
3.8868
4.4611
4.7090
4.7162
6.6878
4.7260
4.6848
5.5219
4.6962
4.1693
5.0410
5.1564
5.2426
5.0812
5.5554
5.3106
5.0247
5.2830
4.3899
3.7144
4.5618
3.3635
5.4491
4.5741
4.2029
5.3306
6.8707
4.1900
4.9828
3.7366
4.9371
6.0913
4.3963
5.0068
5.4726
