9.3194
13.3208
9.0538
6.1986
7.0601
7.1872
6.8194
7.1034
6.6258
6.2856
6.4117
5.9464
6.5715
5.5479
7.4135
5.3345
6.1884
5.9859
6.6445
6.6334
4.8860
6.4890
6.7851
6.6964
6.9020
6.0468
5.9689
7.1317
5.8444
5.2688
6.0124
5.1657
6.7583
6.6738
7.9438
6.7096
6.3137
6.9830
7.7105
5.4186
6.2531
6.7007
6.2518
6.2091
6.3504
6.3618
5.8103
5.7704
5.1706
6.6136
6.2769
5.9713
5.6335
7.2306
5.8206
6.1850
7.0456
6.0346
6.5240
6.0141
5.8547
6.4426
5.7926
5.9734
6.3822
5.8651
6.0777
6.2469
5.3609
5.6403
7.6174
6.2054
6.0448
6.3107
6.3347
6.5192
6.4691
5.8493
6.6324
6.6420
5.7603
4.4216
7.5699
6.4499
6.1217
7.8936
6.8150
5.5003
7.1027
6.4189
6.3501
5.8614
6.8205
6.2816
6.6049
7.9799
6.3608
6.9000
5.8868
6.6489
7.3552
5.2597
6.2045
5.3793
6.1519
6.4894
6.4465
5.3686
6.3181
7.2883
6.2084
5.3357
7.2369
6.8067
7.6658
6.1877
7.5675
6.9956
6.4000
5.7334
5.2787
5.3569
6.2409
6.8815
6.0747
7.2798
5.4241
6.9876
6.6614
5.0167
6.5850
6.2355
6.7100
6.1245
6.7961
5.8853
5.4727
5.6687
6.7264
6.8015
7.3907
6.5717
5.6683
6.3742
5.1569
6.7515
6.8561
5.2288
6.9991
6.2568
5.3267
6.6674
5.0149
5.9219
5.7039
7.0145
8.1380
6.6393
5.4410
5.2441
6.2854
6.2939
5.3420
6.0328
5.2389
6.3267
7.1475
6.1004
6.2777
7.5380
5.1455
5.9325
7.3616
7.9949
5.5223
6.4955
7.2023
5.7189
6.3718
6.1830
6.0621
6.0646
6.5066
6.5565
6.3615
7.0998
6.0775
5.6831
6.0609
5.3113
5.6644
6.4459
7.2404
6.8559
5.6252
5.0434
7.3255
6.3868
7.7923
6.0604
