19.1306
9.7175
9.1539
8.1908
9.4831
8.9130
10.0114
8.5322
7.4907
6.5014
7.4645
8.4434
6.2591
5.7991
5.5574
6.5949
7.2956
6.3493
6.5847
6.8062
6.2937
6.0498
5.2282
5.8438
6.2281
5.9300
6.1488
5.0064
6.9439
4.9530
5.4893
4.6453
6.2859
5.3628
6.7161
4.9693
4.7905
5.2405
4.6006
5.6248
5.1221
6.6573
5.7711
6.0060
6.2197
6.1709
5.3917
4.0727
5.1627
4.7056
6.8654
4.8881
5.2060
5.5459
5.8794
5.9116
4.6205
4.8249
5.7560
6.1832
5.7357
4.5456
5.1321
4.3652
5.7076
5.9988
5.0398
5.9796
5.3164
4.8177
6.1038
6.0677
4.9586
3.4921
5.3414
5.5348
4.7539
4.2789
5.0199
4.9182
4.4098
5.0670
4.6034
5.6387
3.8590
5.7610
5.6967
5.3329
4.5244
4.8102
4.5482
6.0958
5.9020
5.8171
4.6636
5.1708
5.6917
5.1209
4.4517
5.3707
4.7832
5.4953
4.7490
4.7498
6.5098
5.4567
6.1116
5.1095
4.5515
4.4593
7.0531
6.2348
5.0263
4.7980
4.7610
5.1469
4.4711
4.0660
4.3251
6.1524
5.1687
4.5554
6.0625
4.6216
7.6262
6.1501
4.7000
4.8737
4.8822
4.7626
4.2870
4.1480
4.7980
4.3353
4.3367
5.3309
5.4181
5.2404
3.9242
4.4337
4.4572
3.7474
4.3429
4.1417
4.3049
6.2009
4.5982
4.2365
5.4355
4.3703
5.0884
4.5543
5.0534
4.5600
4.7492
4.6700
5.7474
5.2634
5.4608
4.2468
4.4624
4.7900
4.3438
6.6438
5.3599
5.0090
4.3209
4.1281
4.4520
4.4354
4.1130
4.1418
6.6898
6.6493
6.2281
4.5735
4.4740
5.9137
4.6802
4.1279
4.0279
6.3001
3.9793
6.0203
7.6308
5.5116
5.7689
3.3307
3.8385
5.6647
5.5565
4.0611
6.0798
5.8340
4.6287
5.7085
4.7667
5.5117
5.9773
4.0248
