2.7373
4.3120
10.2316
16.8857
19.6637
23.9601
25.1863
27.0076
27.0170
29.3536
26.6364
28.3748
28.4218
26.8394
28.2121
29.1198
25.6583
28.8828
28.1813
24.5982
25.8034
28.6004
25.5649
25.1660
28.0308
28.8987
26.3748
29.2459
24.4442
24.7634
26.1017
26.1266
24.1510
24.8909
26.1661
28.9840
27.7314
27.5170
24.9623
26.3500
27.1949
22.8655
28.1976
25.9877
26.5571
24.0803
27.4982
26.2478
25.9227
23.9380
24.7157
24.7920
29.0816
25.8034
23.7501
27.1222
25.9404
26.7042
23.4443
23.6773
24.4490
26.0230
22.1446
25.4056
22.5519
26.5151
25.5534
24.0526
24.1671
23.8813
27.1930
25.3372
24.5862
26.0489
24.8265
23.8394
26.9128
25.4132
22.0504
25.3658
24.3612
25.8057
24.6640
24.2670
25.2699
24.0068
27.4736
24.5267
23.9669
26.0245
24.5252
26.4427
27.5950
26.0866
23.9934
25.1732
23.8125
27.0053
24.9336
23.1186
25.5111
23.7452
28.1047
21.1208
23.0951
24.7738
24.0898
24.7834
22.1618
23.8205
24.5301
24.9222
21.0539
25.1696
27.0817
25.5059
25.5816
22.0053
23.4799
24.7130
22.5921
24.1156
25.0925
25.9498
24.3850
21.4244
24.6229
27.2890
24.7317
24.4605
23.9625
27.3969
23.9673
24.0274
23.6130
27.4756
25.6724
25.0208
24.3286
21.8474
26.1835
24.9380
23.1087
22.1265
21.2723
22.7954
27.0501
22.8072
25.7390
24.7761
22.5145
24.2747
23.6177
23.5171
25.4609
24.1998
23.4974
22.6188
24.7683
24.3990
22.2865
23.1392
23.3039
24.4065
22.6184
25.8263
26.7318
25.1721
22.8577
23.5556
21.1351
22.9302
20.8769
22.6944
22.4639
23.6716
22.8993
23.6826
22.8307
22.7032
23.8074
24.8972
24.7848
25.5161
22.1695
21.8702
24.6125
25.4587
18.6373
22.3594
22.8183
22.4520
22.9022
21.5950
24.3908
25.4888
24.0805
22.7302
24.6780
23.2394
