1.3654
11.8533
10.1719
9.8701
8.2133
7.3144
7.2660
6.2260
7.0339
6.2234
6.8817
5.9773
6.3363
6.2086
5.2927
5.4029
5.6103
5.8694
5.2442
6.2460
4.4159
4.4518
3.9462
4.7171
4.2129
4.9270
4.2459
4.6141
4.4067
4.3985
3.6186
5.0053
3.9669
3.9628
3.7697
4.3643
4.0868
4.0821
4.2565
4.1485
3.5374
3.5108
3.8994
4.3031
3.7052
3.8356
4.0990
3.7599
3.3782
3.5848
4.2056
3.9743
4.0882
3.2868
3.5431
3.9669
4.1574
3.9125
3.7178
3.5234
3.2653
3.6570
3.3268
4.1238
3.5438
3.5123
3.5786
5.0774
4.2640
3.7277
3.7306
2.8698
3.2037
3.7705
3.5952
3.9608
4.4504
3.3639
3.2151
3.5704
3.8235
3.2205
3.9544
4.3760
3.1154
3.0849
3.9927
3.9462
3.4025
3.4081
3.4123
3.5219
3.1945
3.5401
3.2825
2.9943
3.1801
3.4755
3.6608
3.3258
3.6557
3.0520
4.0528
2.9647
4.0473
3.0411
3.6898
3.4134
3.3639
3.2348
4.4767
3.1682
3.8574
3.3490
3.4323
3.6593
3.1375
3.3269
3.7548
3.0887
3.3070
3.4923
3.7962
3.1990
2.5650
3.5043
3.6093
3.1051
3.2462
3.3824
4.1557
3.1791
3.6675
3.4759
3.4459
3.2284
3.2353
3.1826
2.9873
3.7801
2.8561
3.3315
3.6549
2.5453
3.0450
3.6508
3.1355
3.7129
3.0441
3.4571
2.3359
2.5810
2.9572
2.8245
3.4973
2.8203
3.5721
3.6649
3.0046
3.6234
3.2825
3.5482
3.3393
3.4834
3.2347
3.4143
3.1705
3.6177
3.5125
3.1571
3.7985
3.7474
3.4091
3.1725
4.0822
3.2346
3.2613
2.8873
3.6229
2.7668
3.1891
3.3997
3.2948
3.1587
3.3209
4.2750
3.3361
3.1944
3.5789
3.0041
3.0260
3.4760
3.0129
3.0473
3.0915
3.7719
2.9536
3.0016
3.3542
3.2151
