3.5222
2.1465
2.6009
3.7317
5.6913
5.4894
8.3666
5.2033
6.6428
5.6556
5.2826
4.0149
3.8922
5.2758
4.3195
5.8979
5.5071
5.0356
4.5542
3.5850
3.5855
4.1494
4.8169
3.4346
3.6994
3.8083
3.7736
4.0519
3.5725
4.5556
3.8019
4.2070
3.7369
3.3567
3.2068
4.0554
3.3174
3.6283
3.4501
3.7800
3.2989
3.5364
3.6766
4.3100
3.3365
3.6122
3.7459
3.0223
4.3441
2.9340
3.2123
3.1598
3.8954
3.3553
3.1099
3.8151
3.4513
3.2043
2.5622
3.3797
3.2512
3.4227
3.1500
2.6799
3.0537
3.5376
3.6121
2.9367
4.0953
3.9067
3.5171
3.9719
2.8617
2.6442
3.8902
3.2181
4.1060
3.2166
3.9034
2.8850
4.2924
3.5332
3.1367
2.9842
3.3531
2.5110
3.7312
2.9983
3.5005
3.9511
3.4409
3.0743
3.2288
3.5098
3.1207
2.9797
3.4931
3.5207
4.2531
2.5777
3.3253
2.7041
3.2920
4.2228
2.5472
3.2857
2.8083
2.9761
3.2926
3.5034
2.2619
2.6349
2.4677
3.0200
2.0690
2.8135
2.5756
4.2089
3.2045
2.6294
3.0388
3.2523
3.9277
3.5905
3.3666
2.7096
2.3718
3.3338
2.5615
2.6018
3.9831
3.4071
3.5296
3.0084
3.0027
3.5810
2.3785
3.1604
2.8226
2.8477
3.7633
3.0891
3.4941
2.5875
3.2460
2.9565
3.1926
2.4400
2.2111
3.3454
4.3661
2.9322
2.6105
2.9069
3.2684
2.2477
2.5647
3.0148
2.6315
2.9096
3.3066
2.4816
3.8339
2.3950
2.8074
2.9547
3.4463
2.7772
2.5260
3.1118
3.3102
3.4927
2.8269
3.3569
2.7554
3.1554
3.8055
2.6438
2.8910
3.2578
2.9989
3.1866
2.2372
3.1507
2.1367
2.8737
3.1023
2.7501
3.5588
3.5163
2.8857
3.5815
2.8749
3.9114
3.4250
2.2792
2.1132
3.7554
3.4806
2.5700
