2.4990
3.5691
6.4029
9.9070
10.1065
11.9080
11.5272
11.7291
10.4677
12.0909
11.6412
12.8160
11.9463
12.9363
11.4036
12.1945
11.7013
13.3198
12.6319
11.8530
13.2474
12.3050
12.9932
11.6301
12.2331
11.8462
13.0181
12.5233
13.0528
12.5090
11.9743
12.6417
12.2015
13.1267
14.0779
12.5832
13.0320
12.1687
12.6770
12.5967
12.8134
11.7196
13.9780
19.9257
19.4059
18.6262
20.9206
21.0394
19.5433
25.5357
23.6399
22.9276
22.7626
23.7164
25.7364
22.7978
25.8551
25.9402
22.7037
22.5988
23.4121
23.3818
24.9713
25.1463
25.0944
23.3807
23.3471
24.4304
26.9961
25.7510
24.6555
23.8280
21.7919
26.9591
24.0776
25.2395
24.9475
24.4812
22.8703
25.2561
24.2764
22.4313
30.3522
24.4410
24.3690
25.9355
29.7596
27.3589
27.4991
24.6128
25.1538
27.9902
23.9315
27.0136
25.0672
26.8602
26.7927
27.7304
26.7165
26.9920
29.3343
26.4490
25.9200
27.2218
28.8392
29.8067
26.2675
28.7758
26.0986
30.3024
31.0866
29.5778
27.7751
29.6805
26.8990
27.5670
27.4284
26.9569
30.6720
26.9252
28.2181
30.1812
26.5424
28.7530
26.0243
26.5433
30.8146
26.3053
24.8991
26.6816
28.2956
30.1363
26.1530
24.1475
30.2941
26.1051
30.2068
28.5146
26.1237
29.5433
29.0633
26.3796
27.8223
27.7883
24.9047
25.8580
25.3372
30.4438
27.9508
30.6710
30.0799
30.0041
28.5297
25.6669
29.5219
29.9745
30.3015
29.9470
30.4683
26.4167
28.0300
30.8504
27.1747
29.5356
25.9417
25.8404
27.3074
24.9465
27.1710
25.9806
27.4884
30.4899
28.4070
25.7718
27.8585
26.2191
27.8408
25.1582
26.4781
30.3184
32.5258
24.8249
30.6185
28.3314
26.2537
32.7501
28.9868
29.5808
27.9862
27.7350
34.3981
23.4414
28.0106
28.2642
31.0132
29.6940
27.9287
30.9435
25.9983
30.3465
