11.7994
8.5160
6.9550
7.5366
7.3191
7.4530
6.8642
7.2014
7.1061
6.4704
7.1256
6.0053
8.3155
6.5414
7.0225
7.2272
6.6509
6.2615
8.4554
7.1214
5.9625
7.2083
7.1704
7.4863
7.3952
6.6659
7.5450
6.9712
6.7829
6.2215
6.0731
7.4375
5.8725
6.6647
6.8201
6.5670
6.4208
6.4048
6.4596
7.8000
6.6518
7.0160
8.6513
6.5644
7.4617
7.9181
6.4675
6.8439
8.2892
6.9438
8.2459
8.7033
7.6295
7.5779
6.8918
6.9311
6.6886
7.7053
6.0031
13.3800
6.2445
7.7392
6.3384
6.9877
6.1054
7.4820
7.0415
7.4369
6.4330
7.1630
6.0995
8.0658
8.2342
7.1549
7.4510
7.3298
6.8695
8.6518
6.9020
6.8282
6.5169
7.4887
6.8648
6.0208
7.1387
7.7767
6.5271
7.7474
6.4211
6.8431
7.3981
6.8075
5.6109
7.2615
6.2869
7.9107
6.6565
7.6690
7.0456
7.0947
6.7053
6.3940
6.9408
6.5616
7.0982
6.9982
6.0649
7.1760
7.6223
5.9289
8.7142
5.9517
7.6124
7.9264
6.1143
7.1047
8.7223
7.2770
6.9217
8.1320
6.2053
6.7017
7.0643
5.3972
6.8971
5.9990
7.0648
5.8296
6.5591
6.4056
6.9619
7.3144
6.9371
7.4350
6.8614
6.9653
7.9773
7.1206
6.3331
6.1644
6.7921
6.1569
8.1260
8.2302
7.6337
7.4941
6.3183
7.7191
7.5573
6.5604
6.8229
7.1774
7.1680
6.5376
6.6048
7.4195
8.3694
6.6516
6.7670
7.8215
7.9387
8.4186
7.1564
7.8500
6.5952
7.5007
8.1380
6.8736
7.6689
6.8015
8.5757
7.0066
8.5376
7.4236
6.7629
7.0058
7.0530
7.6927
8.6174
7.4804
7.7684
6.4033
7.1001
7.8493
6.3193
6.9573
5.9509
6.2567
6.6223
5.7593
7.3205
7.0229
7.2927
6.1688
6.8789
5.9061
7.7322
6.4915
7.9872
6.2873
