22.4786
6.7274
5.5319
4.8590
3.9988
3.3581
2.6431
3.0349
2.6589
3.6349
2.1035
3.0157
3.4689
1.9654
2.2758
4.3362
2.1132
1.5778
2.6259
2.7106
3.2921
3.1824
1.7240
3.3682
3.0491
2.9295
2.9439
2.8980
2.0807
3.8504
3.2638
3.0676
3.9311
3.4655
2.2920
2.7754
2.2321
2.7063
2.5704
2.5608
3.2084
2.7263
3.7186
2.9845
2.7105
3.1216
2.8911
2.3430
1.2629
3.0553
2.7477
1.1447
2.0274
2.6352
2.7821
2.7929
2.7801
2.4926
2.3841
1.1787
3.5795
2.3404
2.8988
3.0624
5.0731
2.6261
2.7220
3.9975
1.5425
2.2573
3.3543
1.8753
1.4351
2.3012
2.0358
3.5112
3.2515
3.1507
2.5174
0.8958
1.9282
2.7374
2.3107
2.2649
2.7278
3.2850
1.7985
2.5801
2.4558
2.5314
2.6250
2.9500
3.4227
3.1739
2.2711
2.2857
2.3566
3.9314
4.3572
4.4271
2.2439
2.5375
3.3845
3.3105
3.0671
1.5823
1.9003
3.1845
2.9171
2.7946
3.7611
2.1081
2.0149
1.9262
1.7331
3.8590
2.5518
1.9663
3.2491
3.2098
2.0825
1.7423
1.2308
2.2999
2.9595
2.2119
2.2677
2.7608
2.1336
2.2280
2.8097
1.0621
3.0836
1.4013
1.6293
2.8236
1.7636
2.1426
2.0614
2.7762
4.2952
2.8536
3.5436
1.9688
3.8657
2.9207
2.9240
2.3491
2.3243
2.5725
1.0528
2.5459
1.2700
3.6161
3.0873
1.8667
1.4406
3.8966
1.9237
3.4961
2.2847
2.5928
2.4519
3.4545
1.8199
2.1247
2.0168
1.7752
3.2624
1.8378
3.0207
3.0406
3.1630
3.4639
2.8605
1.3956
0.9496
1.5540
1.2143
2.8269
1.9246
2.7524
1.8650
2.8640
1.2166
2.6661
2.7283
2.4578
1.6197
2.6512
1.8509
2.6286
3.4225
2.2000
1.6754
2.4619
1.9599
1.9717
2.4205
2.1135
