17.4146
21.5051
17.1492
18.9597
20.4103
17.5608
19.9229
18.7188
19.2097
19.2482
16.9938
20.2600
18.9363
17.7762
19.3512
20.0111
19.3292
20.9400
21.4604
20.1133
16.5888
21.5026
17.2828
19.2310
20.4410
20.1240
18.9499
17.8790
19.0876
19.5623
18.4053
18.8863
19.4984
20.1307
18.8515
20.8653
20.0417
20.9655
20.1889
18.4423
17.8961
18.7645
20.0163
19.7965
19.6404
19.1517
20.7525
19.0640
19.4358
18.8584
19.1766
22.3992
18.6437
17.1997
19.5270
20.5636
19.8390
16.1292
18.5326
20.5681
20.2964
17.3320
20.8136
20.7053
19.2901
18.4317
20.4306
18.0162
22.4361
19.1260
20.0543
20.2289
19.8555
18.3978
17.0345
17.9042
22.4701
19.1767
19.4756
17.5558
22.1881
17.5081
18.9622
19.1523
19.2284
18.0146
18.5802
19.5159
17.6340
19.1887
18.1820
20.0102
18.0323
18.9828
19.7339
22.3857
18.2285
19.7022
20.7936
18.1127
19.8157
18.6216
17.0005
21.0555
22.9776
21.0738
20.0199
19.4999
19.0326
21.3898
18.8982
20.2501
20.3378
19.5358
20.5848
18.1782
21.1427
21.2898
18.4084
19.8433
18.0068
19.6509
17.5363
19.9298
19.5537
16.7803
22.0564
19.6553
22.1179
19.0367
16.5466
23.1113
20.7237
19.5136
20.0903
17.7617
18.1424
18.6728
18.6662
20.3741
20.9366
18.7257
18.7685
19.2584
20.4118
18.9240
20.4696
18.0198
19.9751
20.8666
18.7792
17.7890
20.5708
19.6328
20.3880
19.9296
17.3411
18.7570
21.2337
17.4360
18.3462
19.7616
18.4852
17.4383
23.3814
18.4118
19.3567
21.8124
19.4245
20.8005
20.4706
19.1180
21.6013
21.1621
19.8642
18.4083
17.2456
19.4658
19.8999
18.1990
16.7409
18.6791
20.6649
18.8869
18.2272
20.1199
20.3456
20.4909
18.3740
20.1452
19.8029
20.3082
20.4605
19.9101
20.4870
20.1520
19.3771
19.4949
20.2421
21.5321
