15.3677
6.9111
5.5897
4.9483
6.2514
5.7170
4.3548
4.6980
5.2533
4.0672
4.3833
3.5821
3.7191
3.7969
3.7946
4.1494
4.0147
4.2722
4.0846
3.7883
3.3401
4.0451
3.0776
3.6266
4.1168
3.6119
3.8874
4.0602
3.9809
3.9850
3.8875
3.3195
3.1675
3.5762
3.7319
3.0230
4.0370
3.9922
3.2482
3.3075
3.3372
4.4409
4.1537
3.7313
3.4554
3.7133
4.4452
3.5566
3.3866
4.3382
3.2521
3.0979
3.7862
3.6045
5.1370
2.7055
3.9843
3.5555
3.4060
3.6795
3.2827
3.5384
4.1206
4.6224
4.0472
3.3392
3.8293
3.3355
3.4855
2.9240
3.1658
3.6145
3.6535
3.1730
2.3761
4.4112
3.0940
3.4216
3.1809
3.4126
3.5606
3.0731
3.1313
2.5957
2.9119
3.8357
4.4118
3.4938
3.5286
3.3659
3.6948
3.8714
3.2286
3.2156
3.6728
3.5608
2.3129
3.8531
3.5544
2.5195
3.0133
3.6838
3.2394
4.1665
2.9788
2.7717
3.9495
3.3511
2.7254
3.3455
3.4283
3.2253
3.2939
4.8248
3.4735
3.2513
2.9930
4.0969
3.5996
4.2744
2.9418
5.2966
3.9235
3.0954
3.8123
3.1239
3.0407
3.2156
3.0384
2.9860
3.6070
3.6754
2.9214
3.4920
3.6016
3.7090
4.3211
2.5820
2.8947
2.8623
3.2567
3.6180
3.1058
3.6456
3.5433
3.3160
2.8309
2.7943
3.5456
3.7831
3.4285
2.7570
3.5177
4.4929
2.8756
3.4201
3.6674
2.7930
3.8014
3.5522
3.5397
2.3371
3.9073
3.7706
3.1312
2.7216
2.9102
4.6897
3.5367
2.9876
3.1915
2.3329
4.0559
2.8970
3.2557
3.9657
3.5992
2.7618
2.4360
3.6097
4.1743
2.9286
4.2513
3.7683
3.4006
2.7030
2.9960
3.0736
2.7003
3.3591
2.7129
3.9282
3.2370
2.9361
2.9853
3.3057
2.8954
3.3785
3.7087
3.3455
