3.9160
5.3766
9.1445
12.4963
10.6212
4.3700
6.6563
7.6854
6.9261
6.4907
7.0449
6.9742
7.0955
6.9165
6.7471
6.3097
6.8080
7.3521
7.8856
8.3406
8.5608
7.5801
7.4840
7.1356
7.0667
6.5374
6.8944
7.0221
7.4245
7.8340
7.6247
7.1292
7.3957
6.8245
8.0253
8.2419
7.4859
7.7263
6.4891
7.0180
6.0329
6.8366
8.4707
8.7277
7.8377
7.6898
9.6200
8.4557
6.8891
7.8124
8.3141
8.5387
8.3747
8.6150
7.6452
8.3889
7.0011
7.4031
8.2192
9.2403
7.4638
7.4667
8.0332
8.1138
8.7333
7.7181
9.3539
9.8617
8.5555
8.9028
8.6738
8.5148
8.5493
7.9333
8.0593
7.9034
7.9281
7.7037
8.6852
8.0136
7.1503
9.2832
10.3668
10.7252
10.3412
9.3620
8.1374
9.1305
8.3981
7.6810
9.5447
7.8141
7.7828
9.3367
7.3735
7.9689
9.4199
8.9522
9.1019
8.8267
9.4050
8.0990
11.0210
9.6006
8.1338
7.5169
8.0528
7.7662
8.6901
10.2198
10.1484
10.6627
8.2057
9.2946
8.9922
8.1786
8.5793
7.5930
8.4660
9.2287
9.3102
9.7505
9.2423
11.0085
11.4907
10.0716
11.8520
11.6228
12.1203
10.6619
8.6707
12.1494
12.3465
9.2861
9.7303
7.6307
9.9959
10.0189
9.2372
7.9769
11.8647
10.4503
10.3253
11.5386
9.7881
10.6806
11.8677
7.9934
7.6940
8.8491
13.3855
10.8971
9.8704
9.7108
9.0615
9.8178
10.1023
10.4226
10.3906
9.1707
10.3000
11.8544
10.8581
10.9990
9.8068
11.1258
10.6612
11.7269
10.3805
11.2319
10.1274
9.3087
8.4973
9.9757
8.6042
9.5737
9.1812
11.9757
12.9671
11.4705
10.0303
9.1338
9.7643
8.1191
8.7901
8.8169
10.7473
9.2609
9.0675
9.5477
9.3495
8.8466
10.0076
9.8227
9.5078
10.3999
10.9639
11.3931
9.8564
10.8841
