0.1111
0.8070
1.3122
2.1197
3.3573
3.8945
4.8432
5.2211
5.7319
5.9882
6.2841
6.3154
6.3704
6.6282
6.6151
6.4971
6.8129
7.0144
6.9589
6.9351
6.9164
7.0273
6.8499
7.2710
6.9988
7.3951
7.4849
6.9013
7.3702
7.3525
7.2434
7.5118
7.3243
7.5663
7.6903
7.5294
7.5689
7.4509
7.4940
7.2884
7.6751
7.4008
7.6023
7.6804
7.6761
7.8892
8.0489
7.9085
7.6002
7.8322
7.6982
7.8638
7.6384
7.8235
7.8735
7.4973
7.7609
7.9761
8.1983
7.9715
7.8127
7.7970
7.9558
7.8680
7.9304
7.9137
7.5639
8.1839
7.8313
8.2257
8.0064
7.8498
7.7618
7.8411
7.9281
7.6844
7.4908
8.3921
7.8308
7.9667
8.3252
7.9903
7.7373
7.8779
8.4021
8.1993
8.0518
8.2262
8.2300
7.9448
7.9956
8.3317
8.4844
8.0710
8.0289
7.7590
8.0269
7.9147
8.3228
7.6996
8.2220
7.9162
8.1202
8.0533
8.0481
8.2992
7.9343
8.4332
8.1928
8.3154
8.0237
8.1712
8.0808
8.1568
8.1170
7.8948
8.1329
8.0855
8.0731
7.9973
8.1607
8.4886
8.2704
8.2199
8.0062
8.2333
8.1429
8.1746
8.1140
8.5470
8.5128
8.2753
8.4361
8.3563
8.2258
8.6455
8.4571
8.3395
8.5567
7.9763
8.5985
8.2596
8.4435
8.1764
8.0922
8.4941
8.6747
8.2625
8.3460
8.3699
8.0849
8.3460
8.3467
8.3172
8.6231
8.1822
8.2734
8.3697
8.6954
8.3180
8.1232
8.3729
8.6367
8.5000
8.2577
8.1286
8.5253
8.1510
8.2182
8.4352
8.3075
8.6064
8.3436
8.3436
8.7033
8.4600
8.5942
8.2823
8.5059
8.8329
8.5546
8.7182
8.5610
8.3993
8.8299
8.5294
8.5563
8.5499
8.6025
8.8733
8.3189
8.3405
8.4413
8.6604
8.4701
8.6762
8.2626
8.5469
8.3766
8.8269
