1.8103
1.6272
2.5069
4.1221
4.4466
6.1540
5.2048
6.3630
5.1067
5.4875
5.8468
6.0196
4.9889
5.1733
5.7437
5.1732
5.8155
5.1577
5.2293
5.7692
5.5369
4.8352
4.6028
5.5614
5.6914
5.2879
5.3128
5.6540
5.9396
5.5837
5.0227
5.1135
5.5004
5.6399
5.4254
5.1871
5.5317
5.4455
6.2852
5.2093
5.8139
6.4886
6.1355
5.1422
4.7974
5.4479
5.0926
4.8949
5.0437
5.5457
5.3054
5.6872
5.5231
5.3099
5.2369
5.1424
5.4212
4.7614
5.7768
5.0052
5.2585
5.7629
5.3699
6.1447
5.2834
5.7241
5.5588
5.3395
5.5146
6.3466
6.4517
6.1674
6.7315
9.6943
7.8027
9.9142
12.7182
11.5831
12.1035
13.6749
11.6645
11.3441
13.1844
12.7308
14.6866
11.1833
15.0010
13.2406
16.9373
13.8140
16.0625
12.5883
13.2770
13.0613
13.4062
11.5986
13.5835
14.1860
13.7622
13.8993
13.7781
13.4722
14.7932
13.9687
13.0859
17.2471
14.5034
13.8369
16.3507
13.1598
13.6048
15.4374
15.6766
14.4957
12.8541
15.0540
15.5370
16.1717
15.6465
16.6350
15.0882
15.9976
14.4344
16.7040
14.4932
15.4153
13.9888
14.4703
14.6674
15.4318
15.4320
15.4907
14.4636
16.8646
13.9326
14.1429
14.7467
13.1825
17.4841
15.2251
14.8434
14.9982
15.5058
16.7566
12.7550
15.1299
16.0654
18.8148
14.5047
15.5694
14.6530
14.5246
15.4769
15.0205
12.9734
15.3673
16.7217
15.1293
15.8010
14.0297
14.1518
15.3530
13.7879
16.4780
14.6936
13.5817
16.6902
14.9062
17.8373
12.8255
15.4786
13.1311
14.2515
15.4692
16.7134
19.3355
14.8057
16.0038
17.8864
17.1282
16.9506
16.0240
15.3184
15.5873
15.2712
17.4998
15.8394
17.4625
17.5284
14.9821
16.1024
16.9990
15.7137
15.8816
15.4089
14.7895
16.6869
18.1763
16.6716
18.2627
