20.3871
6.7974
5.9458
6.4717
6.9536
5.5996
5.4262
7.0984
5.6745
5.3410
4.6854
5.7652
5.4512
4.3672
3.8270
4.8976
4.6403
5.2980
4.2127
4.5792
4.5460
5.3661
6.0966
5.1705
4.7541
4.6247
6.3783
4.9914
4.9091
5.0022
5.8620
4.5826
5.0198
4.0793
5.7361
4.6925
5.1979
4.7190
4.4720
4.5199
4.7971
4.5295
5.0831
4.5041
4.5052
4.6145
3.9968
3.9571
4.8725
4.8722
4.6663
4.4051
4.3349
5.0819
4.5437
5.2722
4.3422
4.4933
4.9096
5.2576
4.6696
4.9403
5.2965
5.0197
5.0375
3.8102
4.9206
4.8286
4.5763
4.5214
5.8235
3.8161
5.5759
3.7782
4.5171
4.3438
3.8808
4.6929
6.1672
4.8496
4.6501
4.0670
3.8075
5.2315
4.4678
5.6924
4.3095
4.5531
4.7208
4.6380
4.2924
4.2926
4.4161
3.6673
4.6291
6.2989
4.0030
5.4370
4.9210
4.8449
4.8690
4.1136
4.7016
3.9060
3.7004
5.3095
4.7712
5.0986
3.8663
4.5403
5.4338
4.1655
4.3826
5.4645
4.0009
4.9142
5.6131
3.9563
4.2945
5.4740
4.5426
4.9664
4.4726
4.7944
4.3445
4.7033
4.9005
4.6728
5.9958
3.4741
4.5552
4.4152
5.2981
5.5330
4.1842
4.6542
4.5222
4.5120
4.2751
5.0206
4.1419
4.6437
4.1444
4.6991
3.9116
3.4434
4.7265
4.7471
4.6326
4.7296
4.0957
3.8293
4.6844
5.0391
4.6064
5.7718
5.8374
4.6902
4.4667
5.0022
5.3995
4.9687
4.6492
5.1966
4.8536
4.7311
5.5451
5.2111
3.7937
4.6066
4.1780
4.9148
4.3850
4.3962
4.2695
5.2764
4.2396
4.9888
3.9207
7.3002
4.7704
4.1861
4.6080
5.0977
5.3035
5.0093
3.8999
4.1384
5.2883
4.8211
4.3369
5.2656
6.0350
5.0995
5.9878
5.1222
4.7346
4.0263
4.5980
4.5367
