2.0410
1.5960
2.8406
4.7042
4.9522
5.4072
6.2565
5.6234
6.7186
6.1843
5.1790
5.7909
5.8571
5.4535
5.2254
5.5764
5.3065
5.3804
6.1022
5.1837
5.4154
7.0782
5.8628
5.5139
5.7475
4.7609
5.5592
5.6306
5.5913
5.9606
5.7834
4.9218
5.2179
5.1849
4.9171
5.0884
5.4457
5.7039
5.3176
4.5955
4.9072
5.0064
4.7572
4.9396
4.7941
5.0105
5.1454
5.1387
5.0780
5.1587
5.3989
5.6522
4.8917
5.1678
5.5456
6.3914
5.4549
5.0317
5.1495
4.9644
5.0685
4.9665
5.0121
5.3629
5.7693
5.5534
5.5238
4.8557
4.7288
5.1828
5.0141
5.3656
6.0270
5.4699
5.0521
4.8940
5.3086
4.8009
5.4200
5.0331
4.6490
5.0735
4.7785
5.2986
5.5977
5.3803
6.9342
4.6513
5.6702
5.6498
4.9719
5.1503
5.4758
5.5145
5.1741
4.9111
4.9244
4.8345
4.8923
4.8906
4.8848
5.3017
5.0819
5.4561
5.3146
4.5780
5.1991
4.8854
4.8248
5.5410
5.3578
6.0190
4.9836
5.4985
4.7493
4.9858
5.4429
5.1988
5.7942
4.6050
4.7403
5.1949
6.0147
5.5874
4.9998
5.1466
5.1582
4.7071
4.5619
5.6390
4.8151
5.2056
5.1532
5.1924
4.8654
5.4273
5.9323
4.9488
5.3323
5.5444
4.8958
5.3592
4.9638
5.7492
5.8794
4.7584
5.7178
5.1648
5.5140
5.2116
5.5581
5.2366
4.5911
5.7699
5.1378
5.6211
5.1540
5.0491
5.1870
5.7390
4.9712
5.5726
5.0264
4.5948
5.2124
4.8407
5.0954
6.2077
5.1925
5.2360
5.7491
5.3639
5.2840
5.4556
5.1277
5.6746
5.5834
5.3276
4.8824
4.8488
4.7029
5.3203
5.1343
4.8338
4.9455
4.6974
5.6885
5.2189
5.8154
4.9385
5.8364
4.8788
5.0071
5.3200
5.0226
5.5028
5.2535
5.3057
5.5463
5.4221
