0.9319
1.2518
2.3367
2.4184
2.7382
3.1825
3.2453
2.8117
2.5742
2.8088
2.5934
2.3405
3.3736
2.5191
2.2335
3.7211
3.5079
2.3162
2.8221
2.4449
2.7612
3.1550
2.7659
2.7846
2.2983
3.3175
2.8629
2.3262
2.6301
2.1897
2.4875
3.4029
3.5923
2.7075
2.5937
2.9657
2.1710
2.8092
2.8009
3.4604
2.8714
2.3747
2.3291
2.6387
3.7536
2.1784
3.0249
2.9114
3.1221
2.3823
2.5142
2.7807
2.7022
2.7762
2.4478
2.6496
2.4820
2.7640
2.3339
2.3815
2.1302
2.3305
3.1222
2.2513
2.5266
2.9664
3.1216
1.9466
2.5664
3.3142
2.2603
2.2127
2.8895
2.4043
2.0816
3.1117
2.5514
2.1432
3.3205
3.0826
2.0136
2.7116
2.5558
2.5277
3.2489
1.6676
3.5641
2.8585
2.5915
2.6415
2.9006
2.8100
2.1733
2.5855
1.8907
2.2990
2.0190
2.2036
2.1733
2.3095
2.1316
2.4029
2.1333
2.0821
2.2290
2.2922
2.4115
2.5194
2.1775
2.4070
2.1481
1.7166
2.1912
2.5413
3.0146
2.6800
3.1847
2.4312
2.2035
2.3247
1.9443
2.1262
2.4660
2.1857
2.2757
1.9712
1.7826
2.7627
3.1604
1.8259
2.2276
2.4447
2.1157
2.8725
2.3339
2.5798
2.1501
2.6952
3.0802
2.4205
1.8687
2.5163
2.9038
2.5772
2.5355
2.2724
2.3224
2.8409
2.4666
2.4976
2.7857
1.6134
2.9540
2.2523
2.4051
1.9483
2.2482
3.4961
2.4474
2.0901
2.1174
2.2947
3.0055
2.4536
2.3628
2.8399
2.3813
2.5240
2.0010
2.5073
2.6089
2.4237
2.4458
2.2325
2.7327
2.8788
2.3037
2.5837
2.6157
2.3812
2.4079
1.6619
2.4907
1.4348
2.1145
3.1432
2.1761
2.2810
3.1515
1.9794
2.3943
2.3991
2.3408
3.3637
2.3199
1.9323
2.1548
2.1592
2.3415
2.4726
