2.5095
3.4232
6.7316
9.3812
14.0975
16.6950
19.1114
18.9333
18.0244
19.8768
22.4809
26.3293
25.9829
22.4526
23.9033
24.9578
23.8787
26.3600
24.0701
23.4482
27.0329
23.8734
24.9845
28.4605
23.8217
28.0251
26.5938
26.7641
24.8139
26.2509
26.9132
25.4865
23.2819
27.5894
25.6341
26.8374
23.9934
26.4816
24.2818
23.0094
26.6935
24.2904
25.7877
25.3504
25.9680
25.2422
26.3559
26.5150
27.8805
25.7074
27.3318
26.1024
23.7386
25.3644
27.3960
26.1249
26.5719
29.1231
25.4529
26.2421
25.2570
28.0633
25.4693
24.5373
26.1602
27.4560
26.9770
25.5173
25.3175
26.4453
27.2279
25.2853
25.6751
24.3605
25.6002
24.8831
26.7197
28.0624
26.7977
27.1933
25.0430
25.2249
27.3504
24.7756
26.1688
25.6406
27.1827
27.5167
25.1084
28.9338
26.5506
25.5700
25.5866
26.3728
26.5815
29.9191
26.5043
28.4418
26.9511
30.0816
27.1054
25.8442
26.8019
29.5962
25.6196
27.2880
26.5624
27.8389
24.0858
28.1097
28.1988
25.7993
26.9984
27.3002
25.7407
27.3188
26.7929
27.4558
26.1361
25.0351
28.2695
27.4793
25.7278
27.2722
30.7105
28.6991
29.4274
27.4309
27.3002
27.2426
28.6450
25.7864
25.6136
28.9965
25.9915
26.6964
27.1048
28.7562
26.3569
27.1970
23.8647
27.0078
26.4359
27.0072
27.2810
27.0533
27.7868
25.0688
24.7207
29.6643
27.3044
26.2920
24.1086
24.2757
26.1122
29.0574
25.5060
27.1018
26.1286
29.4115
27.5361
24.2032
28.5512
29.4179
25.3351
29.1216
26.1039
26.0785
30.6595
28.3552
26.7860
27.2022
27.5637
24.2503
28.2548
27.6929
25.8811
27.1558
27.4113
29.9445
27.1638
30.8096
29.5172
28.8701
27.8756
28.9382
24.5560
28.5943
27.3614
27.7225
27.8078
27.9976
28.2158
28.7073
27.3551
26.5337
27.9514
29.1374
27.9909
27.7676
