3.0284
4.4300
6.8402
9.7621
12.5959
11.6960
12.2457
12.1326
8.6858
12.9638
7.6839
10.0326
9.1410
8.7619
8.4340
7.9144
7.7695
13.1863
8.4321
9.3978
10.7492
9.0910
9.3997
11.2531
9.3009
10.8186
7.2328
8.4117
6.2541
8.4129
7.5031
7.5326
6.4680
8.0700
6.2572
6.8976
6.8244
10.2854
8.0212
8.3347
8.1591
8.5810
9.8057
7.3465
7.4262
7.2227
8.9938
6.5306
6.5080
9.0617
8.8751
7.7808
7.8696
6.4124
8.5942
7.4439
7.0931
8.9832
8.4267
6.0218
6.6407
7.4139
6.4142
9.5387
5.9536
6.8871
6.9512
7.1544
8.3700
7.1054
7.1910
9.3871
8.6227
6.8057
8.4690
8.4871
7.9418
6.2213
6.8450
6.5318
7.8827
6.7872
8.7315
6.3912
5.3359
7.2871
5.9003
6.1681
8.2551
7.2831
7.1935
6.2399
7.5397
5.8618
8.6548
7.4415
6.6652
7.5040
6.8098
6.8600
6.8887
6.7606
9.1643
10.9394
6.7456
8.4542
7.1526
5.6700
5.1939
7.1230
6.1927
6.1356
8.2060
7.2918
6.3884
7.1484
7.9595
6.9889
5.6185
5.2205
6.5598
6.9373
5.9363
6.4836
6.5566
7.0694
8.3562
7.4895
6.1723
8.0285
6.2570
7.2254
7.7798
7.1372
6.6137
7.4063
7.4926
7.6497
7.2509
6.6347
9.3133
5.5806
5.5147
6.3413
5.2339
5.3710
6.5706
7.0898
7.6624
5.7301
6.3280
7.1164
5.0385
4.8823
8.6585
6.3132
6.0189
7.1731
5.7678
8.4135
6.0457
5.7930
6.2913
7.2416
4.9509
9.5228
6.6927
4.9295
5.3171
5.7187
5.4995
7.0634
4.9472
7.3058
7.9538
6.0385
5.9191
4.7019
5.3264
5.8758
5.6881
6.5102
4.8236
7.5490
8.8630
7.2967
6.7081
4.5171
6.1314
5.3758
6.7233
6.1861
6.6450
6.9099
5.0779
6.2169
5.7023
4.7899
6.3647
5.6954
