4.9928
3.5284
4.5490
5.5963
8.4693
6.6881
9.5502
9.0929
10.2009
11.2048
8.9583
10.3897
9.8431
10.9892
11.1687
10.3522
17.3309
11.9767
14.4410
13.9874
11.4956
12.3127
16.1709
16.3108
12.7330
12.1594
14.2657
15.6797
14.9662
13.0667
13.5051
12.0095
15.4032
14.9001
15.5322
17.3477
18.4727
21.0944
17.7735
15.3881
14.7100
17.0942
18.2235
14.2686
14.9930
15.2728
19.4298
15.1083
17.5518
16.7084
16.0262
15.2799
18.3317
16.7542
15.8523
21.5660
19.6755
16.9878
16.6622
17.9737
16.6016
15.7980
16.7779
24.1516
16.4966
22.7143
17.5606
18.6464
18.1423
18.1373
20.4718
19.5299
23.6168
22.6141
19.9516
19.7997
19.7840
20.5975
19.7859
22.5074
20.0004
19.6097
22.0873
21.7959
20.4310
21.2863
20.8142
27.0130
19.1190
21.2733
24.9874
20.6499
22.5822
19.7549
21.1297
19.0584
25.0801
19.5507
18.7095
20.3644
26.2197
20.8915
23.3943
18.8104
19.8195
24.2639
27.4098
22.2677
22.8209
23.5648
23.6510
19.7405
27.0662
21.3613
21.8986
21.8373
28.0880
23.0240
26.2564
22.9029
25.0212
22.7958
22.8815
26.5415
25.8043
23.7688
24.5532
27.7809
29.8932
22.9126
22.3743
26.8552
26.1222
25.8207
25.4983
25.8923
23.4890
23.0760
25.5387
26.5708
22.0186
24.7306
27.6178
25.9654
25.0787
24.1232
25.0069
28.9096
32.3796
33.7930
28.3375
27.9918
23.7065
26.2621
25.4561
25.6500
27.2516
25.6757
30.1751
23.7029
29.9567
28.8589
27.8957
29.5353
28.1776
25.6831
27.2703
28.9227
32.3991
30.1252
34.0698
26.9254
30.4893
26.0812
31.7519
35.9376
28.6354
32.2069
31.1000
32.9163
35.5827
30.0163
29.1995
32.8714
32.7764
33.3225
30.8149
27.8916
31.9583
33.7984
29.2251
33.5538
33.0929
32.1265
38.6257
29.4308
33.1056
31.6461
30.3453
30.8902
