16.8916
12.8390
9.8150
13.2984
12.8975
11.8842
10.6255
13.3295
12.4985
10.0032
10.5728
10.6821
11.2535
9.8134
12.1758
12.4280
12.4419
12.4157
8.3956
12.1267
10.4862
12.3311
12.2958
10.7781
11.8722
12.0745
11.4249
11.3998
10.4694
12.0973
12.6956
15.3557
10.6642
11.8618
10.9606
13.4426
11.9710
9.5806
12.1066
12.7320
12.8271
11.9920
11.4458
10.1537
10.6021
11.1424
11.0016
9.1100
10.7557
8.9422
14.1617
8.6621
12.5683
10.9978
14.9397
7.2678
10.3971
11.7018
10.4334
11.5836
8.1447
10.4636
7.5325
10.4039
10.4262
11.9124
10.6221
11.4746
10.0807
10.6708
11.5506
12.6303
11.7438
11.3470
10.6144
9.2054
11.6894
12.1486
9.2722
11.0612
9.2304
9.3542
10.9589
11.8424
10.3246
12.2219
12.4443
12.0444
12.4660
8.6216
12.0192
10.4600
13.5669
12.8817
13.5431
13.2923
11.6765
10.9351
12.4402
9.4456
9.3711
10.2236
11.4746
10.4128
11.7929
8.7489
13.4528
9.7401
11.4670
11.6593
13.5619
11.6104
11.3850
10.1778
9.6124
11.0855
9.3625
10.8747
12.0470
14.4597
10.3364
10.0318
13.0902
11.6844
14.1432
11.5536
9.4863
12.5648
9.6556
12.5497
9.5602
10.0466
11.1473
11.7682
11.5809
12.7474
11.9976
12.9033
11.6504
14.1280
10.3563
14.0273
11.9162
10.8888
13.6302
14.3036
14.0492
10.9605
8.7444
9.9201
11.4627
10.8313
11.2246
12.9353
11.0821
10.9902
13.8378
11.9588
13.8702
12.0171
8.4403
10.0996
8.6357
10.2130
12.0846
11.4760
11.7283
9.1502
10.6452
13.4637
10.2374
9.6696
13.1423
10.3301
11.7508
11.9584
12.6310
9.2018
12.0408
13.8945
8.6710
12.6868
14.2942
10.9345
12.1229
12.8836
11.1835
9.5975
11.9806
11.8305
17.1524
12.7337
10.0444
10.5627
9.6925
10.9062
11.5856
11.0860
9.5517
10.9043
