3.0069
4.8971
6.9767
8.5841
9.2087
8.3149
8.4533
7.6053
7.2292
7.6479
5.8398
6.5305
7.8991
5.2634
5.7629
6.8378
6.2128
7.3912
6.3330
6.5014
5.4647
5.0403
6.6521
4.6852
4.7291
5.3687
5.5585
5.5260
4.8673
5.8456
5.0147
6.8792
5.2251
5.3940
4.9969
7.1385
6.7864
6.8308
6.7111
6.1393
5.5406
4.5884
5.7806
4.2223
6.0591
4.0024
4.9624
5.3334
4.9055
5.3688
4.8858
5.3109
4.5514
5.8482
6.0654
5.0364
4.8011
4.8654
5.3000
5.5018
4.5991
3.7966
3.8351
5.2474
5.0914
5.3007
5.9901
4.4292
5.2796
4.6625
3.7732
6.2472
5.4944
4.5870
6.7145
6.5633
5.1750
3.9884
4.9296
5.2639
4.4020
5.0381
4.7825
4.5984
4.9763
3.7498
4.2648
4.4852
4.9463
5.1025
5.1262
3.4321
4.0671
4.7754
3.8947
3.9187
4.2851
3.7531
5.3453
4.1384
4.3498
5.8266
6.2970
4.2433
5.3551
3.7790
4.6393
3.7194
5.7488
5.0025
3.7643
4.7168
4.5696
5.3979
4.1997
4.4063
4.0652
5.3758
3.4855
3.5546
4.4513
5.9073
3.8365
3.7618
3.1726
4.1154
3.5608
4.1369
4.7358
3.2655
4.6516
4.2959
4.7546
3.6088
3.6775
3.4926
3.4969
5.6314
3.7972
4.5717
6.1370
3.1674
3.7875
2.8776
4.5565
4.9526
3.9875
3.6710
3.5403
3.5151
3.9006
3.3239
5.6018
5.7336
4.3031
6.1159
5.2097
3.7535
4.9079
3.5073
5.2201
4.1845
4.5557
4.9341
3.0600
3.4641
4.8304
4.5738
4.0034
3.8078
4.1088
4.5990
3.9973
4.2487
2.8201
4.9524
4.3763
3.4827
4.9712
3.2758
4.1956
3.0774
3.9510
3.3769
3.7959
4.8375
4.7873
4.7819
3.3543
4.2471
3.7846
4.4161
3.5205
4.0826
4.4307
3.7759
4.6243
4.5502
6.1610
2.9860
