3.0069
5.2086
8.0651
9.9941
10.9015
9.3395
9.9023
8.1226
8.3807
10.9472
6.6747
7.9530
8.8680
6.9565
6.7370
9.0427
6.9505
8.2735
7.2106
6.9098
6.4771
6.7855
7.0375
5.7613
5.9899
6.6122
6.1597
5.5766
5.8717
7.2675
6.0540
7.8918
4.9673
5.7365
5.8880
7.5053
7.0680
7.1271
7.1035
6.5776
5.7607
5.0361
6.6449
5.4326
6.6628
4.9294
6.4538
6.3777
5.6190
6.3087
5.0819
7.9805
4.5139
6.0113
6.1400
5.4735
5.4590
5.5892
7.7210
5.6729
5.4746
4.6564
4.7390
5.2246
5.7186
5.1460
7.1723
5.4056
6.4252
5.6375
4.2763
6.3270
5.6453
5.6146
7.1347
6.4655
5.9010
4.5398
5.2144
4.8337
4.3299
6.0396
7.4800
5.4274
5.7836
3.9163
4.1235
5.3963
5.5676
5.6204
5.4343
4.2301
4.0176
5.8141
4.7537
5.2388
4.1729
3.7358
5.5262
4.1288
4.5049
6.4189
6.2433
4.7927
5.9981
4.1549
5.5356
3.7999
5.9142
5.4820
3.7007
4.6470
5.1072
6.3786
6.4733
4.4566
4.7034
5.5381
3.5795
3.7103
4.4143
5.7885
4.5629
4.3928
4.1591
4.2096
3.6912
4.9526
4.4521
3.9526
5.5117
5.8920
4.8319
4.1031
4.8123
4.0147
4.5398
7.2802
4.7718
5.8655
5.9187
4.0804
4.3412
3.8097
5.2877
4.9261
4.5308
3.8912
4.1882
4.3404
4.2116
3.7902
5.4114
4.8198
4.8865
7.2192
5.7293
3.9774
4.8674
4.6334
5.1276
4.0286
5.8240
5.7386
4.5339
3.3673
4.9806
5.1952
4.5069
3.9506
3.4465
4.7453
4.3400
4.6461
3.4376
5.6146
5.0844
4.0658
5.4909
3.8678
4.6947
3.8459
4.8166
3.5496
4.7721
4.4125
5.4043
5.2969
3.2777
4.8864
4.8092
4.8490
3.8071
5.3054
5.2214
4.3492
4.5489
5.7323
5.6393
2.9474
