5.0815
6.0581
8.6674
10.7186
14.1085
12.1975
13.2663
16.5568
13.0019
15.4497
14.9230
16.6080
18.7401
20.7914
18.6170
21.2149
18.4249
19.9277
20.3250
19.0960
19.8662
23.4512
20.5985
18.3223
21.0248
17.0299
17.9030
21.4130
20.8200
20.0354
19.6250
21.9279
26.4753
20.6839
22.0590
21.6377
20.5956
28.2748
22.1343
22.4808
23.9775
23.6669
24.6378
24.5844
18.9640
20.5486
21.2487
25.3167
22.5967
22.3488
22.9598
24.8271
22.9825
23.3026
26.0834
21.9473
18.8333
21.3257
18.3464
20.7651
22.6514
21.2421
23.3785
22.1291
25.9206
22.5658
26.7988
18.0846
15.9910
18.8749
22.3158
25.9612
23.6805
22.4436
20.6926
29.3293
21.1075
21.5058
22.9214
24.5843
25.1708
23.6430
27.8013
27.1768
22.9090
23.3250
26.5731
26.6558
23.8146
31.1462
25.6944
23.7123
28.6964
24.7070
21.1895
22.8952
24.9546
25.5211
28.5868
29.0491
25.9908
27.0710
26.3910
24.6755
33.6995
38.6438
24.5736
28.1480
28.1078
26.6537
25.6073
27.7129
32.2050
22.4006
25.3593
26.8707
31.0813
25.6942
27.6455
24.6288
23.0900
26.5645
26.2202
25.6922
27.6239
27.4734
29.4464
22.9934
34.8797
23.2378
32.0147
32.9094
26.1524
21.6756
27.1756
28.2652
27.9439
23.8014
27.9940
31.6451
26.6556
28.4751
26.7111
31.8346
25.6121
30.9088
31.0686
25.6446
31.8012
29.9540
25.9130
24.8184
25.4567
29.8516
29.2081
33.9394
27.6542
22.6976
24.1589
33.0790
27.1803
28.2291
28.8103
30.5519
31.8043
24.9217
25.8576
25.7142
35.1841
28.6769
27.4918
35.5589
28.5628
29.7083
30.4213
26.4874
29.8511
36.7716
24.7203
35.2710
28.9417
33.1358
30.6693
34.3518
29.6780
29.1354
32.5462
30.2407
27.5724
33.6861
30.3750
29.9148
30.6507
29.5931
23.3195
28.2387
36.2893
31.8211
40.2438
33.8577
