15.1134
7.8713
4.1708
4.4003
7.5574
7.2868
3.1864
5.4178
4.5764
8.7214
5.2105
4.8341
6.8487
6.0653
3.8857
3.3382
6.7242
4.6973
5.9135
3.6395
2.1150
4.5443
7.1311
11.8733
4.2203
5.2541
4.5163
3.5472
10.1144
6.3284
4.8260
4.7250
4.5808
3.0964
3.5250
5.3849
3.8935
9.6133
5.5780
3.1786
2.8581
5.2255
4.4896
4.6125
10.2218
10.6167
5.8895
4.1275
3.4174
5.6567
6.4772
4.4046
3.7720
4.6232
5.7809
8.3893
13.2897
4.0714
6.5765
7.9254
5.0834
7.0356
7.7596
4.5959
3.8889
3.6149
3.3577
4.7154
4.0781
3.3707
5.3030
4.4711
12.6442
5.7305
4.6535
2.8864
4.1916
8.2810
11.8465
7.1324
4.8135
5.0801
4.4441
4.6771
3.3591
3.2870
2.9029
3.7969
3.1392
4.3603
5.1030
8.2291
13.5322
5.4511
4.9684
3.3114
5.2755
3.2513
3.3307
3.6962
5.7953
7.7780
13.9268
5.2238
5.5642
4.1058
4.3983
5.8444
5.3774
2.7019
2.9345
4.0975
16.8416
4.1771
5.3926
3.2562
6.5897
10.7901
7.1199
4.1776
3.5153
5.7255
7.4252
8.2361
3.2726
5.1125
5.8882
5.1290
3.3578
5.4240
5.7004
6.5326
3.9156
4.2965
4.9544
6.9990
13.0524
3.3083
3.7537
5.7707
8.6363
1.7150
4.2828
5.1970
3.4227
8.5457
2.8311
3.3095
3.2846
7.1285
9.7554
14.1914
4.2707
4.5790
6.0340
8.2879
7.9929
4.5147
4.2765
6.6465
3.1219
4.4868
2.3195
4.6651
7.9653
14.0002
7.1462
3.6415
5.2282
5.0726
3.6686
3.0303
5.0968
5.8697
7.5857
3.2293
3.2911
7.0741
5.9466
3.2606
2.3881
4.5329
5.8456
4.7300
6.3964
5.1702
7.3893
3.7694
5.3973
4.2445
3.1206
4.2684
6.0595
4.1427
3.8615
3.3607
2.9356
4.3810
2.9203
5.6638
