2.1071
3.9593
5.2126
6.9959
7.2234
4.9775
5.8519
9.3245
6.9986
8.7796
7.0800
6.3523
7.2837
7.0204
8.0578
7.9473
6.4055
6.1248
7.4816
7.8567
7.4283
5.0745
5.7133
6.4006
6.4474
6.0150
4.8109
6.2451
4.2782
5.9402
5.2459
4.3481
5.5103
4.0496
3.8866
5.7732
7.1470
4.7462
4.8731
5.7583
5.7685
6.1229
5.2768
7.2135
6.5115
7.1375
6.7198
5.2151
4.7674
6.1029
4.1543
4.6334
5.6518
6.1374
5.0566
6.3015
6.3472
8.9992
5.5020
3.4887
4.6678
6.9932
5.6627
6.1002
5.3236
3.9633
4.6642
5.5990
6.5814
6.1508
6.2748
6.2525
6.3797
5.2160
4.6911
3.9823
4.7004
3.7591
4.6200
6.5978
5.8978
4.5848
5.4795
5.9791
4.7272
5.5194
4.3889
4.5682
5.2499
4.2175
6.0533
5.2973
5.1754
6.0528
6.4049
5.7895
4.6360
4.5828
4.6641
4.5916
6.0093
6.0591
5.3931
5.0485
4.4815
3.3992
6.7140
4.7633
2.9785
3.3634
6.0927
7.0736
5.1501
7.5666
4.0697
4.9428
4.5971
4.5458
5.3171
4.5609
4.1655
5.5904
4.6459
5.6689
5.9696
5.6974
6.3715
4.7687
4.9362
5.9503
4.8858
4.7671
5.1382
5.1474
4.9466
3.5281
3.8299
5.1062
5.0324
7.8639
4.8922
5.2058
7.1219
4.5595
4.5190
5.7172
5.7354
4.7500
5.0653
6.4063
3.9454
3.8982
3.7325
4.9821
6.3369
6.3713
5.3892
6.8499
5.8096
4.4449
3.7992
6.7696
5.9879
6.9166
6.5005
6.1902
5.4738
4.5587
4.5879
6.5605
4.3835
6.0816
4.1064
6.2971
6.1701
6.6136
6.6381
5.7544
6.8381
5.7542
6.4873
4.9092
6.2159
4.4866
5.2110
6.1418
5.7709
5.8528
4.3292
5.4997
4.1949
6.8823
5.5583
6.1693
4.6906
7.2314
3.6963
6.3453
5.6048
4.7189
