17.4162
17.2651
16.6759
16.4515
16.1091
16.3948
16.9307
16.1197
16.9489
16.2956
17.4794
15.7445
16.5465
16.4211
16.9318
17.4985
17.5890
15.8523
16.1549
16.5539
17.3560
15.7524
16.2754
16.5972
16.8313
15.7105
15.9215
17.5726
17.1966
17.0192
16.2342
16.6531
16.2657
16.0920
16.2578
17.4089
15.9475
15.7723
15.5120
15.9654
16.7815
16.9193
17.0007
16.5126
17.1045
17.7861
16.1518
15.9187
17.1366
15.9007
17.0889
16.9992
15.7542
17.0440
17.2219
17.6453
15.9209
16.4243
16.6941
16.8060
18.3660
17.1170
16.9902
16.6636
17.5865
16.3865
17.3222
16.5388
17.3003
16.0524
17.0865
16.7094
15.8670
15.0413
15.6629
16.8110
16.3413
16.7259
16.4998
16.5767
16.6927
16.6682
16.7449
17.3895
16.8629
16.4907
16.5078
16.8045
16.2208
15.8284
16.7973
16.5442
16.7738
17.3600
16.7908
16.8215
17.5879
16.5483
15.9343
17.2505
17.6713
16.4279
16.5842
16.4246
16.9458
16.2943
17.0365
16.7425
15.9856
15.9985
16.9899
16.0805
15.8962
17.3839
15.2000
16.9356
16.6560
16.6191
16.6649
16.8387
16.9118
17.1974
16.4937
17.6741
16.3097
18.0734
16.4750
15.8316
16.6489
15.9386
16.1873
17.0472
15.6813
16.7909
16.9447
18.2037
17.6033
16.6195
16.9900
16.8911
16.2328
15.8499
16.9888
17.9086
16.4252
16.5608
15.8122
16.1779
16.3626
15.7516
16.1845
16.5878
17.0103
17.3639
15.3560
15.6931
16.8007
16.4761
17.0334
15.7442
15.1410
16.4044
17.4924
16.8133
16.6421
17.3619
16.3830
17.2421
17.2396
15.6721
16.9715
16.2686
16.6215
16.7371
15.8798
16.2836
16.8132
16.2923
16.2670
16.7440
15.8960
16.4345
17.3107
15.8209
17.1414
16.7657
16.5141
15.8546
16.4336
17.1863
16.1913
16.1045
17.0237
16.5921
17.6544
17.0985
15.7801
15.6892
16.3153
16.2755
