2.7695
4.5912
9.0074
10.2840
13.4430
14.1758
16.2847
15.0051
15.6825
18.3393
17.7397
15.4847
16.1081
17.3945
19.6969
18.7356
21.3031
19.5208
19.3357
17.0081
21.0824
17.0396
25.2864
20.2258
26.0473
21.8389
23.1996
22.3328
23.2284
23.6854
23.3275
19.5566
20.6595
22.8863
23.8882
23.6822
22.0130
25.1614
23.1828
23.3114
25.5774
21.8798
27.9779
24.6892
26.5531
24.4007
26.4180
26.5249
25.5085
25.1807
27.4983
28.8471
26.2165
22.7877
27.5402
28.5756
21.1946
25.1985
26.9321
21.3212
27.2244
25.8054
27.3895
27.8731
27.5194
27.4575
27.6265
27.5537
34.4349
28.8493
30.7454
26.9571
28.1098
25.4878
28.3299
26.6663
27.3914
29.6299
30.7417
28.0828
28.9838
26.2141
31.5439
30.7736
31.0719
32.5149
29.3875
29.0730
29.4718
32.1279
33.3762
29.1845
30.7191
29.1987
30.5575
33.3045
33.5481
31.2691
32.1559
34.2641
37.8176
35.0154
38.3542
32.0971
30.4468
29.1651
33.3797
30.1566
26.7537
28.3284
32.3030
36.5747
29.5118
32.5672
37.4526
31.4944
32.6733
39.6860
34.3004
35.6500
36.0108
41.1631
34.2159
31.3205
33.4893
31.7073
36.9476
35.1653
35.8166
41.3965
36.1201
31.6099
49.2223
36.3705
33.9312
32.4394
41.0329
37.3684
34.3599
38.2161
38.0680
36.2152
38.6202
37.5120
37.4350
46.8130
33.2726
43.5532
46.5967
40.3037
38.7104
38.1104
46.2169
32.7127
41.4702
36.8357
42.6474
38.8265
40.7809
40.5084
31.2061
40.1494
37.4018
41.8186
33.3221
42.2690
49.1510
37.1284
39.8711
41.9826
33.3806
37.1163
39.1050
37.4249
51.1387
37.0341
36.5334
53.9222
46.5920
35.4141
42.4704
40.2720
40.0219
35.2137
33.4036
42.6861
42.9670
47.6797
38.3161
40.8057
37.8963
43.2309
37.8741
55.8594
50.7752
36.0381
45.2381
46.9543
34.6442
37.1048
