17.4727
20.9619
19.4349
17.5463
18.9515
17.4046
19.0679
18.3201
17.5931
18.8642
18.4548
18.8884
17.7288
19.2675
19.2834
19.4451
18.8594
18.5214
19.6663
20.2141
18.3638
19.7409
19.2897
18.4918
18.2282
18.6300
17.9192
18.7979
18.9968
18.5454
18.1665
18.8286
18.5056
19.1367
17.5817
17.4384
20.9701
17.9778
19.9913
20.2651
19.5826
17.3356
20.8270
18.2533
17.1380
18.5929
19.4410
18.5564
16.7494
18.7125
17.8944
16.7558
17.4236
18.2498
19.2638
17.9599
17.5082
20.8434
17.4845
19.9173
20.2531
19.7974
18.3896
17.6348
18.8724
21.3445
17.9211
19.9244
18.8399
18.0806
19.4549
19.5894
18.8580
18.4735
18.6235
19.1207
18.3458
18.7426
18.3238
19.1989
19.3755
18.3479
17.9354
19.3313
18.5858
20.0933
20.3366
19.6011
18.4695
20.2272
19.0781
19.3412
18.7139
19.6647
20.0790
19.3930
19.6748
17.7414
18.3830
18.0691
18.9077
20.2289
18.9496
18.0967
20.3293
19.1304
18.8785
16.9743
18.5562
17.6422
19.3926
18.0145
19.2328
19.3894
17.2309
19.3767
19.8359
18.7591
18.7197
19.2064
17.3977
18.2938
19.4092
18.9069
18.9046
17.0890
18.5685
17.9301
19.6732
18.1355
19.0185
18.3511
18.2233
19.1131
18.7512
19.4398
18.7440
18.6960
20.3843
18.1445
18.5935
20.5321
19.4033
19.9005
19.7910
19.1331
20.0334
18.0761
19.0494
18.5006
19.6493
19.8526
19.0172
17.2610
19.7168
19.0107
21.1333
18.5034
18.2086
17.3098
19.7798
18.6301
17.9565
19.1309
20.4324
20.2157
19.0919
20.0633
20.1952
20.1596
18.0165
17.9323
19.0968
20.0305
19.7746
20.5846
19.3425
20.4743
18.8756
20.2493
19.0881
17.9316
18.8171
19.2259
18.5695
19.8080
17.0697
18.9353
19.7236
19.2130
19.6019
17.9170
19.1654
18.0881
18.6276
17.5762
17.5905
19.8419
18.1150
19.1635
