3.0516
3.2413
3.7551
4.1562
5.5730
6.3388
8.1346
7.1454
9.4762
7.9722
8.0245
10.0344
11.4088
9.6973
9.2361
9.6233
11.1030
9.5374
8.5552
9.8843
10.3585
9.6426
10.7880
10.9113
10.7494
12.6441
10.3337
11.6760
10.3425
9.9153
10.6453
11.4412
12.8886
13.1164
11.0903
12.6569
9.7784
12.1077
10.7509
11.2567
14.3810
13.7081
12.2540
11.1393
12.7142
11.2741
11.4525
11.5612
10.7620
11.4837
13.4414
11.7030
13.6353
14.0413
12.3671
12.6937
14.7949
14.1360
13.0755
13.5304
14.4027
14.4667
11.2251
11.3105
13.0654
12.3593
11.7742
15.4013
11.6732
13.0797
17.0148
11.4822
16.2268
12.8554
12.9337
13.3003
12.0133
12.4868
11.8584
12.9419
11.6035
15.0397
12.1162
14.4953
15.1366
13.7508
15.9171
12.7628
15.8301
13.7695
11.6537
14.4403
12.7047
15.8972
14.7070
15.5106
14.9856
12.8554
14.9656
14.2711
15.3048
13.1752
13.1211
13.3618
14.1164
18.1130
15.1140
13.5817
14.2375
13.8307
12.7699
12.7489
11.0404
16.2537
14.0929
14.3794
14.6535
13.5658
12.9946
16.4092
15.4580
12.2591
13.9921
16.7831
13.9300
14.6213
16.6978
15.3648
13.0375
12.4098
13.6037
14.1921
15.9406
13.2815
13.1215
16.7295
13.5392
13.4150
14.4762
12.7401
13.5520
14.9596
14.6028
15.5078
13.8888
14.2025
15.1592
16.0435
13.9622
16.2413
18.4974
15.4021
12.8645
11.9905
13.0529
13.8591
15.8491
14.5398
13.5636
15.0473
12.7064
13.5668
15.9579
14.7181
13.2564
14.7817
13.7202
13.4739
14.3974
14.7112
13.7649
15.2974
14.6376
16.6977
16.4793
14.1850
14.6479
13.8526
15.5810
15.9816
18.7618
15.5558
14.1999
16.5208
16.9169
13.5136
14.6934
15.0010
14.6818
11.8509
17.0569
13.2998
14.7410
14.4951
13.0748
14.9387
14.3500
14.4059
14.2919
17.2855
