15.7745
14.6168
9.3679
8.7818
8.2276
8.0453
7.6061
7.8317
6.7916
6.0885
9.1132
5.3842
6.1967
6.7089
6.9817
6.1199
7.1502
8.4081
6.7936
6.6211
7.1431
8.0767
6.0143
6.2199
7.1456
6.8325
7.0958
5.6534
5.6001
8.4306
6.0802
7.4248
6.4473
6.7073
5.7855
5.2521
5.9736
6.7817
7.1602
7.3779
5.6410
6.0721
6.2076
8.0034
6.4035
6.6894
6.5053
6.4137
7.4834
6.7957
5.2075
6.6318
6.1726
7.2443
7.0559
6.7133
5.9180
7.3713
7.1901
7.1664
6.6435
6.4644
6.1979
6.5402
6.1478
6.6520
5.7970
6.5269
5.9348
6.6392
6.3670
7.6664
7.1459
6.4095
6.4547
6.7547
6.3489
6.4622
6.7450
7.1017
7.2686
6.2023
5.6707
6.7281
5.2887
7.0337
6.4055
6.5122
6.3329
7.2485
7.1470
6.3665
6.5257
4.8806
7.5522
8.3231
6.8975
7.0027
6.2962
6.3672
5.2369
6.8915
5.5446
7.9730
7.7158
7.9965
6.0763
6.5392
7.4700
7.3673
6.0198
6.3876
6.6769
6.7412
6.4731
5.2215
5.4783
8.3301
6.3356
6.5712
5.8937
6.8288
6.3350
6.1215
6.2218
7.4004
6.8529
5.7447
5.9278
7.1507
5.9291
5.3643
8.0086
7.2547
5.3196
5.8416
6.4030
6.9040
5.4935
6.9908
6.2135
5.9210
7.5032
6.1277
6.8909
6.5427
5.9847
5.5760
5.7046
6.0344
6.6535
5.2661
6.2752
6.6780
5.5995
5.7385
7.3442
6.6643
6.1776
6.5041
6.8504
5.7404
6.8953
7.3178
6.5360
5.9928
7.0251
7.0405
6.7367
8.1965
6.3810
7.6627
5.5283
6.8847
7.2242
6.6499
6.3520
7.8846
7.8932
7.7859
5.2017
6.1170
5.2739
5.5961
5.9115
5.9464
7.3442
6.0686
6.6522
5.6532
7.4368
6.8567
5.4937
7.2829
6.0222
6.7727
4.3602
6.6571
7.1277
5.7816
