11.3735
15.3808
13.0539
15.8643
15.1899
13.9483
14.8682
14.7379
13.6537
14.4847
15.1643
13.9738
14.1579
13.4210
14.7838
13.1086
17.5821
13.7081
11.8695
14.2313
18.9816
15.0834
13.6649
12.5330
14.7463
14.2770
14.0740
14.9987
14.2939
14.3152
12.8855
16.5024
14.3546
13.3856
11.7401
15.0246
13.7257
15.3159
14.5773
13.9279
15.1185
15.8778
14.3359
15.3190
13.3222
12.9650
12.4393
11.0220
14.0598
14.8317
15.9629
14.7400
12.7153
13.7587
14.0105
17.0594
15.9154
12.8476
13.7048
17.5821
16.2817
13.8394
16.3643
18.1411
15.0093
14.1338
17.6728
17.0600
16.3549
13.0740
16.3980
17.0399
14.2945
15.5857
15.0240
18.9918
17.0138
17.4452
17.8804
18.1392
14.7651
14.1935
17.4978
17.6040
12.5753
15.7075
18.3307
16.4076
19.4172
15.8570
18.1253
13.6414
13.9019
8.4097
16.0544
14.0156
18.0485
12.8287
17.5916
18.4792
17.0660
16.7466
16.8046
18.1468
13.8731
18.6932
15.9636
16.4869
13.5993
16.9344
13.9695
16.5361
11.6986
17.4182
13.9252
18.2751
16.1639
16.8154
16.2640
17.9259
16.0716
18.4818
16.3752
18.9889
16.3832
18.7254
15.5111
16.8286
14.6329
14.8302
17.9954
16.9288
17.1963
18.9084
17.2056
15.0352
16.9816
16.6656
19.0436
16.1427
20.1708
15.4904
18.7734
9.6239
15.7352
15.4756
17.8686
13.5826
16.2751
16.4835
17.5852
16.2759
17.5052
17.0933
15.3263
15.6955
17.3784
17.9054
11.1910
16.1691
14.8443
16.6527
12.2211
17.2987
17.9553
16.4926
16.3278
16.3683
19.6038
14.8795
17.2573
16.2525
16.2276
11.1284
16.6137
17.7475
18.4748
9.6892
17.6384
18.4548
18.1421
16.0594
18.5807
17.9006
15.1234
17.1677
17.9019
17.5477
17.8018
16.9868
19.2682
16.7966
13.0193
17.5395
17.4282
15.6071
14.1700
17.5276
17.5593
17.9385
