15.9231
7.4900
6.4059
6.3085
4.1213
4.5263
4.4586
4.9625
4.5673
4.0451
4.2139
3.9302
4.2727
3.0863
3.0777
4.1647
4.0323
3.8682
3.8628
3.9771
4.6468
3.9127
4.5662
3.6429
3.9158
3.9657
4.5809
3.2858
4.2542
3.9816
4.1805
4.5230
3.1065
3.0068
2.2790
3.0025
4.1012
3.2836
4.5243
5.9382
2.6939
3.2285
2.7052
4.9771
4.3913
4.1699
4.0827
2.7900
4.7637
3.0374
3.8533
2.7007
4.7886
4.5382
3.5701
4.7038
4.5352
4.1645
3.8730
5.0024
4.1448
3.2059
2.8021
3.5703
3.2521
3.9486
3.7532
3.4241
3.1574
3.5937
4.9694
4.4585
3.9248
3.9872
3.9495
4.9805
3.8494
2.9457
3.2097
2.5554
3.3356
4.3173
4.3708
3.5953
3.0737
3.4661
3.3229
9.3944
3.5758
3.2609
3.2241
3.6523
3.1418
3.1257
3.0660
3.6401
2.8691
3.9528
2.9930
2.6920
3.0713
2.4227
2.8255
3.4579
3.1220
3.4606
3.1329
2.9900
2.9521
3.7050
2.9508
4.2342
3.4971
3.3866
4.3082
3.7714
2.5088
3.5978
3.5781
3.1116
3.0407
3.8279
3.6524
5.7620
2.8943
3.2239
2.6147
3.0947
3.4886
3.5035
3.6029
3.0084
4.2166
3.2590
3.1377
3.6735
3.0146
3.0105
3.5829
3.1693
2.5189
2.9188
2.7072
3.6986
2.8847
3.4178
3.1117
3.7281
4.9572
4.6641
3.0484
2.6539
3.1300
3.2135
3.4713
3.3969
4.1111
3.9082
2.9353
3.3576
2.9220
2.7911
2.3584
2.9844
2.7111
2.8313
3.2383
3.4486
2.9590
3.0981
2.8830
2.7029
3.2781
3.5269
4.3310
3.8255
3.3123
3.2718
3.3144
4.6018
2.7051
3.5284
2.5884
2.7715
2.7047
3.2090
3.2170
4.1008
3.3075
3.7555
3.0242
2.4506
3.7637
3.4339
4.5517
2.3572
4.6194
2.8764
3.3091
2.5133
