18.5817
16.7855
14.1312
13.8293
14.1430
13.1325
12.2562
12.8545
12.6773
12.2936
12.5334
10.7734
12.3768
11.4849
12.0520
11.3601
10.4571
11.6602
10.9743
12.4900
12.5093
12.2144
13.4740
9.7512
11.2699
11.4494
9.8171
9.5264
10.9831
11.6405
10.6857
11.4414
10.9277
12.2288
10.1886
10.8254
11.6766
12.0156
12.3336
12.0717
11.1853
12.6938
9.4191
11.0665
10.2971
11.9604
9.6543
12.3198
11.3490
10.6949
10.3065
9.7811
8.3299
12.3360
10.8625
12.0775
10.7570
10.8988
11.1336
9.9836
10.5308
12.8328
11.0832
12.8259
10.9934
11.8880
10.4546
11.5243
12.2047
12.0726
11.6283
11.6214
10.5948
11.2785
9.2114
11.9943
11.1270
10.9273
8.8470
12.6445
12.4411
11.2990
12.1436
11.2867
9.6979
10.2315
10.3560
11.2149
10.6114
8.8644
9.6688
10.4044
10.1690
10.7486
11.9515
10.2343
11.9353
10.4984
10.0715
9.4736
9.2663
7.9960
11.2308
11.9229
9.6859
10.0598
10.9571
9.4341
10.1900
12.1227
10.9639
11.8751
9.0273
9.1089
10.4716
11.5836
11.8909
10.0872
11.4675
11.2339
9.4879
8.8231
11.1430
10.5715
10.4697
11.7385
12.5197
11.6219
12.1237
12.2157
10.0725
10.9704
11.9103
10.1561
9.9045
8.1307
11.3096
12.7577
10.9615
10.6686
11.2763
10.4801
11.8206
12.8310
9.3664
10.4650
10.5726
11.8439
9.7904
11.1148
8.7841
10.2937
9.3977
9.3335
10.7545
12.0670
9.0000
11.0195
11.0230
8.4224
10.4160
10.5821
10.7280
11.0381
10.2041
10.5239
11.2412
11.2060
10.9428
9.4644
7.9290
10.1724
10.2273
10.7416
10.7311
10.6132
10.1214
10.5932
11.9909
9.5728
11.1567
12.0806
10.5249
8.7808
10.5946
10.7983
10.3368
10.8192
11.9078
11.9494
11.9799
11.4296
12.0724
9.9596
11.9796
10.1915
10.7369
9.4066
10.8327
12.4785
