2.9818
6.0644
7.4967
8.0774
7.2097
8.8538
7.3978
6.7396
8.0409
8.1905
7.1056
6.8103
6.8545
6.4815
6.8008
6.6549
6.0282
7.1378
5.6868
5.6725
5.4836
5.1593
4.9582
5.2019
5.7779
6.5477
9.0621
6.6530
6.4399
6.8177
5.4759
3.5509
6.9676
5.5479
6.8287
4.9555
6.0666
5.3121
5.9274
4.7734
5.1429
6.9123
6.2374
4.9665
4.5911
4.8853
4.7143
4.9450
3.4459
5.3728
5.1159
5.6359
4.9933
5.4445
6.3300
4.3332
5.2704
4.3786
4.1174
5.5434
5.7747
5.6469
4.1363
3.4483
4.4269
5.1015
5.8886
4.3952
3.9625
5.1075
4.5434
6.4517
4.8216
6.4771
4.8823
5.4632
5.1775
5.5910
4.4222
5.0656
4.3864
4.7552
3.9782
4.6943
5.2446
4.5862
5.1363
5.0926
3.4162
5.2395
4.7570
5.2650
5.9889
4.2117
3.5809
4.8399
3.5767
5.5540
3.8361
4.7128
5.1888
3.2176
4.1587
4.5173
4.9578
4.8458
4.0418
5.7029
3.3606
3.6838
3.6308
4.8864
4.3701
4.9586
4.1475
4.3950
3.9780
3.9918
3.9563
4.1428
4.5373
4.5720
5.4113
3.3334
3.7278
4.3504
3.6265
4.5450
5.5855
4.4007
4.2058
4.3718
4.5552
4.4102
6.3745
5.2245
5.0008
5.2819
4.3580
4.5729
4.1517
4.8367
3.8640
3.9648
4.3695
3.6619
4.2042
4.6683
4.0419
4.4665
4.2490
5.1764
3.8225
4.5322
4.6642
5.4250
3.9294
4.8980
4.3527
3.7751
4.9648
3.9169
5.2300
5.7996
4.9801
4.8568
4.0546
4.4964
3.8777
4.1241
4.6391
4.3806
4.5432
4.6431
3.7061
3.9035
3.4534
3.9944
4.8517
4.6546
4.2025
2.8684
3.9289
3.8278
5.7893
4.6207
5.2193
3.3121
4.2021
4.8878
3.7930
3.4490
4.2363
5.4386
17.3248
4.7710
3.8059
4.0090
5.8888
4.3576
