16.4383
22.8911
20.6512
22.6876
23.1204
21.4751
17.3759
22.7578
23.1512
23.8583
22.6200
23.7631
21.8217
21.4065
22.4239
24.9599
22.2732
21.6193
27.2933
22.9505
20.3580
24.7893
23.7156
21.1504
19.5253
21.9411
24.1136
23.8131
24.5848
24.2258
22.3449
21.5672
23.2658
24.3058
23.3065
19.6864
24.4259
23.5887
23.5242
20.5311
24.4759
22.8738
25.4939
24.4572
23.1162
21.9520
25.5541
25.9190
23.5427
22.5692
22.4007
21.6705
24.5797
24.1006
22.9684
21.4881
23.0189
24.3997
25.6665
22.9802
25.7742
22.7020
23.1442
28.5483
25.0560
24.3675
25.4934
25.5394
23.6813
23.8200
25.4238
24.3733
25.3418
25.0060
23.7845
24.1062
19.1700
25.0621
25.1649
23.9173
23.2454
22.7630
23.3856
21.5500
25.4443
21.6972
22.1874
21.5852
20.7476
24.1700
20.9725
27.6753
21.7630
24.2351
22.8768
21.5553
25.7086
21.9554
22.4383
24.7953
25.9774
22.4936
26.0394
25.3717
22.6767
23.1415
26.7317
23.2131
21.5945
24.3649
25.5738
23.5403
22.9756
23.8449
19.9245
26.2530
25.7033
23.1748
22.6762
21.5480
20.1307
26.1034
24.2032
23.7080
22.3892
24.2855
20.8836
20.8913
21.7370
26.2136
24.9395
27.4476
22.8922
26.8257
25.9411
24.2974
23.2922
28.6056
21.2148
24.3436
22.8588
25.0056
24.0979
22.4565
22.6694
22.3798
22.5854
26.0664
23.5715
22.1877
21.1378
23.1969
26.5803
25.2171
23.6040
22.3220
25.5140
23.2290
22.9148
26.0944
23.7876
23.9432
21.6624
23.1017
26.9540
25.6660
22.7546
25.9937
24.6154
20.7002
28.1956
25.8484
24.0881
20.1510
21.9401
26.3732
23.9465
26.8543
20.2294
25.9686
24.0713
24.2541
23.1567
20.6199
25.6642
20.7527
22.1352
24.9028
23.4683
21.9793
24.8847
19.8399
25.1383
25.7583
23.7886
23.5878
22.2133
24.1834
23.0580
22.8779
