17.4146
16.6291
10.7142
15.6751
5.5110
3.2151
4.3606
3.7452
4.4990
2.4881
8.6358
13.8553
6.3963
7.8752
3.0460
2.8658
2.3713
3.7248
4.2646
7.0965
14.1068
15.4785
17.4932
18.6600
15.3875
9.4925
6.2429
3.0943
3.2800
2.3676
3.4352
3.3340
7.4265
10.1160
9.5224
12.1314
4.9454
2.7666
3.2602
2.9280
2.4457
2.3877
2.5348
6.9338
16.4126
5.6404
8.5443
2.9386
4.3286
3.4354
2.9390
2.8991
3.6052
11.4213
4.7045
4.9177
5.1979
11.7668
4.7874
4.5842
3.5484
4.5633
2.1417
2.8745
3.9064
8.6990
8.9942
10.8270
6.2622
3.8535
2.8475
3.5128
3.5183
2.2701
3.5400
2.8179
3.5637
3.1416
10.1708
10.8073
13.1653
7.2773
4.1220
3.8817
2.5630
2.5464
3.0901
3.8960
3.7400
3.1217
5.3481
5.1872
15.4325
10.5374
3.6909
2.4153
3.3510
3.1002
2.8669
3.3402
3.4166
3.1978
2.9343
3.5863
6.9890
11.7786
15.0920
6.5022
2.6266
3.4152
3.5064
2.7645
2.5889
4.3743
2.4767
3.3560
17.8901
12.5628
8.6946
3.1156
2.6027
2.9867
3.1677
2.8361
6.4036
5.4264
17.7858
17.9178
11.9932
18.8394
14.0542
1.7165
3.3169
2.4896
2.8616
2.4727
3.1443
3.0718
3.6316
6.3285
9.5728
12.7738
8.6722
3.9307
3.5671
2.6369
3.6210
2.3794
2.7273
2.0831
4.2068
3.1662
8.1390
13.9462
6.5107
4.5778
2.3110
3.4006
3.7927
2.5248
3.9321
4.1012
7.5975
4.4922
11.4172
5.9099
3.0662
2.9421
3.6001
2.2568
2.0520
2.6267
2.4755
3.6208
4.2398
5.1175
5.3710
5.9687
4.4609
4.6075
5.2568
6.6035
10.7003
16.7004
11.8402
5.6640
7.9770
7.8147
3.6305
3.0614
2.9335
2.7126
3.3845
2.7722
2.6249
4.2910
4.1206
6.2788
12.6830
4.2180
