22.3749
3.0291
3.3671
2.5930
1.7593
1.8541
1.6199
1.8672
1.3803
1.5223
1.8447
1.8260
2.3069
1.2533
1.3163
2.0165
1.5428
1.3292
1.5025
1.3554
2.3396
1.8970
1.3531
1.6648
1.5114
1.4188
1.5963
1.1254
1.1815
1.8205
1.0596
2.6154
1.3231
1.2533
1.2294
1.8323
1.2483
1.7898
1.6851
1.0256
1.7703
1.6832
1.4735
1.8010
1.2585
1.0825
1.1912
1.4778
1.4702
1.8438
1.4447
1.0284
1.4880
1.3125
1.8978
2.3514
1.9719
1.1046
2.1687
0.9800
1.1956
1.1538
1.8757
1.8120
1.6186
1.7265
1.4600
2.7841
1.2110
1.2136
1.2102
2.6213
1.1195
1.6874
1.4496
1.7896
2.0447
2.3506
1.4220
0.9753
1.1426
1.0907
1.4656
1.4003
1.1947
1.6362
1.4471
2.0452
1.0815
1.2594
1.7252
1.9496
1.7656
1.5054
1.0933
1.5802
1.2008
1.9549
2.6054
1.9490
1.2177
1.2223
1.7513
1.1150
1.8429
1.0847
1.4214
1.7403
1.2938
1.2805
1.9757
1.0665
1.7563
0.9100
1.3590
2.1810
1.5853
1.5721
1.7316
1.9139
1.1871
1.0127
1.0242
1.2400
1.7180
1.1047
1.5158
1.1489
1.3369
1.1600
1.2892
0.9693
1.5151
1.1660
0.8834
1.0585
1.2287
1.4648
1.1617
1.3193
1.0428
1.5526
2.1560
1.1977
1.8254
1.0271
1.8596
1.2032
1.2056
1.2212
0.9450
1.6749
0.9170
2.3963
1.2936
1.0467
0.8787
1.7722
1.3505
1.5068
1.3567
1.7374
1.6846
1.2850
1.2071
1.1531
1.2782
1.1514
1.1631
1.0875
1.7824
1.0003
1.4735
1.3107
1.4916
0.7709
0.9227
1.0327
1.0583
1.2375
1.2228
1.0816
1.1333
0.9543
0.9133
1.2839
1.5157
1.3750
0.9099
0.8902
1.3726
1.2434
2.1330
1.1488
1.0726
1.1445
1.0895
2.0448
1.0063
1.0901
