17.1313
12.4680
13.3018
11.8197
12.8250
13.2990
11.6483
12.5129
12.1512
12.0395
11.6942
12.3515
12.6482
12.7601
11.8521
12.4147
11.8998
12.9166
11.7455
12.2825
14.1351
11.9004
11.9168
12.6582
12.0401
11.0873
13.2142
10.8496
12.7932
12.4509
11.8181
12.2889
13.1793
14.1154
12.8246
11.7186
11.9857
11.7130
12.8578
13.0767
11.7181
12.9535
12.8827
13.0000
13.7404
11.8619
13.1732
11.9403
13.3291
11.0327
12.3212
11.3199
12.5788
12.2917
11.7969
11.1629
13.5897
11.0737
12.9587
11.8064
10.7905
11.4763
13.4011
11.3754
13.2215
12.3872
11.3155
12.7083
12.3424
11.3555
11.5092
11.3518
12.6309
12.8938
10.5986
12.3362
11.8550
11.8204
11.0142
12.1724
12.1000
12.5287
12.5484
12.1161
12.5567
12.6856
11.9325
13.4546
13.0061
11.5136
12.5417
12.6275
12.7817
10.3289
11.5359
11.9804
11.2749
12.8475
12.0922
13.5263
11.2960
11.0803
11.8971
12.6293
12.3062
11.7656
12.8684
12.3687
13.5762
12.0941
12.7179
13.6986
11.9940
12.3561
12.2620
10.7844
12.2332
12.6611
12.1748
11.9714
13.1979
12.0837
12.6820
11.7859
11.9207
11.0031
11.5801
12.5274
11.9615
10.7609
11.8567
10.0906
11.3631
11.9410
11.7374
12.0190
12.9946
12.4287
11.7431
12.0807
11.1291
12.0571
13.4126
10.5736
12.4890
10.1216
12.1966
11.9531
11.1021
12.7099
11.5324
11.8194
12.0945
11.9885
11.3562
11.7767
11.5894
11.9072
11.8727
12.5210
10.9222
12.0407
12.2539
11.5768
12.3913
11.3603
11.9300
11.9520
11.8622
10.7915
12.2882
10.7140
12.0503
12.7601
12.1903
12.1472
12.1311
11.8100
14.6437
12.5354
11.1461
11.0780
13.7288
12.7183
11.3874
12.0068
12.3450
12.6985
10.5608
11.9765
12.4941
11.8779
13.8565
12.4735
12.6826
9.2954
11.1474
10.7742
12.1780
11.8403
