2.5194
2.7080
3.2947
4.8117
4.6936
5.4884
5.1202
4.0249
3.6714
4.4790
4.5667
4.6878
4.2912
3.6256
3.4904
4.4139
4.2453
3.0762
3.7387
4.0159
4.0784
3.1275
3.4966
3.8469
4.0032
4.9500
4.6557
3.6845
3.5589
3.1734
4.0546
4.1137
3.6882
3.7652
3.8558
3.5089
3.5311
3.0757
3.4731
3.0264
3.2044
3.4939
3.3838
3.5935
3.3468
3.8639
3.8621
3.7639
3.4418
3.9747
3.3401
3.6592
3.6803
3.3699
3.4110
2.9986
3.4409
3.1558
3.3818
2.8396
3.4793
3.2812
3.6472
3.9023
3.6907
3.5447
2.8587
3.7556
3.5005
3.4122
3.4476
3.7055
3.5239
3.2988
3.5480
3.1842
3.3467
3.8607
3.5624
3.6899
3.3839
3.0321
3.5369
3.5559
3.2703
3.7642
3.2136
3.8073
3.9850
3.5775
2.8716
3.4839
3.6674
2.7516
3.7643
3.2164
3.8642
3.1812
3.6118
3.5920
4.0052
3.2020
4.0330
3.3696
2.6806
3.6415
3.3025
3.1949
2.7060
2.9865
3.5499
3.4674
3.0054
3.0270
3.0866
3.5650
2.5343
3.0883
3.1659
3.6222
3.5479
2.9309
7.2236
3.1456
3.1390
3.5554
3.2327
2.9143
3.1232
4.2890
3.7630
3.5793
3.7820
3.2157
3.1071
3.4253
3.6285
2.9580
2.8509
3.7329
3.4129
3.7538
3.7181
3.1915
3.4955
2.8176
3.5609
3.2277
3.1945
2.8420
4.2551
3.5084
3.4271
3.3917
3.3804
2.7766
3.5364
4.2794
2.8679
2.9579
3.5592
3.4283
3.4612
3.3155
3.2391
2.9705
3.5972
3.3330
3.2415
4.0547
3.2132
3.1864
3.0076
3.4142
3.1137
3.3239
3.1770
3.9056
3.5041
3.2554
3.5748
2.8761
4.0201
3.1938
3.7701
2.9141
3.3814
3.1892
4.1040
3.5654
3.4256
3.2387
3.0992
2.6452
4.1470
2.6252
3.0605
4.0565
2.7763
2.9912
