17.1292
8.9520
11.6849
8.0093
7.5541
8.3958
9.7554
10.6516
8.8277
8.1104
8.3463
9.0192
8.7004
9.4704
9.7453
8.8250
9.2250
8.5312
12.2549
8.0366
9.2968
9.0114
9.5010
9.2126
9.6539
10.1919
10.7238
8.0102
9.1968
8.1326
8.9700
9.5516
8.8000
9.2157
8.1245
7.9049
9.1331
9.1576
10.3517
8.1514
10.3187
9.6425
8.9904
8.6247
8.8825
8.6801
9.3135
8.7184
9.4170
8.3761
7.9971
8.2084
9.1115
9.2640
9.9408
8.6132
8.4394
9.1616
8.7200
8.3395
9.1415
9.1285
10.1899
9.8399
8.9683
10.9307
8.8052
9.2027
9.7796
9.2622
9.3606
8.4283
10.0402
9.7518
8.6095
10.5412
10.4351
8.5471
8.1522
9.1960
9.0244
8.4689
10.1637
8.5683
9.4240
8.6649
8.4444
9.1230
8.6734
8.1163
8.9152
9.4095
8.9913
9.7803
9.2789
7.9956
7.8695
8.3240
10.8385
9.3394
9.5258
8.8405
10.2310
8.2216
8.9277
8.7475
9.4932
8.1894
9.2353
8.7584
8.1100
8.1781
8.1946
8.5571
9.0371
10.4972
8.9334
8.1059
8.8970
9.0921
7.9967
9.7592
8.7479
8.1029
8.1991
8.0782
8.5144
9.5189
9.1194
9.4671
9.0534
10.3210
9.7243
8.4967
9.6207
9.1497
8.6679
9.6967
10.4898
8.9042
9.8213
7.1872
9.5145
8.7430
9.6677
8.6695
8.0104
9.8635
9.6639
7.3874
8.0199
8.4897
9.6667
8.5347
8.3036
7.8582
8.6935
9.5134
8.2156
9.0922
8.5139
9.1761
8.3684
8.6973
9.8636
8.1277
8.9138
8.8005
10.0970
9.5068
9.2057
9.0405
10.7726
7.7922
8.9528
8.3435
10.1602
8.9411
9.0279
9.0077
8.7211
8.7854
7.8484
8.5840
9.6086
8.8009
8.3020
8.2982
8.5614
9.3605
9.3971
8.6463
9.9017
9.6934
8.4348
8.6855
7.8522
8.9905
10.0843
8.6035
