17.4692
13.8442
12.5634
13.0116
14.6210
14.3685
14.9264
13.3057
12.3772
12.8121
14.1051
16.8899
14.3859
14.1639
13.8667
13.9233
14.6462
15.4338
14.2614
13.0858
15.2692
13.6939
14.1635
14.9088
12.8643
15.9146
14.7051
15.5905
13.9360
14.0319
15.1602
13.2506
13.7280
14.3223
13.6794
14.6626
14.3238
13.7310
14.2608
12.8162
14.0716
13.4881
14.6641
14.2013
14.3746
13.1975
15.1008
15.0784
15.9806
13.8041
14.2492
14.8805
13.7712
13.7135
15.6788
13.9386
14.9558
17.2155
14.3895
14.3347
14.5264
16.0001
13.8786
13.1655
12.6011
15.3552
14.6120
14.6254
13.9516
14.4928
15.0706
14.0854
14.0969
13.0964
14.5186
13.5939
14.8664
16.1877
15.9506
14.7107
14.5598
13.7120
16.0758
13.4595
14.6682
14.8513
15.5204
16.1664
13.3425
16.6225
14.3261
14.5080
13.8457
13.8817
14.4735
15.8127
14.8125
15.7562
14.8605
15.9221
13.0113
13.6818
15.4118
15.3046
14.2187
14.7843
14.6632
15.3405
13.5804
15.1291
14.9284
14.3114
14.8538
15.1684
15.1005
14.3046
14.2375
14.3736
13.5069
14.7086
14.6002
16.2634
13.5903
15.2173
16.2315
15.9995
15.4801
16.5611
15.1784
15.4195
15.6725
14.8126
15.0143
16.0277
14.6778
15.0612
14.5953
15.7042
15.1987
15.3131
14.4140
14.1862
14.6146
13.0550
15.8326
14.4883
14.7541
14.1437
14.0339
15.1875
14.6769
14.0815
12.9096
12.6744
14.5286
14.9660
13.5242
14.8086
12.8711
15.2049
15.1206
13.7338
14.8284
17.0299
13.4474
17.1746
12.4743
14.1905
16.7716
15.9826
13.3530
15.4413
14.4382
13.7695
14.6538
16.9200
14.1695
14.2256
14.3168
15.9452
14.8875
15.6840
17.6149
16.2241
14.4500
15.4264
13.5052
15.6446
14.3212
14.5139
15.1430
14.7647
14.9287
16.5428
16.6490
14.5884
14.3573
15.1988
15.8781
15.7102
