14.5635
12.3529
11.1004
12.0766
10.7236
11.5996
10.9397
12.0820
10.7887
11.0877
12.2631
11.6930
10.9902
9.9619
12.0287
11.0633
12.0082
10.6453
12.0142
9.9736
12.3273
10.6113
10.8521
10.2043
9.9890
11.3011
11.0126
11.1019
10.3342
10.8040
11.3405
11.0940
10.7983
10.6061
11.3386
10.0556
10.5125
10.7260
12.0627
11.7824
10.0158
11.7980
10.1010
10.7101
11.7291
11.4610
10.2108
12.8721
9.7842
11.1118
11.4738
10.1589
11.2779
9.2849
10.3582
10.7906
10.9969
11.7156
10.3002
10.6643
13.2987
10.8071
9.9284
11.2567
10.9420
10.6701
10.2792
9.7428
11.3550
11.3095
12.0014
10.9128
11.3200
10.8626
9.7283
12.3591
11.2188
10.3213
10.7954
10.2085
12.4604
10.0070
9.5437
11.5595
13.3288
11.1749
11.0405
10.9917
10.6517
11.6173
10.5108
10.1629
10.9692
11.4166
10.2372
10.4028
11.3271
9.8575
11.0317
11.2997
10.5523
11.0619
9.7425
10.7887
9.2621
11.6779
11.0032
10.3573
10.9890
9.2365
10.0111
9.6818
11.1234
10.8779
11.1232
12.2026
11.4006
10.3415
10.9619
12.0273
11.1261
11.2980
11.1857
9.6567
10.7593
11.3306
10.4465
12.3875
10.4758
9.1195
9.8938
10.0115
10.2427
13.5376
10.8839
9.4394
10.6425
10.9033
10.0762
10.8919
10.8266
9.3365
11.4079
11.5152
11.3392
10.4848
9.6473
10.4696
9.7363
9.0717
9.9605
11.6751
11.3846
10.7868
11.2682
11.0329
11.9297
8.5106
9.8396
10.8577
9.4117
9.5832
11.4377
10.3630
8.9448
10.8556
13.9586
11.5165
10.6036
11.9587
9.7423
10.4672
11.9048
10.8210
9.2020
11.4489
10.3494
10.4743
11.3303
11.4578
9.5816
11.2513
11.5499
11.1848
8.6616
11.2826
9.1682
9.6477
10.6173
11.4900
10.2889
10.6102
10.0746
10.4738
11.8835
10.9961
9.3470
10.5429
9.8350
11.2776
