2.9856
3.8586
6.2010
7.9465
7.4894
8.7356
7.6996
7.2041
7.6567
6.9210
6.6919
6.0716
6.4340
6.9182
5.7863
5.9874
5.7211
6.2177
5.3688
7.3842
5.2409
4.9934
6.4111
5.5385
6.1861
5.5825
5.1015
5.3653
5.5155
5.8362
5.0481
5.3558
4.1036
4.9808
4.0766
4.2549
5.5987
4.6375
4.6750
5.1794
4.7279
5.0830
5.4491
4.0183
4.7603
4.7402
4.4338
4.6434
3.9156
3.6265
4.1680
4.8480
4.0003
4.5441
3.4323
4.4715
4.0784
3.9699
3.9891
3.9986
4.2999
4.1853
3.8456
3.6803
3.8049
3.5473
3.4265
4.3827
5.5339
3.4059
3.4298
5.2282
4.1069
4.4030
3.5225
4.8834
4.5050
3.1178
4.1668
3.9854
3.3863
3.3430
3.3551
3.9176
4.4785
3.0454
3.5192
3.5309
3.7029
3.6358
4.0012
3.4243
3.7668
3.3992
3.2374
4.0987
4.0475
4.2001
3.8894
3.6483
3.6518
4.8321
4.2796
4.5439
4.2344
3.9499
3.3446
3.9014
3.0713
4.6943
4.1332
3.7152
4.6374
6.0014
3.7858
3.1448
3.2001
3.5401
3.4788
2.8242
4.7193
3.9062
3.6694
2.7020
3.0980
4.3677
3.3931
4.3042
4.1757
4.6736
3.4269
4.1860
3.4789
3.4025
3.3134
3.5762
2.8084
4.1654
4.3909
2.4186
3.2504
4.6077
3.2815
3.8611
3.9498
4.6305
5.5013
4.8583
2.9491
4.2086
4.1224
3.7218
2.7312
3.4005
4.3926
2.5159
3.7688
3.2171
3.5945
3.7092
3.1048
3.1351
2.5895
4.2571
3.7283
2.8955
2.9604
4.1585
3.2559
4.5594
3.8400
3.0813
3.1700
3.7572
3.7555
2.8006
4.1760
3.3725
3.9266
3.5173
3.0505
3.6720
4.2919
3.4282
4.3558
3.8441
3.0944
3.7479
3.5982
3.6507
3.4164
4.0660
3.7756
3.1943
4.1720
3.7962
3.5761
3.1969
3.7553
3.1321
