4.6623
8.2143
12.8854
14.6131
17.8447
18.2499
20.0885
19.7390
23.2727
23.5582
21.7747
22.6475
26.5753
25.1948
28.0750
26.3734
25.0305
20.2791
25.5159
27.8276
29.2168
28.6859
27.9017
30.7350
29.1308
28.3274
27.5434
30.7614
29.7403
34.4800
32.2783
27.5602
33.9162
33.3348
39.4178
32.3418
33.5972
29.9656
30.7331
28.9173
37.6786
34.1776
30.8442
34.6278
28.9090
33.4262
34.1927
36.4574
36.7452
28.9151
31.4729
39.7428
34.8548
31.3365
26.2089
31.9079
31.3065
33.4724
30.6739
30.2420
33.0384
38.4472
28.4447
38.1052
33.9104
35.4885
37.8737
31.6024
41.5333
34.8053
30.1660
30.2339
36.4986
30.6816
32.4824
30.6861
30.6334
34.5879
35.6518
38.4294
37.3515
39.1289
32.9513
27.9726
30.0507
30.0637
34.4542
33.6052
33.9231
39.2329
38.1713
33.2337
36.1820
33.7630
34.5254
35.4685
42.3759
41.0332
30.6810
34.9613
32.0877
32.1795
40.8387
39.4625
33.7064
33.0281
33.0966
37.6043
33.3314
35.7037
33.3298
31.5263
32.8550
37.1043
36.4622
39.2225
28.5828
39.5283
33.1402
32.0953
41.9795
35.8922
34.0675
39.7976
31.4834
47.3231
40.1073
36.7650
44.7158
36.1053
34.6166
35.6939
33.0910
34.9019
38.5878
39.6134
29.1064
46.2065
29.1036
37.2433
37.1728
43.6122
31.0092
38.1120
31.0413
34.5036
33.5983
32.0629
40.7909
34.6755
44.2602
39.3165
39.3181
33.0720
40.2038
37.7770
34.1631
33.3620
34.1310
30.1666
39.8899
37.2372
38.4810
36.4070
32.8149
33.3136
30.3629
35.7726
39.4238
42.0363
35.6550
31.5329
32.2971
43.8057
48.6859
41.5870
39.8952
24.5449
36.4249
43.6404
44.4525
33.4628
30.0876
32.2325
31.1531
48.6170
35.1547
37.8622
41.7573
41.0709
34.5617
41.0503
34.8878
28.1208
52.3915
26.0311
37.6480
37.3749
36.6767
43.8156
