2.9772
6.5415
7.7346
8.9671
8.0476
10.8189
10.1715
10.5827
10.7320
13.2407
12.1332
10.6618
12.0724
12.0796
12.7013
12.4148
14.8618
11.9901
16.1745
13.7238
13.0732
10.8377
16.1534
13.1447
13.0633
13.4483
14.1674
13.4755
11.0011
12.8392
15.1863
11.3900
14.1851
15.1620
14.3871
13.2473
11.6214
14.6963
16.7578
12.0444
17.2322
13.8680
17.2825
14.4757
13.5145
13.2772
18.1981
13.4456
12.5437
13.8065
16.6549
18.0750
13.6050
12.5290
16.5058
15.5128
12.0438
14.6285
15.8008
14.5368
17.7119
18.2080
15.2436
15.7948
15.5696
12.0024
15.4735
9.7685
13.8978
16.1025
16.6947
18.9012
16.3017
15.4754
13.0857
13.4421
20.3138
12.9517
16.8313
19.3477
16.4854
13.2062
20.6811
18.9845
19.4393
21.9270
15.3499
14.6192
16.4116
19.5288
19.1411
17.0229
19.6920
19.9169
17.5535
16.5665
20.6881
14.4911
19.2507
18.1404
21.2409
19.7782
16.3179
20.9982
16.9926
20.4938
21.5051
20.4278
25.5732
16.4870
17.1658
21.2605
22.5638
16.9735
17.5345
16.8087
21.5146
19.0525
20.0857
11.9438
19.5185
15.5661
18.9203
18.3052
18.7202
18.6723
25.1290
18.5789
14.8456
21.9802
23.8476
21.1465
24.8411
17.2844
25.1197
20.3857
16.5682
21.3040
21.7544
18.3728
22.1773
16.8015
16.2321
21.4720
23.0787
16.9859
16.4661
21.5984
18.9733
17.7785
15.5878
23.5168
21.5717
20.1721
23.1157
25.6253
17.8711
25.0661
21.5614
23.5924
29.3869
19.0708
21.8463
20.9624
19.8586
16.5283
18.6555
19.1729
19.7220
21.7302
21.1762
26.4526
24.1101
21.4691
17.2357
24.5205
21.9855
29.1937
24.0124
15.7401
20.7976
17.9790
18.9511
18.1042
24.6363
23.1765
23.0223
18.2473
19.1696
25.1411
23.1814
25.7005
27.4954
25.8424
20.9951
26.9783
13.0343
17.2469
18.5881
20.4251
