3.2793
4.3225
7.2735
6.2795
7.4539
6.5522
6.2830
5.8722
5.2101
5.6794
5.8302
5.1231
5.8432
5.6242
4.8402
4.3252
4.3763
5.7511
5.3150
5.1540
4.1739
4.3416
5.0984
4.5984
4.6411
4.8942
5.2127
3.9873
4.2661
4.0491
4.3902
4.7454
4.9695
4.5457
4.1222
4.3057
4.4354
4.3883
4.7038
4.2600
4.4121
4.2339
4.3153
5.1865
4.8206
5.1822
4.3962
4.3466
5.1471
4.5333
4.7001
4.7897
4.7298
5.1376
4.6014
4.7343
5.0801
4.8138
4.9134
4.5963
4.5082
4.6816
5.1311
5.1257
5.2143
4.7678
4.5921
5.0984
4.8984
4.9476
4.7775
5.4106
4.8850
5.0342
5.2997
4.9847
5.5709
5.3761
5.1023
4.4375
4.9756
5.1354
5.1042
5.1697
4.9919
5.5937
4.9763
4.6760
5.0503
5.6506
5.4706
4.6033
4.7778
4.9071
4.5638
4.6612
4.9299
4.8119
5.0312
4.7245
4.0528
4.1177
4.6065
4.5847
4.3159
4.2300
5.4555
5.4626
4.3333
5.0167
5.2747
4.4006
4.6046
4.3429
4.2114
4.8143
4.5481
4.3337
4.5875
5.4485
4.0107
4.0553
4.6993
4.6425
4.5591
4.7756
3.7592
4.7668
3.8405
4.9113
5.4234
4.8669
4.9143
4.5698
4.1887
3.7365
4.9122
4.5380
4.7801
4.3532
5.3732
5.2052
4.1222
4.1396
4.0159
3.8821
4.5117
4.7455
5.0846
4.6501
4.3509
4.4593
4.9157
4.2306
4.4747
4.2640
4.7162
4.5061
4.4406
3.8699
3.2766
4.9231
4.8629
4.5798
5.1895
4.9386
3.9481
5.5977
4.5092
4.0865
3.8017
4.9093
4.1337
3.0903
3.8352
3.7719
4.9030
4.8196
3.8738
4.0936
4.3150
3.3746
3.6692
4.8372
3.5331
3.4859
4.4257
4.9127
5.0432
4.1492
4.5011
4.5560
4.1440
4.3910
4.3877
4.1457
3.9445
4.4598
3.6720
3.7240
