3.2687
6.3879
8.3461
7.3607
5.8169
6.1164
5.5968
5.8755
5.3601
4.9892
4.6029
5.2623
5.3658
5.0773
5.6978
6.0322
4.7984
5.7314
5.2069
6.2807
6.4273
5.9949
5.5848
5.4777
4.8534
5.2886
5.7167
5.7415
5.2957
5.4365
5.4541
6.3533
6.0597
6.3155
5.4492
6.3996
6.3862
6.6080
5.5805
5.5636
5.3625
6.2510
7.2680
5.9504
6.1371
4.9750
6.2875
7.4280
5.2567
6.6037
6.4578
5.9331
5.3728
5.7374
6.1370
5.9724
6.6102
6.9691
5.2741
5.5132
5.5315
5.0001
5.0521
5.3704
6.4138
5.7831
6.3629
6.3603
6.0791
6.5864
6.1221
5.6190
7.0879
5.8100
5.7782
6.0793
6.0157
7.3891
7.1412
6.0029
6.1331
6.3978
6.0953
6.0934
6.2976
5.2562
6.3590
5.3494
5.9138
6.4040
5.1962
5.3759
7.0188
6.6894
6.3693
5.8323
5.9100
6.0225
6.2297
6.7112
7.0603
6.1450
5.6792
7.5981
5.7254
7.4173
7.4563
6.3439
6.0312
6.4301
5.9338
6.4444
5.7705
6.8760
5.2112
5.6426
8.6353
5.6482
5.6249
6.4189
6.8396
7.5844
6.6358
5.9245
5.7391
6.1700
6.6572
7.0697
7.6517
7.9852
7.5592
8.7661
6.7072
6.0105
5.7725
6.3338
7.0603
4.9660
6.4605
6.2574
5.4289
6.5468
7.3925
6.4757
6.5945
7.0253
7.5917
7.4753
5.8690
4.9879
6.5055
6.8804
6.8400
6.0028
6.3987
6.5922
6.9554
5.3414
7.9464
7.4009
6.5125
6.4878
6.6102
7.3256
5.5431
7.7956
6.5720
6.6548
7.1801
6.2844
6.8369
6.9154
6.5947
6.4708
6.2977
6.8330
5.9350
8.4205
6.9338
6.9407
6.0431
6.9601
7.2846
6.7021
7.1338
6.5385
5.8575
6.7915
6.0286
7.2480
6.2158
7.1247
5.5177
5.7516
6.6096
7.0860
7.4834
6.7270
7.1160
5.5390
