5.5423
6.2313
9.3985
11.0102
5.0259
7.2039
8.5301
9.0065
8.8271
8.4248
9.1418
7.9870
6.5865
5.2897
6.1765
6.5595
8.2914
7.7456
8.2765
7.7918
7.5853
8.8213
7.5890
5.9478
7.3604
7.9218
10.0095
7.9925
8.5792
7.4387
6.9726
7.6352
7.4542
8.4875
7.6318
7.1864
7.0545
6.6101
7.0180
7.3667
7.3195
7.8305
8.4823
8.8213
8.8571
8.4233
8.4919
8.0764
7.6361
8.9209
8.6575
8.7897
8.6277
9.0606
8.2190
7.2279
8.8208
8.3347
8.2864
7.5877
7.4294
7.3684
8.5890
7.8076
8.0291
6.9795
8.0439
7.9609
7.8880
8.4720
10.1129
7.9421
7.1637
8.7021
8.7896
7.7765
8.8011
8.4501
8.6538
8.7006
8.9831
7.9240
9.8081
9.6495
9.2442
10.2290
8.5546
8.6167
7.6273
7.6498
8.6075
8.3942
10.6957
9.6779
9.2154
8.1189
10.1430
8.3268
7.9007
8.4541
9.2011
9.9620
9.7340
9.6259
9.6455
8.3429
10.7671
9.2128
11.4460
9.4946
9.9123
9.0070
9.1442
9.5026
11.3488
9.7502
8.6939
10.2492
8.3334
8.1724
8.6660
8.8416
11.4929
10.7127
10.5439
10.1839
8.1613
7.5253
7.8835
7.8847
9.7171
9.4631
8.8502
9.0302
10.3019
8.2353
10.6630
9.3314
10.2355
8.6892
11.4096
10.3310
8.8658
8.9132
10.6841
8.7127
11.1305
8.5094
9.2331
8.5409
8.6506
8.2816
9.1363
10.1292
9.0461
11.6731
10.7835
9.9204
10.1358
9.9742
11.8522
9.5743
10.9408
11.1859
8.5026
9.1746
8.7492
7.8639
9.8490
8.9355
10.2409
9.8045
12.3518
12.2492
13.0908
10.2087
9.6085
10.9923
7.3603
9.0631
10.2976
10.3303
7.9124
8.2337
10.3897
9.1638
8.9949
10.4735
9.8626
8.4356
10.7556
9.2098
7.9996
7.6501
8.3436
9.4128
10.8699
9.9697
9.7768
8.9728
