1.7716
3.3397
6.4359
10.1186
10.1989
11.0537
10.7470
18.5355
18.8663
22.4852
24.9586
21.5344
24.1177
20.1314
20.6897
28.7904
25.7154
22.2272
26.8389
26.9994
22.8102
22.8812
21.6977
24.2573
24.2243
21.8667
27.7103
26.9907
27.1067
21.5590
25.7395
22.7392
26.0815
26.8283
21.8765
24.4202
25.7924
25.5161
24.8314
25.4879
25.6260
25.1963
29.2050
22.1901
24.9177
22.3654
29.2969
24.0547
22.9285
25.9099
26.3502
25.6927
22.1075
21.5426
25.8970
26.4356
25.5879
29.8126
27.0312
23.7514
21.6752
18.7320
26.7335
24.5836
25.9823
25.8975
26.5546
19.9735
31.2663
26.4843
26.3202
27.4675
28.4026
22.6421
24.6992
26.5834
22.9543
24.4394
24.2621
29.4290
24.2924
32.5714
25.4095
25.9011
27.3732
22.7596
22.9092
22.4206
26.5103
28.0754
24.0633
25.5196
25.6236
21.9844
26.6137
19.4507
22.1849
25.5338
22.6677
26.2889
25.6794
25.7952
26.4080
25.8691
18.3498
28.6546
25.5971
27.7126
28.1713
22.5882
25.2825
26.9472
29.6823
27.9615
24.5107
28.3482
24.5054
26.5659
26.1218
22.7790
23.5407
27.1157
24.7964
26.6301
28.2905
24.8603
26.6694
31.3736
26.4001
25.7682
26.3193
25.3052
30.6940
29.4987
24.7644
26.2164
28.5219
21.5589
26.5580
27.6454
27.0705
24.9762
28.7924
25.5238
21.5505
27.0658
30.0474
27.6613
22.8683
27.4186
24.2372
28.1100
25.6591
30.2295
26.4262
24.9162
26.0084
32.3707
26.4656
27.9181
29.1598
22.6687
27.7884
29.0452
26.9778
25.4897
25.1370
23.2899
22.7437
28.3053
29.5028
26.0575
26.7681
29.3064
26.4046
24.5227
25.2842
25.9975
23.3861
27.9060
24.0718
24.9512
26.2751
27.2991
21.3670
22.8484
23.7610
24.7392
22.9991
22.6309
26.2881
31.4787
24.0521
29.1886
25.1816
27.0283
28.4258
25.8848
26.1542
28.4301
