2.1272
1.7442
3.3252
4.0025
5.2383
5.8381
6.2442
7.0165
5.1926
6.5788
6.6129
6.4571
6.3678
5.8647
4.8370
5.1309
5.3101
4.6816
5.1732
5.7273
5.5799
6.0853
5.0299
6.0155
5.0091
5.0998
4.7627
4.9079
4.7065
5.3961
4.7157
5.0980
4.7809
5.3987
4.5924
4.2690
4.1671
3.9517
4.7038
4.9391
4.2646
4.8287
4.1648
4.0112
5.6884
5.2424
3.9425
5.2279
3.8816
5.3485
3.8200
5.2270
4.3797
4.7484
4.6426
4.2339
4.0405
3.9009
4.1705
4.1178
4.0332
4.7114
4.6237
5.2829
4.7057
4.0121
4.7631
4.9223
6.5195
7.2564
4.7403
4.6424
5.0629
3.9104
4.2075
4.6488
5.4599
5.0905
4.3873
5.2294
6.3094
4.2693
4.9049
4.3079
5.7048
4.9782
4.2626
4.3771
4.5715
4.5409
5.5939
4.0127
4.6467
4.7131
4.5346
3.5816
4.7130
4.4437
4.2295
4.3082
4.5458
4.6492
4.8713
4.9147
4.1344
3.6417
4.7806
4.9772
3.8972
4.9298
5.4262
3.2984
4.6323
4.7251
4.6528
3.8561
4.3037
4.1598
4.5327
3.8036
4.9111
4.0454
3.6709
5.0582
4.3204
4.7026
4.8707
4.2675
5.1341
4.1460
5.1448
4.3047
4.2596
5.6662
4.3389
4.8730
4.0344
4.3138
4.2998
3.5681
5.2400
4.1018
4.4429
4.7108
4.0462
3.5065
4.1666
5.1514
3.8446
3.6856
4.1391
4.2137
4.6731
4.7747
4.7604
4.4656
4.3759
4.4782
3.6046
3.6547
4.1500
3.8303
3.7761
4.0647
3.8877
5.1546
3.9771
5.6889
4.3396
4.1198
4.5217
3.9476
3.6620
4.7496
4.7804
4.8124
5.8903
4.4780
4.1790
4.2739
3.7460
3.9978
4.7838
3.0482
5.3745
4.9079
4.0073
3.4641
3.7495
4.7272
4.2098
4.1860
4.2446
3.8708
3.5732
4.6173
3.7692
3.5334
5.4206
3.5638
