2.2790
2.5017
3.5208
4.5145
5.4561
4.2894
4.6697
5.5914
3.9090
4.0914
3.9396
3.8468
4.0325
5.9078
3.8957
3.7619
3.4469
2.4046
3.9213
3.5727
3.2459
3.3621
2.7746
3.8094
2.9920
4.1483
3.2396
2.2904
3.7991
3.3411
2.7239
2.7052
2.8972
3.9462
3.4578
3.2538
2.7241
2.9630
2.7339
3.5655
2.6588
2.3709
3.0966
3.0453
3.1057
3.3041
2.8117
3.0560
2.7702
3.2690
2.5108
3.6683
2.6825
3.6015
4.2139
2.9362
3.1462
4.2055
4.1647
2.8232
2.7561
2.4571
2.8396
2.5213
2.7017
4.9656
2.5692
2.8296
3.0565
2.8149
2.1652
2.8459
2.5614
2.9154
3.6127
2.7263
2.6967
2.5032
2.6420
2.8884
3.1007
2.9361
2.4384
3.1000
3.0066
2.8084
3.2591
2.4472
3.0870
2.6739
2.3586
2.2551
2.6874
3.2101
2.8921
3.0829
4.1533
2.7345
2.3809
2.6438
2.1365
2.4815
2.2469
2.9189
2.6765
2.4229
3.0616
2.5760
2.6881
2.9884
2.9369
2.8948
2.4605
2.6506
2.4466
2.6414
1.9378
2.4735
2.6767
2.4023
2.5346
2.4486
2.4772
2.4163
3.3230
3.0251
2.6133
2.5039
3.3444
2.5491
2.9560
2.5819
2.1990
2.6045
2.3687
2.9096
2.7254
2.5961
2.4325
2.6800
2.7777
3.0433
2.1216
2.5621
3.7400
2.8475
2.7779
3.2054
2.8601
3.3021
3.0766
2.5600
2.4675
2.8112
2.6211
4.3365
2.6814
2.6922
2.6218
2.3172
3.1971
2.2124
3.8047
2.8556
2.3476
3.8865
2.3284
2.7124
2.7414
2.6132
2.5515
2.5366
2.5673
2.5105
3.2682
2.7627
2.7588
2.5635
2.9088
2.0793
2.9064
2.3520
2.6793
2.4190
2.4725
2.6500
2.4024
2.1210
3.0866
2.4658
3.9082
2.2327
3.5691
2.3805
2.3269
2.5850
2.2586
2.5855
2.3145
3.0904
