2.7750
4.3226
7.9495
9.9710
9.6735
6.4346
8.4717
9.7976
6.2870
6.7152
7.2045
7.2167
7.6177
9.0425
6.5827
7.0367
7.5029
4.8868
9.0254
7.9529
5.9822
6.0951
6.8831
7.6992
7.4063
8.8228
7.0235
5.8902
7.5770
6.7513
6.1568
6.9125
5.3869
7.5633
7.9782
7.5125
5.1729
6.3508
4.8500
6.1015
5.5216
4.7892
4.9572
5.5822
7.3809
7.0991
5.6787
8.3292
6.3186
7.2880
5.3258
6.5475
6.2506
7.0061
7.6646
5.6706
6.4085
8.6850
7.4653
5.6396
5.5690
3.7749
5.8759
4.8764
5.2178
9.2380
4.3345
4.8141
6.6368
5.3657
4.2016
5.9710
3.7680
5.7458
5.5064
4.9261
4.2618
4.0009
4.8259
5.4510
3.9661
7.2505
4.4210
3.2011
4.0540
4.4307
6.1196
4.7976
5.5599
4.0747
5.2760
4.4596
7.0906
5.1007
5.8427
5.3483
6.4578
5.4658
4.9787
3.7021
3.4371
5.2137
3.4084
5.1873
4.0221
4.3080
4.6236
4.9367
4.5599
5.2405
4.4242
5.1309
4.0336
3.6682
3.6178
3.4524
3.8537
4.0326
5.4554
3.8589
3.9582
4.3143
3.9837
4.5482
4.7592
6.4006
4.1948
3.9163
5.1106
5.0131
6.0910
3.0702
3.4508
3.5037
5.9148
5.7277
4.2572
3.8670
3.2436
4.5927
4.9367
6.0631
2.8349
3.1149
4.8150
4.7375
5.0166
5.2424
4.2345
5.9068
5.1419
3.6065
4.2728
5.2767
4.8331
7.8977
4.7389
4.7027
4.3600
3.3440
5.1769
2.6712
6.9533
4.8329
3.9867
6.0739
2.8410
3.4238
4.1643
5.5419
3.2415
3.5180
4.2195
4.9480
6.2666
3.5793
4.9990
4.6268
3.8429
3.4877
5.6146
4.4538
5.9950
4.8587
3.1401
4.0586
4.2670
3.4156
5.2045
3.9915
7.9111
3.2028
5.5387
5.3728
3.4536
5.5374
2.2807
4.7776
3.7245
5.1630
