2.7661
4.4788
6.7506
8.6307
10.1553
8.9822
10.8939
11.1126
8.2259
7.5989
10.7551
6.8905
9.0522
10.8281
7.7345
8.0598
5.8285
5.8945
8.1144
10.3694
6.6874
8.2872
8.3407
7.2172
6.7769
6.4696
6.3023
8.2621
7.8196
6.1743
5.5723
7.2006
5.6728
6.8656
5.3439
5.6727
5.1515
6.2651
4.4210
6.1431
7.0718
5.7696
8.2516
6.8735
5.1705
5.8932
6.0043
6.0137
5.4646
5.1086
5.4951
5.6516
5.2507
6.1670
5.4732
6.9991
4.3792
4.9503
5.9747
4.9435
7.5763
4.9015
6.2898
5.2642
5.3299
3.8998
6.2505
5.5404
4.6764
4.4864
4.3379
5.2937
5.6001
4.8954
6.6094
4.6897
4.5838
4.4578
4.8246
4.1796
5.9332
6.2183
5.2156
4.3132
4.7800
5.4115
5.1701
5.2643
5.3528
4.7771
5.5661
4.8629
3.9969
4.0566
6.2519
4.4875
4.0494
5.7616
5.2282
4.9718
5.6073
5.2473
7.6451
5.4834
5.5901
4.0154
4.8112
4.3978
4.3908
5.5125
6.0112
4.4478
4.3679
6.3322
6.0075
5.0530
5.6292
6.0230
5.0614
4.6242
4.0228
4.1524
5.6048
4.4917
4.5398
4.5786
5.6800
3.7280
5.1869
3.9580
6.3516
4.4511
5.7038
5.6857
4.7906
6.0849
4.1189
3.9610
4.7525
4.8798
4.3139
4.8350
6.4332
4.7703
4.0049
4.8933
4.1256
4.1144
3.5778
4.8005
4.8392
5.8576
4.8336
3.9719
4.7957
3.9746
3.5210
4.8159
4.7688
4.8718
5.3751
4.3907
3.9996
5.0085
5.4083
4.8359
4.1677
3.9650
5.8874
4.1221
4.8668
3.9894
3.3947
5.6208
3.2416
5.7892
5.4753
3.0546
5.3201
3.5956
4.3168
4.5033
5.7424
5.6263
4.2483
3.6695
4.5849
5.2975
3.7060
6.2742
5.0280
4.2909
3.8937
4.6646
3.5466
4.1187
4.0394
5.1391
4.7642
4.8041
