2.8685
3.7762
6.3106
6.0567
4.7798
5.1182
4.5775
2.7921
3.9475
7.2376
2.3290
5.3915
4.9671
2.7583
2.9915
2.8376
2.9735
2.6782
5.3783
4.1844
2.6441
4.6887
2.3442
6.2857
2.7139
3.4784
3.2630
3.2979
2.2916
4.0535
4.3446
4.0794
4.9930
3.1769
2.6179
3.5141
3.6720
2.9750
2.9077
2.9714
2.8801
1.6318
3.8945
3.4852
5.5367
4.4521
3.8831
2.6832
2.3356
2.5804
3.1141
2.7799
3.2186
2.3836
3.2238
2.7768
3.3085
3.5774
1.4606
2.3064
3.0158
2.5777
1.9803
2.5178
2.1060
2.9354
3.0049
2.5243
2.2268
2.9685
2.6198
1.8293
3.6199
1.7941
2.4424
2.1626
6.1236
1.4813
3.8623
3.1883
2.5833
3.1231
3.2834
2.2001
1.6207
2.4192
2.4425
2.5118
1.3133
2.7645
1.8520
2.1845
2.2551
1.6015
2.6560
3.0842
2.6874
1.3516
2.6097
2.4949
3.5071
2.5930
1.2950
2.0043
1.5552
1.8901
1.5833
1.5359
2.8158
3.8641
1.6110
4.3224
4.0350
2.1597
2.8720
2.4079
1.5153
3.1736
1.6770
2.9751
2.9912
1.8097
2.1074
2.4668
1.6318
2.0743
1.8792
2.1282
4.1222
1.5535
1.4415
4.1557
3.4358
1.9953
2.9918
1.4471
2.3146
3.5460
2.3567
2.9322
2.1575
2.9379
2.3629
1.2951
3.5510
2.1375
2.9321
2.0200
1.9863
1.8284
1.5722
1.1863
1.5459
2.3329
2.5538
1.3070
1.8778
4.5848
2.2539
3.7081
2.1176
2.2987
1.5736
3.2675
2.7709
3.5778
3.4114
3.2522
2.1183
1.7545
1.5905
1.5640
2.1993
2.8941
4.1901
4.5283
3.0402
1.5064
2.0564
1.2939
1.9365
1.6332
1.5503
1.1956
1.8295
1.2473
1.8042
1.6604
1.3430
1.9853
1.7621
3.1367
1.8889
3.2901
2.9571
1.5882
2.5481
2.0257
1.6636
2.7885
