2.7373
3.1113
4.6193
6.8556
8.3193
8.6179
8.6145
8.2168
9.6463
8.9973
8.4413
8.4570
8.7154
8.2467
9.3041
8.9897
9.2465
8.5943
8.1326
7.9036
8.3488
7.7805
8.3510
8.2408
8.8122
6.9525
6.8062
7.5077
7.1923
7.4254
7.0742
7.5045
7.4254
7.8055
6.7020
6.7155
6.6845
7.6200
6.9529
6.0275
6.9400
6.9400
7.1663
6.9016
7.1585
8.0114
5.6890
4.9131
6.8541
6.7642
6.5249
6.5823
6.3358
7.1072
7.3700
6.1444
6.8358
6.7306
6.2502
5.5811
8.1530
7.2122
5.6662
6.7862
5.0526
6.1035
7.0567
6.7463
5.4912
5.8005
6.2055
5.3532
7.5690
5.0507
5.9159
5.8418
5.6018
6.0486
5.7323
7.8097
5.9961
5.3204
5.4217
5.1642
6.1073
5.7462
5.7337
5.9218
5.5042
6.5163
5.5272
6.3831
5.7967
6.8455
5.4751
5.4394
7.2882
7.1297
5.3450
6.6644
4.6891
6.6122
4.1548
6.3370
6.2221
4.5924
5.8217
6.2797
5.9082
4.7361
7.0872
6.1080
5.7876
4.7262
6.6926
5.9385
4.6956
5.0633
6.4866
6.1546
5.4519
5.9701
5.0169
5.9564
7.1717
6.3193
5.9676
5.9415
5.4693
5.3972
5.6596
3.7860
5.2924
5.6668
6.3907
6.1481
6.3749
4.9217
4.7213
5.7478
6.2325
5.6096
5.0093
6.3112
4.5150
6.0428
4.6307
5.6281
5.0106
4.8482
6.2838
5.1897
5.2766
5.3957
4.8575
6.2786
4.3823
6.6097
5.0649
4.7326
5.7205
5.4088
5.2071
6.5350
6.0449
5.2506
4.4230
5.6810
6.5320
5.5105
5.0768
5.3123
4.5430
5.7535
5.2580
5.5841
5.7118
5.2224
4.7764
5.1252
5.3218
5.1039
4.3717
4.8762
5.0855
5.8971
6.1471
4.4955
6.3197
5.9485
5.2604
5.8812
6.3028
5.8362
5.1104
5.4728
4.6886
4.9906
5.2378
4.1405
