2.4079
3.4784
6.3184
7.9901
10.5125
12.0467
10.4773
15.6401
11.9433
8.8045
11.7037
9.9321
8.6562
9.7289
10.6510
8.6957
9.7398
7.3802
10.8611
6.5991
7.4919
8.3900
9.4645
8.7095
8.2658
8.2525
6.4343
8.6410
9.0585
9.8437
8.8441
10.0597
7.8746
9.0246
7.6306
8.3434
6.7929
8.4510
6.8868
6.8832
9.5204
7.3871
7.6923
7.0574
7.5665
7.3045
9.4844
8.5682
8.6817
9.2967
6.1697
9.1133
7.1945
5.0257
3.7628
4.5768
5.0805
7.0822
5.1606
4.8459
4.5360
5.4034
3.8892
4.2993
3.9665
5.0793
4.0745
3.3616
6.8585
4.6112
6.3032
3.1505
4.9256
4.3468
5.0506
4.4542
5.6016
5.3725
4.2504
3.7799
4.6300
5.8080
4.6519
4.0478
4.4712
5.1287
3.8824
3.3795
7.0128
4.9165
3.6221
6.5436
4.9117
22.4271
3.7318
5.3035
4.7973
4.3390
3.8482
3.2568
4.5423
3.4066
3.7446
5.1265
4.5497
5.2360
5.1671
3.4606
4.0968
4.1614
4.3327
4.1045
3.4194
4.8693
4.0553
4.9382
5.4615
3.8139
5.5912
4.0125
5.2740
3.9159
8.5654
4.5622
3.5848
4.4036
5.2662
4.0135
4.8113
4.3733
3.9716
3.8680
4.7590
2.8281
4.2750
4.6189
3.7205
4.4278
3.5906
3.7345
3.5079
2.6552
3.1752
3.7209
4.4936
3.6424
4.3464
4.1776
3.2134
3.5460
3.2518
4.0288
2.5871
3.8089
5.3294
4.0335
3.4338
4.0132
3.6351
4.5061
4.0159
3.2065
4.8036
4.6727
4.7059
3.6480
5.1815
3.4433
3.0953
3.5135
3.3074
4.9702
3.7630
4.4366
3.0000
4.0120
2.7025
3.4033
5.0136
4.7223
4.3925
3.5269
5.2550
3.4057
3.2116
2.1839
3.2740
3.3279
4.7732
4.5452
3.8723
2.9520
3.9503
3.1914
3.3484
4.0368
3.0810
4.4079
3.2289
3.4247
