2.3431
2.8015
5.0352
8.1259
10.0394
11.4801
12.2677
13.5696
11.7731
12.8956
12.6521
13.2411
13.2404
13.1363
12.0072
12.5393
13.2563
12.4006
13.5948
12.2090
12.6560
12.6062
12.2767
10.7605
12.6467
12.6143
11.7595
11.3014
11.4455
12.5233
11.4460
12.4207
11.4152
12.2121
11.2726
12.6902
11.8751
12.2143
11.8602
12.9391
11.6506
11.5204
11.1396
11.9970
11.4969
11.8044
11.1435
10.9926
11.6105
11.1264
11.9817
11.3622
11.8641
10.4246
10.4120
10.7240
10.9622
11.4599
11.9181
12.6374
12.1517
12.1521
11.4192
11.3737
12.4356
12.2076
11.1583
12.1185
13.1737
11.5363
11.2056
11.4787
10.6763
10.8983
11.4036
11.1808
11.4123
11.0529
10.1298
11.7205
11.1036
10.1606
11.0006
11.4442
12.3551
11.6135
11.3150
10.6291
10.8064
11.5690
11.0935
11.1077
9.9821
11.5319
11.1204
10.6700
11.4018
10.3936
11.3234
10.9719
10.0969
10.9043
10.2266
11.4538
11.2622
10.2485
10.9215
11.6596
10.7099
10.3764
10.9767
10.8858
10.3212
10.9501
10.3711
10.4786
10.6926
11.1694
10.4334
10.9470
10.6295
11.0709
9.7513
10.7984
10.8470
10.8462
10.8093
10.4818
10.6382
10.3947
10.5803
10.9433
10.3145
11.0476
10.4224
10.7365
11.3909
10.6715
10.6113
10.0978
10.6840
9.7976
10.6704
10.0842
9.9266
10.6010
11.1934
10.5448
10.6040
10.3017
11.1385
10.8024
9.9962
10.5414
10.5979
10.3293
9.3075
10.6270
10.3429
10.2487
10.1954
10.5589
9.8175
10.2171
9.8502
11.2334
10.4522
10.2585
9.7389
9.6469
10.5817
10.5977
9.7632
10.6703
10.8532
11.0278
12.4663
10.0916
11.0878
9.7990
10.2165
10.8679
10.7414
9.6994
11.1439
10.1919
9.5237
10.6673
9.0335
10.8145
10.1350
10.4756
10.3168
9.7037
10.0891
10.1995
10.2460
9.7689
10.3297
9.3848
