3.1824
5.3200
7.8627
9.8415
9.9245
10.3007
11.9992
12.8612
12.7874
13.0492
11.0104
11.7209
11.7422
12.1765
12.3225
12.5363
12.0519
11.5610
12.4152
10.7497
12.0405
14.3299
13.4979
11.8501
11.7079
12.6274
10.6687
11.7053
12.0599
13.5177
10.4585
11.0328
11.4149
11.8451
12.2752
11.3916
11.8781
13.1746
11.9136
11.8016
10.8657
10.8626
12.9935
12.1578
15.4753
12.5721
10.5346
11.1535
11.0290
11.8262
12.7459
11.2365
10.5629
11.8535
10.1322
10.5711
12.4478
10.5760
11.8582
9.8268
9.0510
10.8847
12.7956
14.0952
11.5401
11.1743
12.9655
13.0809
12.3114
11.2654
10.3243
10.8452
10.7890
11.0651
9.6222
11.2088
11.8440
9.9502
10.2974
11.3242
10.6091
11.2621
11.1613
10.9168
11.5091
10.0166
10.7181
11.8794
11.3192
10.1748
10.0821
10.4969
11.1377
11.2141
11.4440
11.2424
10.1420
9.1913
11.1836
12.1875
12.5258
10.1161
11.3941
11.2600
10.8862
13.3261
12.4674
11.3666
12.2360
8.8195
11.6559
11.5026
11.5168
13.1173
11.7240
13.0088
11.2283
11.6996
10.6196
11.7642
9.8960
7.4021
9.3688
9.8405
9.9420
9.2454
8.8830
9.6048
11.9231
9.5358
8.3773
10.9579
9.9235
11.3900
11.1631
13.0856
11.3978
9.9787
10.0097
8.9176
9.8593
11.5256
10.0433
10.4560
9.8216
9.9040
11.4046
11.3801
10.5583
10.3965
8.8514
11.9135
11.6037
10.8334
10.5781
9.8927
10.8891
8.1138
10.6686
11.4518
9.8291
11.5471
11.9454
11.0707
8.3055
10.7143
9.7723
11.7640
7.2801
7.4875
10.1136
10.1209
9.2736
9.3775
10.0306
11.6092
10.8352
10.5762
12.1343
10.6958
9.4625
11.0486
10.3289
8.6905
10.5022
11.5070
9.6817
9.7089
11.9039
12.9377
10.9746
11.4433
10.1461
8.7720
10.4869
10.8604
10.0244
10.7804
8.6497
9.0891
