13.1258
7.6432
7.5699
6.2056
6.8379
6.0361
8.6838
4.9012
4.9927
5.4712
5.2580
5.6803
4.5185
6.5580
6.6632
5.2878
5.7196
5.6802
5.2194
4.6402
5.3136
3.4948
5.8399
4.4759
5.1824
4.4831
4.6924
4.3382
5.6098
6.2509
5.9454
4.7010
4.4560
5.7237
4.8954
4.8671
4.6498
4.2759
4.1824
4.4729
5.1873
4.4391
4.2460
3.5276
3.6562
6.3435
4.0179
4.6609
4.3552
4.5185
4.7081
5.2952
4.0076
3.6134
4.1796
4.7536
4.6911
3.3535
5.0718
4.2878
5.3560
4.9146
4.2233
5.1364
4.2558
6.0994
5.4404
4.9837
3.6780
4.8003
3.5166
4.4604
4.9400
4.2462
4.3453
3.3979
3.8533
3.9104
4.8860
4.9528
4.9661
3.9741
4.6598
3.6820
6.0250
5.7011
4.2480
5.0456
4.0852
3.8973
4.6205
4.9843
3.8180
3.9898
4.1146
3.9561
3.5579
4.6530
3.8419
3.4377
4.3521
4.7557
3.3748
4.3210
2.8483
3.5069
4.1076
4.0104
5.7975
4.3937
3.3799
4.5044
3.6018
3.8766
5.0934
4.5663
4.9097
5.1168
5.1677
4.3914
4.0254
2.7257
3.6238
3.9921
3.8402
5.1467
3.7402
4.0898
4.7360
4.2347
3.9809
4.6811
4.4215
5.4144
3.7836
3.6512
4.7581
3.8500
3.7357
3.7959
3.6439
3.8332
4.6093
4.2030
4.2771
3.8490
4.9465
4.0146
4.2751
4.4703
5.2360
4.8801
4.0627
3.7160
3.8184
4.8583
4.3625
4.7075
4.5000
4.0856
3.1246
4.8757
3.4618
3.5235
4.3387
3.9845
3.9972
3.3317
3.5094
3.6275
3.7892
3.4003
3.0203
5.1980
2.8634
3.9866
4.2875
4.9885
4.1897
4.2830
4.7540
4.9715
4.0739
4.7362
5.4381
3.9515
5.1358
4.1892
3.9743
4.3629
4.3674
2.9043
4.4460
4.5803
5.6292
3.7488
5.4395
4.1009
3.7294
5.7012
