2.1071
4.2907
5.1710
6.2716
6.2219
3.9486
5.1945
6.9267
6.3420
7.6944
5.3656
5.4167
6.2649
5.4042
6.3039
6.2313
4.1149
4.5122
5.9300
5.5562
5.7474
4.1434
5.2239
5.6855
5.6201
4.2509
4.0922
4.9910
3.0879
4.8183
4.1615
3.1666
3.5587
3.2737
3.3691
4.0251
5.6405
3.6069
4.7162
4.4177
4.9856
5.2137
3.4387
6.2022
5.8189
5.4862
5.6554
3.4338
3.6438
4.9384
4.0367
3.0784
3.9440
4.4587
4.1178
5.0051
5.4386
7.5294
4.5995
2.2464
3.4487
5.4909
4.4929
4.5653
4.6167
2.7447
3.9708
4.3022
5.4005
4.6226
4.9002
5.6034
5.1970
3.4565
3.7586
2.2680
3.7376
2.9874
3.4008
3.9969
3.5529
2.1119
3.6347
4.8554
3.7481
3.3088
3.1768
2.8395
3.6657
2.1173
4.3942
4.1764
3.7603
5.0909
4.4252
3.6231
3.4073
3.6545
3.7966
3.8085
4.7643
5.4616
2.7041
3.3354
3.6695
2.1276
5.0133
3.6854
2.0298
2.5243
4.6521
5.4180
3.8987
4.0874
3.1525
3.8475
3.1723
3.2666
4.3492
3.6721
2.7361
4.1898
3.3120
3.7350
4.6833
3.2501
4.6037
3.4027
3.8357
3.5523
3.3647
3.1739
3.4876
3.4889
3.0068
2.1786
3.2496
3.2617
2.5449
5.5394
2.9872
4.0769
4.6969
2.9365
2.7446
4.0571
4.4952
3.0429
3.9061
4.4275
2.6462
2.4211
2.7369
2.3923
3.6525
3.8637
4.0013
4.1285
4.2855
2.8182
2.7002
4.3980
4.2348
5.1279
4.7591
4.9046
4.0876
2.1194
2.6221
4.7810
2.3798
3.5498
2.8816
4.7601
4.3989
4.4084
4.2402
4.4856
4.2594
3.9707
4.7741
3.1052
3.5096
2.8082
2.3862
3.6587
3.8293
4.1211
3.1040
2.2969
2.8700
4.6505
2.6068
4.3977
3.2236
4.8648
2.1004
4.2223
3.2085
3.2588
