5.5423
7.6745
13.2068
18.8929
20.8263
24.6865
24.3964
28.0581
27.0801
28.7260
27.4103
29.7012
31.5449
28.8271
30.7174
30.7027
31.2804
30.3717
33.8363
31.4447
33.7415
34.4344
35.5641
37.8120
35.7804
35.4094
41.0848
35.5362
34.9932
40.7603
41.0042
38.6152
40.6946
39.2674
36.4464
40.6510
37.1786
40.7871
34.7771
47.8805
44.0814
38.1761
44.9427
47.0073
49.1764
39.8093
44.9519
44.3811
46.6112
44.1492
42.2375
40.3111
40.0721
40.8000
42.5831
47.7259
40.0739
44.9747
51.6871
45.9277
42.8207
40.1550
42.5904
47.3659
48.4486
29.9379
50.9371
49.8821
43.2262
52.1342
50.1957
47.9341
54.7077
57.7078
50.1984
44.7964
48.9160
51.0171
49.5325
57.9006
46.6769
42.1264
45.9809
50.9236
40.0406
47.8522
43.6749
48.8018
43.7133
52.0273
46.3784
48.3216
51.5931
42.2693
50.9406
44.3026
55.9148
53.1354
39.0115
42.6598
55.4339
45.8295
59.7612
56.4501
52.0181
49.7970
54.0067
38.4216
61.8484
41.7281
46.1880
49.7457
45.4396
48.3435
58.0667
59.2770
46.0519
53.7496
47.3585
50.4540
44.1217
55.7651
62.1726
46.4223
53.2168
57.8500
53.0433
50.0820
49.4385
40.2394
44.5131
40.7523
49.5620
42.1859
50.7737
38.6707
49.0615
46.4495
44.2581
38.5707
52.2644
45.2773
45.8277
56.0853
48.9687
41.6491
52.6277
34.7394
58.3631
48.8889
48.1496
61.6015
51.4219
51.1775
33.3353
54.1005
50.9373
52.2475
59.6456
35.4212
50.1851
39.8690
50.7328
49.1370
50.7006
58.7563
40.1960
69.6062
47.6535
41.2436
48.1100
50.9552
62.2608
54.4449
57.9153
46.5028
57.1578
54.8990
54.5904
32.8823
42.0668
50.5625
49.9252
37.3217
30.6250
47.3966
73.1578
63.0543
47.4598
53.4919
62.5761
38.0150
52.0745
41.1485
35.0508
44.6131
73.5278
47.8476
62.5710
48.9963
