3.8525
2.4775
3.7771
4.1804
4.1208
3.9837
3.3263
2.6817
2.4950
3.0775
2.6014
2.4812
2.7042
2.3877
2.7854
2.9350
1.6961
2.7857
2.6353
2.6392
2.2108
2.2838
2.2534
2.6300
2.3183
2.4485
2.7565
2.4953
2.1025
2.0308
2.2878
2.4345
2.0017
2.3367
2.5788
2.3456
2.6283
2.3269
2.2826
2.9430
2.1494
2.6127
2.6596
2.5897
2.4956
2.4852
2.3904
3.0876
2.5735
2.4183
2.1806
2.4400
2.3338
2.0215
2.3409
1.9989
2.1822
2.1455
2.2694
1.8757
2.8951
2.6923
2.3581
2.2062
2.1530
2.0382
2.8185
2.1041
2.2208
2.4454
2.8793
2.4941
2.4280
2.0635
1.9109
2.0183
2.2397
2.1188
2.1500
2.1374
2.3336
2.0611
2.4644
2.7996
2.0533
2.0830
2.1291
2.4348
2.1612
1.9191
3.6458
2.3845
2.4547
2.1124
2.1157
2.0987
2.4723
2.0182
1.9296
2.2255
2.2840
2.4469
2.7160
2.0880
2.1409
2.3565
2.3052
1.9181
2.4326
2.9003
2.0882
1.9607
2.6722
2.1156
2.0687
2.3073
2.3719
2.1135
2.5806
2.2913
2.2781
2.3629
2.3889
1.8827
2.1669
1.9790
1.9730
1.9472
2.2188
1.9489
2.0348
2.9335
1.7452
2.2555
2.4388
2.0179
1.9580
2.4451
2.4990
2.2001
2.0456
2.6885
2.0518
2.1678
2.3273
2.0602
2.4780
2.1522
2.5381
2.3494
2.4140
2.6315
2.5981
2.1031
2.0424
2.1674
1.8889
1.9101
1.9673
2.3616
2.2920
2.6771
2.7753
2.3378
1.9882
1.8521
1.9426
2.1042
1.8968
2.1278
2.0705
2.2318
2.4939
2.3026
1.7156
2.0039
1.9684
2.0808
2.5808
2.5233
2.0957
2.2971
2.1758
2.1764
2.1131
2.2205
1.8765
2.3271
1.9313
2.2332
2.0364
1.6473
2.0572
2.2818
1.6363
2.1584
1.8384
1.9398
2.2519
1.9758
