3.7796
5.9478
10.7055
14.4293
17.2222
19.2113
20.4002
22.7124
22.2791
22.8506
23.9023
25.6332
25.5172
25.6090
25.4758
28.8784
26.4030
29.5198
26.9015
29.9340
30.0643
26.9958
31.4128
29.7981
31.9773
30.0238
31.4926
33.1677
30.4827
30.8033
32.8072
32.8935
34.0323
33.2857
35.4761
32.4676
34.9037
34.6540
35.1399
33.5823
34.8079
31.1999
37.2954
33.1685
35.1128
38.8967
34.1165
33.2387
39.3382
39.5467
39.2924
37.2582
34.8575
37.5594
38.4126
36.8446
43.3757
39.2458
36.9195
34.7058
37.6077
36.5213
41.6147
42.3170
36.7635
37.2457
39.5681
40.9030
41.8426
41.2956
39.6038
40.3987
39.2461
39.9671
40.9849
41.7869
36.9088
41.8910
42.2693
42.7493
42.5690
40.9827
41.5589
42.6824
45.9996
40.8002
48.3065
48.0756
41.8857
51.5965
43.3867
44.4207
44.0808
45.8808
47.9673
40.2291
41.9132
39.6618
41.0463
43.3235
40.1570
42.1343
38.9674
48.0798
51.0306
41.5282
54.2538
40.1458
48.4215
43.4542
52.9955
39.3621
45.6254
54.1036
48.7290
45.5007
44.5821
41.0896
45.1767
47.1356
42.6394
41.6278
42.8531
44.3059
45.8821
41.8180
48.1820
40.8778
48.0546
40.9594
52.7032
43.3967
47.5962
48.7601
47.9408
54.8226
45.5418
54.3369
42.7619
48.2156
44.4018
45.8435
50.9402
51.9845
43.5015
46.9864
48.2013
49.0119
52.4977
61.1652
45.9481
58.8149
49.7696
41.1897
60.5583
43.4570
45.3041
48.8985
42.8005
45.4936
42.9214
43.4876
46.1501
44.4293
45.1695
50.2490
44.4249
48.6435
48.7888
54.3480
40.9614
50.6198
45.1843
59.4504
54.2132
47.8215
52.5985
45.3690
42.0918
54.9527
49.5319
44.0369
43.8571
51.5674
48.7101
45.9378
45.6912
51.4431
52.5851
54.4143
49.0282
46.8957
53.3578
39.8851
40.9213
54.9737
50.0139
50.1740
46.0756
56.2514
