17.4376
10.5667
7.3001
5.3301
6.1326
6.0728
3.9441
3.6263
5.6727
4.3647
4.6938
3.8129
4.9306
3.5307
4.5001
4.5865
4.2240
3.1931
4.5115
4.8130
5.0424
4.5935
4.9310
3.5472
3.9397
4.9872
3.8238
3.4191
3.8101
3.7949
3.4481
3.9265
3.4633
3.4743
3.9669
3.3169
4.2745
3.6214
3.9100
3.4474
2.9132
3.4094
3.1197
4.9149
3.3294
3.5897
2.9461
4.2498
4.0019
4.4952
3.4442
4.3268
4.0535
3.5205
3.4215
3.0098
3.4889
4.0677
4.0509
2.8999
4.0017
3.5724
2.5779
5.5589
3.8450
4.0153
3.4360
4.5276
4.6201
4.7093
4.3104
3.4127
3.6071
3.1681
3.0108
3.2687
3.8162
2.7697
3.1865
3.7336
5.0558
3.2364
3.7489
2.9074
5.3980
4.4424
2.9483
4.3494
3.9686
3.9568
3.5322
3.4923
3.1234
4.1591
3.1766
2.8550
2.8041
3.4059
3.0361
3.9952
3.6113
2.6440
3.9774
4.4384
3.8158
2.9570
4.1219
3.6553
3.0922
3.9161
3.4376
3.6507
3.2569
4.1760
3.7086
2.9433
2.5799
2.4942
3.3616
3.3290
3.5648
3.3173
3.0880
3.9714
3.2659
4.1981
3.3094
3.6084
3.0749
3.4761
3.3816
5.4064
4.2277
2.6558
3.3214
2.8084
3.4120
3.2185
3.4553
4.2337
2.6986
4.2812
3.8128
3.1059
3.1776
3.2137
4.4818
2.7767
4.8078
4.4102
3.0403
3.2646
3.6646
3.1920
3.2867
4.0043
3.4988
3.5574
4.1694
4.1379
3.0830
3.8699
3.3172
2.8169
3.5382
3.5478
3.9085
4.3002
3.5424
3.3344
3.2492
3.3279
6.4728
3.8864
4.3959
2.2529
3.2535
3.1489
3.3512
3.2305
4.3096
3.3711
3.2373
3.3589
4.2652
3.9463
3.3640
3.5210
3.7362
3.2006
3.6089
3.3678
2.8792
4.5247
2.6238
3.6879
3.7576
3.6712
3.6221
3.6364
