11.1211
7.3824
9.3494
8.4328
8.1435
8.9655
7.4106
8.5252
8.4281
7.8658
8.8596
6.6220
8.2316
8.4723
6.9684
9.4090
9.2054
7.6081
7.3282
8.1989
8.9403
6.9015
7.4153
8.1229
7.3466
7.6367
7.9444
7.4677
8.6779
7.4655
8.3490
8.0022
8.2805
6.7130
7.2973
9.8597
6.5148
8.3341
8.6151
7.6678
7.7800
7.5839
7.0148
7.0064
7.3707
6.7435
7.4994
7.9105
7.7661
6.8547
8.2799
7.9183
8.3930
8.9859
7.1246
6.7650
7.8356
7.6646
6.4779
7.6913
8.0598
8.6669
7.2920
7.4892
8.7054
9.3605
6.9361
6.5119
6.5834
7.6232
7.0050
7.1843
6.6802
8.2795
7.5451
6.8019
7.5313
8.4533
7.4749
8.2723
8.9808
6.9201
7.7028
8.5182
8.9612
8.3694
7.3328
7.6701
7.2235
7.5173
7.9078
8.0248
8.7929
7.5922
7.9174
7.1498
8.3253
8.2287
7.4039
8.8532
8.7537
7.3406
9.3397
6.8204
7.2889
7.7573
7.3918
7.1224
7.5550
8.4106
9.0100
10.0111
8.3646
8.3619
7.8444
9.3508
8.7333
7.3633
7.8180
8.0318
6.8326
8.2159
6.8242
8.7286
7.9101
7.9561
8.3370
6.6651
7.6085
6.6482
7.9703
7.5829
7.5053
7.6242
6.8669
8.1298
6.7117
6.7100
7.5126
9.3332
6.4401
6.8410
6.0753
9.0743
8.3723
7.4585
7.8013
7.4076
6.9822
8.5044
6.8903
8.4872
8.0004
9.1304
6.9102
7.8358
6.5946
6.5737
7.1255
6.7334
7.1460
7.6100
7.3153
6.5039
7.3145
7.1972
8.9893
7.9528
7.7379
7.5608
7.2536
7.6060
7.3139
9.0461
7.0248
7.6126
7.0935
7.8299
7.4638
7.7660
7.7488
8.3607
7.3306
7.9238
7.9653
7.6382
7.7022
6.9837
6.4691
8.8498
7.3005
8.4213
7.4342
6.7751
8.8576
7.2257
6.6609
8.0361
6.9688
8.0353
