4.1345
2.5177
3.8375
3.4180
7.8220
6.1746
9.3523
8.3754
10.1696
11.4257
10.0425
15.8033
9.6590
8.7120
11.9521
12.8301
14.6621
13.4211
15.9333
15.8203
17.0380
18.1488
12.0474
19.7246
21.0088
11.5507
10.0150
10.5449
13.2428
12.1697
13.5754
14.4484
13.8250
14.4450
14.9942
15.5321
12.1112
11.6660
17.3190
13.1664
17.3129
17.0809
16.2695
17.5079
17.3270
14.8070
12.9908
13.3513
12.9154
15.9035
16.5576
16.8590
16.4728
13.7263
17.2652
12.3073
18.1326
15.0993
16.5748
17.4489
15.8974
17.5759
19.4565
13.9712
22.9183
17.1263
15.9505
14.1581
17.4487
13.1030
19.7521
13.5983
18.5266
19.4954
16.6500
17.3430
15.5467
16.4744
14.0696
13.8128
17.6351
20.0470
18.6310
17.8014
17.4603
15.8818
20.7847
14.2009
20.7996
14.8313
18.0903
17.8452
18.8652
17.7159
18.1771
20.0595
22.2628
18.5279
18.5827
18.4079
18.5581
24.2620
18.7684
16.9897
16.5712
19.7697
18.0253
16.5612
19.7270
17.4437
22.1398
18.0421
17.9336
22.3316
22.0827
22.5594
19.0369
21.4818
19.6206
22.6722
22.4865
18.2196
18.0830
19.5510
20.8624
21.9880
20.1911
21.9021
18.6494
22.2090
30.3967
19.6519
21.2271
19.5433
20.0243
19.2870
19.4063
20.9700
23.3267
16.6826
22.9402
22.4785
21.1946
24.8963
21.7423
21.3589
19.7801
22.2088
22.7253
18.6272
25.3733
25.5329
21.0462
27.1474
24.2217
24.8340
22.7221
20.7574
26.3912
21.9975
25.7444
20.4472
20.4996
23.6655
22.7307
21.3103
20.7127
16.9646
23.7788
25.3700
23.0719
21.0834
28.5843
20.7788
28.4136
21.4906
21.6261
25.9069
23.5896
24.6159
28.7971
25.9279
21.8666
22.3122
27.8475
26.8592
23.1818
25.8777
18.1416
29.3421
23.9000
23.1153
23.9218
23.0286
22.4999
22.1330
32.0760
27.1982
23.7398
26.7590
