2.8944
4.3687
6.9250
8.8616
9.4080
9.6840
18.5373
16.7425
16.7756
17.5120
22.0041
21.5400
22.8168
20.6150
21.7598
21.6948
20.5247
22.5528
21.3062
22.9086
19.1147
21.1390
22.7528
24.3823
23.1941
23.8103
23.5916
19.5174
22.7502
22.0737
20.6870
24.1893
22.1563
22.7137
22.8622
24.9687
23.8413
21.2229
20.1073
20.3466
22.6141
21.8434
22.7920
23.3795
22.2475
24.6242
18.6612
23.3543
21.2770
18.7118
21.4452
21.6610
24.0451
18.5409
23.1277
21.3502
22.8900
21.5824
21.8673
16.9817
22.7608
20.5133
22.8799
20.8931
21.6095
21.1983
19.4800
21.5171
23.0000
20.3568
22.0546
20.5720
22.2051
20.1499
23.2871
22.4569
20.5690
19.8721
20.9551
18.5261
19.8479
22.8665
21.9660
19.6146
22.7585
22.4560
21.9492
19.3937
21.0899
20.3985
21.0902
19.0652
18.3918
20.0130
20.0077
20.6836
21.2988
20.9352
22.1950
20.6588
20.4747
21.7746
20.3941
21.6000
20.6750
22.2940
15.6597
20.2402
22.1163
20.6813
20.5623
21.7860
19.5241
18.3810
22.7474
20.9819
18.9842
18.2878
19.7870
19.0295
18.7101
20.0477
20.5182
19.4093
20.6712
19.9684
20.6621
18.6901
18.1827
20.3150
19.3093
18.0901
21.2170
18.9948
18.0265
21.2174
22.6268
21.2318
19.0618
19.7908
15.9183
20.1163
21.6212
19.7143
23.9009
20.5011
18.6990
18.4787
19.5024
19.6538
20.9711
21.3458
20.2034
19.2102
20.7464
20.3405
18.8373
19.8925
22.4867
18.8959
22.7884
20.8751
20.4667
21.3886
17.7917
17.5415
21.9473
19.3130
18.7409
22.4315
22.1297
21.9577
16.8658
19.6780
16.9834
19.7972
19.0440
18.3974
18.2252
19.9077
19.6778
23.5801
18.6572
19.5708
20.3462
21.4899
19.5001
20.4087
17.9650
20.1088
22.9073
20.0091
20.8775
20.8347
21.6654
19.3766
18.2927
18.8506
19.9691
19.2216
