20.3871
6.4152
5.6688
5.6505
6.3318
4.9855
5.3577
6.4871
4.6461
6.7451
4.3243
5.5672
4.8641
5.1626
4.1851
5.6461
4.5277
6.0919
5.0533
5.8031
4.8087
4.0650
5.2409
4.4244
5.3946
4.2878
7.0321
6.4873
5.3454
5.3621
4.2998
4.8532
4.4071
5.3844
5.1123
4.8673
4.0860
6.6433
5.9534
4.4950
5.0749
4.3130
4.1172
4.2065
6.4396
4.0315
5.4200
4.9126
5.0389
6.2701
5.3420
6.2269
4.9861
4.8664
6.3063
5.8952
5.6912
4.7992
4.3817
6.1926
5.0153
4.8349
6.9124
6.1488
6.2348
4.4140
5.1676
4.2435
4.9181
5.2682
4.8103
4.7873
6.5866
5.1725
5.0007
4.1953
4.3154
4.3516
5.3999
4.7271
5.2187
4.1275
4.5891
5.3073
5.8818
6.2992
4.8724
6.4605
4.8416
5.0188
4.6974
4.6449
3.7872
4.6199
4.7368
4.6177
4.0884
6.3550
5.2201
5.8011
5.0804
5.1789
4.5274
5.2738
4.4995
4.9143
6.0748
4.8433
4.0324
5.9557
4.5628
5.1553
5.2650
4.5138
4.5719
5.6209
4.0688
4.2745
6.1930
5.0763
6.1581
6.4988
4.8164
4.3293
4.9772
4.6330
4.3460
6.2879
4.6476
3.8552
5.3638
4.8056
6.2699
4.8815
5.6350
5.5071
5.9797
4.7192
4.8629
5.1515
5.1679
5.4245
5.4351
4.8538
5.1459
4.8005
6.1306
5.5709
5.3874
4.7418
4.7787
5.0206
3.8345
5.3949
4.7659
5.2521
4.5747
6.6961
5.7838
4.4575
5.3159
4.3010
5.1805
5.0938
6.4191
4.9096
5.2436
5.0744
4.4847
6.7518
6.3613
4.4380
3.9575
5.2743
3.9742
6.9118
4.8833
3.7823
4.9640
6.2563
4.5546
5.5325
4.5813
4.5124
5.7588
4.3238
4.5442
5.4760
5.9266
5.2827
4.4620
5.8024
5.7921
4.6899
5.2572
6.0741
4.6561
5.0056
5.6338
5.3908
