2.6625
3.3049
5.0612
7.1932
8.5001
8.2120
10.0507
7.9331
7.7689
9.8159
7.5863
7.5748
8.3162
8.3290
8.1821
8.7760
9.5098
7.7971
8.1203
8.6592
9.2995
8.6024
8.3599
7.0789
8.8533
8.9624
7.7813
6.4103
6.9464
7.2659
7.5094
8.4143
8.1116
8.9750
6.0669
9.6136
7.9769
6.5571
6.4623
6.4404
5.9557
7.7398
8.6906
7.4537
8.7156
7.4408
6.2136
6.6878
6.1826
4.6272
7.3423
9.0452
7.0855
6.7594
6.6167
6.8637
5.9162
5.6585
7.2946
7.2754
7.1724
6.8919
7.5886
7.4799
6.8171
5.4227
7.1584
7.7977
7.3644
6.8461
6.5325
6.1936
5.5974
7.1213
5.3823
6.5853
5.1367
5.7753
4.6552
5.0498
6.3769
6.3095
6.3896
7.1783
4.8985
6.9964
4.8501
6.9195
6.8170
6.8902
7.2389
6.0119
6.9565
4.5712
6.7227
6.3774
5.7001
6.3919
6.7104
5.5758
7.0938
4.9847
7.3220
5.7486
6.8565
6.2210
6.5964
4.7876
6.6591
6.2656
6.3836
6.1695
6.6240
6.7831
6.9841
4.8712
6.2238
5.3742
4.6749
6.6400
7.0780
6.9394
5.3071
6.1241
7.0598
5.5678
6.9189
6.6064
6.7810
4.3802
5.8720
6.1704
6.6901
5.5562
6.0277
4.4376
6.5280
6.9212
5.3817
6.9644
5.3137
6.8304
7.3273
6.2283
6.0637
5.1272
4.8739
4.9175
5.5235
6.9213
5.2934
6.4273
4.7744
5.5603
7.2608
6.3883
3.5956
6.6944
5.2534
4.4876
7.0171
5.6384
4.8547
6.2968
6.7176
7.7027
6.7128
5.7456
5.8266
5.0404
5.6628
6.1694
5.3855
6.0554
6.1646
4.9078
4.2391
5.1975
5.1247
5.5084
5.1175
4.4491
4.1170
5.2492
6.8604
6.1185
6.8528
4.7185
6.0256
6.9046
5.3326
4.6178
5.1936
5.9025
5.6418
4.1131
5.2880
5.7563
7.1275
4.2197
