2.1739
4.8718
6.8165
7.7661
7.0510
7.3867
5.8606
6.2336
6.3405
6.2784
6.6219
6.2132
4.0502
4.3249
5.7221
4.3262
6.1596
4.8947
4.5472
3.3450
4.7410
5.2195
3.0064
3.6641
4.2927
3.4926
3.1219
7.0052
4.7820
3.2855
4.6495
3.7468
3.9594
5.1861
3.4768
4.9508
2.9503
2.8146
2.8282
3.2751
3.0816
2.5760
4.1194
2.4545
7.1543
3.6866
4.0572
1.3994
2.8603
2.7054
3.2533
2.1887
2.6124
1.0598
2.5230
3.0701
4.0640
3.0378
1.6922
4.6868
2.2229
3.5467
1.7914
5.8017
2.8655
3.4922
1.4293
4.4545
1.3264
1.8938
4.1328
1.3409
3.0057
2.7664
1.5053
5.4282
4.0117
1.6644
1.6988
2.5543
1.9805
1.6966
3.9786
2.6493
2.5267
2.2121
2.1738
2.3820
4.3195
3.6985
2.1024
2.5264
4.2338
4.4007
1.4725
6.6211
2.1651
3.8255
3.5031
4.5268
3.0724
2.9499
1.6597
1.6831
5.0092
3.1027
1.4348
2.2715
3.0761
2.2503
4.5748
3.2258
5.0810
3.4524
2.7275
2.0055
4.4623
3.1021
1.9974
3.0265
2.5079
2.3467
4.9703
2.4006
4.2217
2.7023
2.5655
0.9350
4.2797
3.2900
2.5396
3.7282
4.5255
3.5581
3.1931
2.6492
2.6722
2.1103
4.6936
3.9125
2.8134
2.1750
2.5121
2.4996
3.0558
3.6838
3.5740
2.8265
4.4257
2.8944
1.6813
1.4371
1.7318
4.3593
2.9360
1.2503
3.6328
2.4645
1.6949
4.1601
2.0260
1.7824
1.5846
4.3591
1.9895
1.6371
3.6828
1.4515
3.1856
4.4080
2.3403
1.3753
1.3302
5.5228
2.5670
1.6211
1.9712
2.2083
2.3800
2.0804
1.5790
1.8847
2.3346
1.6827
3.4486
2.8240
2.4720
1.6726
2.4072
3.0194
2.2519
1.3186
1.6692
3.4665
2.6294
2.1348
3.7491
2.6056
1.7186
3.4211
