1.8797
15.0651
12.4236
9.7596
9.7786
8.0830
7.7798
7.4060
7.1087
7.1608
6.5797
6.2906
6.5259
6.1565
6.0779
5.7527
5.9901
6.0918
5.7960
5.7405
6.0711
5.5386
5.6681
5.1957
6.0844
5.0392
5.2962
5.4656
4.9684
5.2229
5.4605
4.9597
5.2578
5.4648
5.1645
5.4946
5.1640
5.0260
5.1825
5.3198
4.7588
5.2287
4.6354
5.1534
4.7266
4.5951
5.0878
4.7042
4.4802
4.6211
4.8399
4.8542
4.5429
4.6839
4.4169
5.0085
4.9282
4.8265
4.6515
4.6694
4.9455
4.4942
4.4464
4.7385
4.7308
4.8555
5.0755
4.3140
4.9411
4.7049
4.5669
4.7333
4.8887
4.7674
4.5356
4.5889
4.4453
4.3539
4.1473
4.3888
4.2194
4.1845
4.0068
3.7757
4.3617
4.3112
4.0403
4.3583
4.4608
3.9508
4.0962
4.0931
4.5491
4.5811
4.2727
4.4220
4.2348
4.8486
4.3330
4.2805
4.2680
4.3485
3.9092
4.0842
5.0619
4.4521
4.1294
4.4681
4.4858
4.2918
4.1449
3.7838
4.3709
3.7844
3.8119
4.0973
4.1766
4.1202
3.9492
3.9936
4.5299
4.2587
4.4020
4.1702
4.0307
4.0566
4.1705
4.0936
4.4740
4.2572
4.3681
4.0052
3.8953
4.1187
3.8259
4.1411
4.3310
4.1104
3.5734
3.9819
4.0298
4.3426
4.1897
4.0182
4.0348
4.1625
4.1297
4.2947
4.0296
4.1386
3.6214
3.9416
3.9181
4.2680
4.3315
4.0337
4.2585
3.8793
4.1028
3.6958
4.1451
3.6718
4.0346
4.1046
3.9066
3.9776
4.3121
4.5119
4.1150
4.0661
3.9580
3.8678
4.0966
4.1111
4.1387
3.9142
4.3900
3.9075
3.8957
4.4138
4.3041
3.8164
4.2025
4.1115
3.9596
3.7690
3.8875
3.7003
4.2924
4.2865
4.1106
4.0659
3.8452
3.9019
3.8635
3.7724
4.1545
3.8271
3.9539
3.9437
