1.7489
4.0518
3.0512
2.5008
2.3548
2.2066
2.6266
2.1780
2.0229
1.8138
2.0282
2.0205
1.6547
1.9618
1.8914
1.5129
1.7110
1.6062
1.6991
1.6729
1.4827
1.4846
1.7391
1.4757
1.4108
1.7060
1.3916
1.5220
1.4565
1.3507
1.2579
1.4275
1.5923
1.5319
1.4336
1.3207
1.3858
1.4131
1.4022
1.3090
1.2521
1.2006
1.3414
1.6330
1.3752
1.3425
1.6014
1.2747
1.5054
1.2244
1.4604
1.3424
1.2929
1.2761
1.1874
1.3098
1.5297
1.2303
1.2869
1.2446
1.3220
1.4205
1.3124
1.3398
1.1985
1.3619
1.3839
1.2216
1.2428
1.0781
1.3308
1.2891
1.1446
1.2527
1.1851
1.2416
1.0545
1.2872
1.1107
1.2725
1.1582
1.2701
1.0649
1.1798
1.0939
1.1126
1.2415
1.1132
1.1091
1.3540
1.0294
1.1039
1.1954
1.2396
1.0711
1.0725
1.1959
1.3694
1.4012
1.2158
1.2460
1.2038
1.3037
1.1426
1.2914
1.1538
1.3321
1.1755
1.2248
1.1442
1.5078
1.2378
1.1497
1.1742
0.9280
1.1706
1.1385
1.3974
1.0947
1.2626
1.2399
1.1116
1.2363
0.9851
1.1818
1.3162
1.2253
1.1436
1.1439
1.1657
1.1487
1.1935
1.3781
1.1855
1.1519
1.0901
1.4645
1.2221
1.0703
1.1976
1.2004
1.1473
1.0774
1.0983
1.1267
1.2209
1.1519
1.1935
0.9945
1.2104
0.9957
1.1687
1.0812
1.1832
1.1156
1.0642
1.2551
1.1285
1.0700
1.1572
1.2455
1.1312
1.1015
1.0727
1.1230
1.1131
1.1935
1.0711
1.1211
1.3052
1.1074
1.3875
1.2236
0.9000
1.4628
1.1793
1.0914
0.8934
1.1964
0.9799
1.2241
1.2610
1.2169
1.0612
1.1503
1.1782
1.2657
1.1633
1.5233
1.0566
0.9906
1.2523
1.1224
0.9806
1.1094
0.7946
1.2967
1.2669
1.2684
1.0087
