13.3766
9.4672
7.0222
7.7749
6.5225
8.0764
7.4561
7.3901
7.9559
7.3134
9.0477
7.6950
7.2078
7.7916
6.4936
7.6299
7.5595
6.7534
7.9513
8.6722
8.0935
6.4453
7.7653
7.5997
7.0595
7.4265
7.1079
7.7229
6.7242
7.6936
6.8553
6.3739
8.3434
7.2378
8.1810
6.8601
6.8277
6.4395
8.2225
7.6444
7.8828
7.8648
6.8805
7.4658
5.9999
7.0962
6.5323
7.0022
7.2709
6.9111
6.9923
6.8901
7.3989
7.6260
6.4528
6.9004
8.5604
7.7499
6.8905
7.7471
6.8743
6.9124
7.8616
7.9221
7.4960
8.3033
8.5309
7.4265
7.0209
7.9844
6.8746
6.8878
8.8910
7.3588
6.1866
9.2529
7.4849
7.5489
7.3913
7.8575
7.5166
7.0146
6.2741
7.8266
6.8456
6.2631
7.7790
8.7898
7.6729
7.4703
7.5347
9.7467
6.8851
6.9883
7.1181
8.2089
6.4721
7.5491
7.1225
7.4139
7.4822
7.9647
7.5718
6.7863
7.6030
6.7646
7.5488
7.6833
7.3551
7.0522
6.5002
7.5332
7.1179
7.8611
7.0680
7.8075
7.4222
7.7783
6.9271
8.0357
7.5440
6.2043
8.1707
7.5852
7.1092
8.1436
7.0430
6.8473
5.8003
7.2635
6.5793
6.8086
6.9371
6.7710
7.2806
7.1677
7.9425
7.5466
7.6670
6.6170
7.5022
7.2244
6.8809
7.4606
6.6473
6.8495
8.5099
6.6118
8.0367
5.8357
6.5985
6.3328
7.8545
7.2532
7.6493
6.2748
7.9911
6.7635
7.6319
7.9922
7.8030
7.5446
6.0349
6.6885
5.5860
6.0255
7.1194
6.9344
7.3075
7.4805
6.5104
7.1136
7.5272
6.9321
7.9103
7.6617
8.3689
6.3465
7.1069
8.4459
7.3576
6.7865
6.6479
6.8559
8.3623
7.7607
7.6403
7.9526
7.8408
6.9858
7.3181
7.8729
6.4503
7.5054
9.5498
6.7617
7.3196
6.7977
6.6940
6.8486
