2.8685
3.9000
6.4149
6.2234
4.7448
5.1486
4.5695
2.6904
3.8364
7.2343
2.2950
5.2903
5.0958
2.9646
2.8631
2.8726
3.0793
2.4862
5.5304
4.4579
2.6573
4.8249
2.4512
6.5300
2.6182
4.0779
3.1974
3.2496
2.3595
4.1099
4.4471
4.1851
5.4904
3.1609
2.7723
3.8126
3.9191
2.7750
2.9487
3.0980
3.0308
1.7399
4.0857
3.3459
5.4478
4.7598
3.6959
3.0913
2.3987
2.4956
3.2635
3.1160
3.2543
2.8012
3.4834
3.0519
3.3115
3.9289
1.6252
2.7828
3.0833
2.5478
2.1235
2.6418
2.5683
2.9774
2.6678
2.3992
2.0910
2.9937
2.7316
1.7671
3.6441
2.2598
2.5968
2.3273
6.6111
1.6207
4.0870
3.2441
2.7479
3.2090
3.7276
2.0590
1.7171
2.6415
2.4828
2.6489
1.0272
3.3109
1.7431
2.0103
2.3544
1.9271
3.0947
3.5492
2.8271
1.4275
2.6829
2.6707
4.2163
2.9681
1.1972
2.0951
1.4872
1.9329
1.6754
1.7497
3.1113
3.9774
1.7600
4.3688
4.2575
2.5387
3.1280
2.5043
1.7876
3.3182
1.8686
3.1933
3.3790
2.1887
2.1151
2.4521
1.7505
2.2332
2.0002
1.9192
4.3869
1.7224
1.2445
4.3875
3.4006
2.1433
3.3163
1.8888
2.3750
4.1108
2.4212
3.4594
2.2913
3.0535
2.4243
1.2297
3.5896
2.0998
3.1520
1.8252
1.9629
2.3344
1.6545
1.2955
1.7299
2.4482
2.6246
1.3690
2.3986
5.4684
2.6193
3.6205
2.3893
2.1352
1.2699
3.4577
3.0005
3.8322
3.3417
3.9520
2.0322
1.7749
1.5022
1.8290
2.4949
2.8584
4.6217
4.7924
3.3536
1.7138
2.3492
1.5919
2.1974
1.5575
1.6851
1.3348
2.3379
1.3327
1.8534
1.8099
1.6611
1.9234
2.0668
3.7641
2.0821
3.4757
3.1481
1.6849
3.0261
2.0725
1.6799
3.3958
