1.6950
1.9873
4.9602
6.8975
10.0703
10.4453
9.1880
9.5727
10.3629
11.4962
11.4259
9.8167
9.5807
10.1789
11.0731
9.3046
10.3353
10.2655
9.7484
9.0642
9.9807
8.8496
11.4855
9.8372
10.2381
8.8738
9.9804
9.9030
9.0756
9.8083
10.2972
10.0498
8.9405
10.5053
10.1305
8.3562
10.6089
10.4672
9.5392
8.3776
7.9654
10.3975
8.5990
8.1683
9.0537
8.1493
9.6757
9.4927
7.7020
9.0421
8.2515
9.4839
9.9069
9.7784
7.5662
7.8601
9.4740
8.4661
9.2043
8.8369
8.8331
8.9239
9.7405
8.2044
8.3609
8.4233
8.0782
8.2455
8.6805
8.9938
7.8613
9.2507
8.5017
7.9017
8.4573
8.4325
10.1260
8.1677
10.4254
8.4352
9.0567
6.9764
7.7768
7.9022
7.7033
7.9017
8.5296
8.1165
7.7958
7.9948
8.8812
7.5286
8.6634
7.9935
8.3208
8.2592
8.0337
9.7903
8.8024
8.1896
7.8238
8.4648
8.2458
9.2034
8.0628
9.3505
8.4288
8.1030
8.8052
9.1542
8.8220
7.4460
8.0201
7.3222
8.7787
8.8683
8.9469
6.9009
6.5402
7.2096
6.8294
8.5403
8.2797
7.9366
8.6263
8.6112
8.9163
8.2110
7.1848
7.2234
8.5248
8.2298
8.1801
9.0441
8.7480
7.9628
9.6380
7.9249
6.6780
8.4487
7.7377
8.2773
7.8201
8.6731
7.3276
9.2536
8.0920
7.4206
8.3117
8.3873
8.2272
8.3317
7.9675
8.6121
9.6557
7.9658
8.6587
8.3506
8.3515
8.5753
8.6042
8.3971
7.4431
9.5954
8.0451
7.8078
7.7995
7.3585
8.0475
8.5593
7.6220
8.3691
8.2325
7.5184
7.6338
8.3775
7.7067
7.2288
8.3208
7.7366
8.0861
8.1905
7.6261
7.3230
7.8610
7.6539
7.9014
7.9630
6.7153
8.9271
8.3056
8.2257
8.4887
7.2679
8.2489
8.5231
8.9916
7.6795
7.5131
8.4658
