3.0758
4.1732
7.1772
10.6745
12.9990
16.4422
16.1454
18.2649
19.0709
19.7689
19.2449
20.2461
17.9790
19.6105
20.9170
19.8660
19.6522
19.5414
18.6913
18.5761
18.2127
20.4061
19.4172
19.1594
17.7006
18.3569
19.9246
17.9647
17.8411
18.6990
18.9388
19.4114
16.6525
17.7512
19.0105
19.6621
17.5948
17.8895
18.9073
17.2699
17.7946
17.7424
18.3691
17.6407
18.3486
17.6183
15.8042
17.5816
17.5418
17.5272
18.2047
17.2539
18.2127
17.2255
17.8799
16.3513
17.1377
16.8111
18.1136
17.7682
18.7606
17.9776
17.2050
16.7042
17.9046
16.9560
16.1935
15.9244
16.7196
16.8803
17.8797
17.5332
17.7236
16.9965
17.7488
16.5037
15.7730
16.2024
17.9430
18.0072
16.0007
17.2455
16.9811
17.5797
16.1320
17.1003
17.1312
17.0639
15.8576
15.2798
16.4443
16.4680
16.6717
16.8485
16.4742
17.1208
17.6624
16.6806
16.5722
16.9913
17.4929
15.7162
17.2229
16.7634
16.8292
16.6627
17.2996
16.4072
16.0397
16.0461
16.7952
14.9728
15.7331
17.4019
17.5262
16.3722
16.0934
16.6173
15.5864
17.1380
15.7005
17.0771
16.7158
16.5043
17.9436
15.7030
16.5269
15.6173
15.8615
15.9386
17.6584
17.0115
18.0612
17.5173
16.1674
17.7544
16.8125
15.5970
16.5010
15.9986
16.5431
17.5527
17.1152
16.3507
17.6489
16.7684
17.6486
15.1685
16.2039
17.0625
16.3158
16.6419
16.3218
16.5900
16.8253
16.8707
16.1699
16.2489
16.5511
16.5896
16.6073
17.0664
15.3361
16.8312
15.3195
15.9550
15.4022
17.1256
17.2126
15.3736
16.4349
18.8231
17.6326
18.9086
17.1365
15.8844
16.5343
16.9530
18.4995
17.3355
15.2349
16.7357
14.9996
15.9459
15.7181
16.9617
14.0007
15.7805
16.9866
16.0606
16.0520
13.8766
15.7156
14.9260
16.3445
16.4221
17.4562
16.3540
18.0109
15.1281
