17.3231
11.4676
9.2383
9.3502
8.2952
8.6664
7.3207
7.0305
5.7372
5.6984
7.6482
6.5241
7.0284
8.1183
5.5093
7.6073
8.7609
7.1288
6.5978
6.3772
6.5710
7.2916
8.1037
7.0047
8.3248
8.9659
6.8580
7.4902
7.3581
7.4858
7.4703
5.8765
6.0511
7.3838
7.9866
6.9837
5.7930
6.7460
7.2416
10.5452
6.2456
6.1519
7.7500
5.3647
6.5329
6.7431
6.1674
7.4061
6.9932
6.7464
7.6908
7.0862
6.9594
8.5520
6.1177
6.3521
7.3063
6.9850
6.9383
5.2754
7.4430
6.2474
6.9552
6.0431
5.8853
5.7541
5.9391
6.7182
7.1202
7.2927
6.4266
6.5644
7.1780
7.4157
6.5878
7.5483
6.7271
6.7042
6.1867
7.4033
6.5529
6.9577
6.8881
6.5924
7.0633
7.6858
8.1415
7.2870
5.4573
8.0007
6.5810
5.9972
8.2476
7.7707
6.5574
7.2829
8.2441
6.4819
7.5740
6.3148
6.3598
6.8054
7.4767
6.4287
6.2266
7.4999
7.0857
8.5038
6.8197
7.0169
6.0783
8.1452
7.9911
8.1110
7.7414
6.6525
6.5326
6.6555
6.9354
7.0905
7.8956
7.3801
6.0490
6.7792
6.6503
7.4323
7.6603
8.9544
7.1773
6.0355
6.5351
6.0032
6.8307
8.7095
5.8435
7.6976
6.0760
7.3696
5.7992
6.0209
6.4023
6.7636
6.9668
6.6140
5.3782
5.4733
6.4111
6.0260
6.2751
6.1594
9.4609
6.9494
6.7911
5.8408
8.1362
5.6638
5.5691
5.3782
5.3806
8.5010
7.3754
7.3311
8.0009
9.0053
6.7911
6.6413
7.9414
6.3693
6.2004
5.8550
8.0965
8.3515
6.3914
5.7438
7.8239
7.6978
6.1971
6.9478
8.9414
6.3105
6.0870
6.9699
5.8900
6.8179
6.4351
5.9205
6.5610
7.0059
5.4076
7.5721
6.7720
7.0469
6.2443
7.4360
9.2109
7.7233
7.4270
6.2501
5.7538
5.4662
