2.3815
3.0977
4.6247
6.1956
8.3086
7.6070
8.9656
7.3738
8.5139
7.7114
6.1639
7.4992
7.0348
7.4868
7.5785
7.1574
7.2087
7.1140
6.4809
5.6403
5.8382
5.1604
6.6879
4.8709
5.0830
4.7523
5.6344
5.1578
6.0947
6.2110
6.3562
5.0010
5.3906
4.7778
4.9720
5.3467
5.0664
5.2219
5.3161
4.3405
5.0139
4.6487
4.9176
4.0525
4.0671
6.7589
4.8711
5.0342
4.5888
5.5217
5.3884
5.0219
4.2541
4.4429
3.7944
4.5452
5.7013
4.2404
5.6786
4.4856
5.5269
5.8151
4.4378
5.0960
4.5706
5.1298
5.5216
4.4952
3.1396
3.6696
2.6649
3.6646
3.7118
3.5376
3.7857
2.4319
3.0874
3.7217
3.7589
4.4184
3.4341
3.2675
3.7322
2.8336
2.9654
4.0741
4.3577
4.1959
3.5310
3.4629
2.7863
3.9921
3.0915
3.1358
2.8622
3.0792
2.6725
3.1556
3.2703
2.7447
3.5365
3.0024
2.5063
3.6864
2.3967
3.7259
3.1793
3.8498
4.1870
3.4153
2.8856
3.2401
3.3205
2.8877
3.4682
4.0981
3.5608
3.5279
3.4658
3.2212
3.6742
2.4824
2.9042
2.8585
3.0798
2.7857
3.1230
2.7590
2.5068
3.5717
2.9162
3.8856
2.9815
3.8370
1.9323
2.7132
3.9174
3.6361
4.0421
3.2789
2.4600
3.3477
2.4801
2.1802
2.7336
3.3080
3.0235
3.1405
3.7661
3.4152
3.8990
3.9155
2.6375
2.7765
3.0483
2.5893
2.9233
2.6088
3.1394
2.9447
2.8568
3.8999
3.0424
3.0411
2.8001
2.5376
3.0451
2.6401
2.4768
3.7989
3.2094
1.9304
2.6877
3.5139
2.5387
3.2426
2.5962
4.3164
2.8894
3.6820
3.0251
2.6405
3.2329
4.6342
2.7389
2.5113
3.5769
3.0761
2.9717
2.8101
3.0703
2.0561
2.8180
3.5615
4.1298
3.3503
3.3971
2.4041
2.6391
3.4290
