18.6439
8.4954
6.6871
5.4225
5.6835
5.5381
6.1082
4.9297
5.4961
4.3996
4.4903
4.6076
4.5195
5.5699
4.2177
4.8581
4.1495
4.6331
4.1401
4.1983
3.9027
3.4137
4.6678
3.9999
4.3321
4.1782
3.2848
3.8875
4.5827
4.4153
4.4056
4.2333
4.3867
4.7859
3.8186
3.6934
3.7470
4.1505
3.2935
3.4889
3.7604
3.6310
3.0142
2.9229
3.6507
3.5076
4.0180
3.5267
5.3328
4.4186
3.9738
3.8171
3.9122
3.9753
3.0227
5.4418
3.1067
4.2872
3.2460
4.7539
3.8377
3.8956
3.5871
3.8093
3.8792
5.4475
3.8154
5.1634
3.6161
3.9495
3.5287
3.4118
4.6211
3.5552
4.3180
3.9065
4.1242
3.3764
2.8311
3.0417
4.2712
2.6292
4.8710
3.4439
5.4675
4.8095
4.4133
3.1983
4.6761
3.5373
3.0372
3.2983
3.6909
2.8489
4.1218
2.7471
4.0889
4.0505
4.1601
4.2517
3.8205
4.6738
3.3480
2.7186
4.3417
3.7597
3.9362
4.4286
3.5670
4.1686
3.7239
3.9316
3.7432
3.1177
3.9037
3.4755
4.2372
2.6295
3.7556
2.9666
4.3171
3.5077
3.9173
3.5074
4.2909
3.3313
3.4228
4.0061
3.4153
3.5559
4.0514
4.0593
3.3587
3.7455
4.2621
3.7608
2.5927
3.6664
3.1176
3.8816
3.7148
3.5752
4.4561
3.4603
3.1693
4.6323
3.8620
3.2684
4.2427
3.9081
4.2667
4.1340
4.1941
3.0111
3.1212
2.8820
3.1482
2.9545
4.2549
3.4585
3.9777
3.0320
3.2292
3.2917
3.6919
3.4257
3.8989
3.7575
3.5933
3.6460
3.1078
3.6030
3.6230
4.6477
2.9112
3.2006
4.1607
3.1682
3.0644
4.7263
3.9669
3.6883
3.7102
4.1343
3.1274
2.7664
3.0757
3.3391
3.4621
4.1215
2.8637
3.0694
3.3701
3.8038
4.6761
2.9803
4.1822
3.6248
3.1363
3.8865
