19.0571
8.1167
7.5035
5.7266
5.8384
5.4787
4.5958
5.8508
4.6649
6.1569
4.7501
5.0219
4.5728
4.8190
4.1236
5.1435
5.2810
5.9900
4.8156
5.4425
4.0702
4.3423
4.7843
4.5140
5.0435
3.6716
4.4416
5.6990
3.6678
3.6269
3.5817
4.3874
4.0545
5.2008
4.3422
5.6510
4.7406
5.3980
4.8882
4.4132
4.6124
4.0162
3.5808
3.1617
4.5480
3.5567
5.8212
3.5502
4.7279
4.4249
4.9349
4.4081
4.0442
4.0100
4.8959
4.0023
3.6371
4.2448
4.0294
4.1852
4.3478
4.6231
3.5167
3.6561
4.0764
5.1711
4.1875
4.5614
4.5044
4.0278
4.2885
4.1168
4.5806
4.0463
5.1870
5.1032
4.5019
4.1333
5.0851
4.5201
4.6689
4.7557
3.9103
3.7245
4.0079
3.8356
3.9382
3.3072
3.9475
4.7392
4.3869
4.6656
4.5607
4.0784
4.7642
3.8767
4.0708
4.7955
4.2642
3.3185
4.0672
3.2212
4.2637
4.5063
3.4861
3.9950
4.0066
4.0451
4.3599
3.9994
3.3885
3.2454
3.3707
4.9177
3.6581
3.4067
3.8666
3.8563
3.1203
3.4094
3.5534
4.1105
5.3564
3.3965
4.1865
3.5146
3.5798
4.0556
3.4813
3.3069
4.7608
3.5760
4.0005
3.5364
2.9377
3.7838
3.7477
4.0520
4.2829
4.0266
4.4262
3.4170
5.1381
3.6844
3.5491
3.8971
4.4214
3.6501
3.5877
4.3433
3.6657
4.4813
3.2163
3.6611
3.8954
4.0282
3.4980
4.0168
3.0989
3.7925
4.3364
3.5486
3.9256
3.4214
3.1446
3.8002
4.8698
3.2662
3.1631
3.3543
5.2488
4.1723
4.1730
4.9155
3.7125
5.0244
3.5927
3.6830
4.1004
4.1170
3.7604
4.2183
3.6753
4.2540
3.1056
3.0355
3.3226
3.4555
4.8863
4.3580
3.7755
4.6813
3.4528
4.3993
4.6129
3.8059
3.6484
4.5090
4.8881
3.8161
