16.4072
17.5552
16.2399
15.4867
15.7817
15.3793
14.2480
12.8330
13.1820
11.8269
13.4995
12.2438
11.2097
13.1972
12.7456
11.3956
11.3643
12.6727
12.3577
12.3451
15.0508
12.4993
12.5573
12.2467
12.1710
11.5776
12.1147
13.2405
11.9803
13.5125
11.5851
12.6734
11.5563
12.4505
12.1499
11.9492
6.7870
3.6148
5.2418
3.7738
4.5460
4.8826
4.0147
3.2993
3.8136
4.5068
3.3732
3.1626
3.1149
4.7948
3.0612
3.2184
4.5203
3.2899
3.4387
3.4104
4.2262
3.0326
3.3670
4.7523
3.5553
3.7407
3.9954
3.4942
3.7399
3.8502
3.9896
3.8893
2.7221
4.1864
4.7665
6.2332
3.5482
3.2950
3.9316
3.0818
3.9626
3.8240
4.2194
3.0757
5.4212
3.3073
4.2936
3.8125
3.1269
3.1724
3.1018
4.0026
3.1831
4.0383
2.8150
3.4678
3.4258
3.1649
3.5127
3.2212
3.6763
4.2170
3.0298
3.7483
3.0992
3.5944
3.1394
3.0602
3.5643
3.3831
4.3778
4.7751
3.9543
3.1332
2.6602
4.1446
3.3785
4.2148
4.1685
3.6967
3.2133
2.8683
3.9241
4.8742
2.8165
3.7626
2.8499
3.6214
3.7946
5.2078
2.9165
2.7353
3.4974
3.0498
2.8704
4.6662
3.6926
3.1860
3.8940
3.0011
3.6749
3.5506
3.0703
3.9471
3.1902
2.9075
3.3952
3.6103
2.7059
3.6799
3.8018
3.8115
3.3346
3.1815
5.1677
5.2531
3.1320
2.7611
3.0306
3.7968
3.8540
3.6955
2.9954
4.2800
4.9844
3.0585
3.7036
3.1094
2.8547
4.5677
3.9590
3.0392
3.1274
4.3366
3.0263
3.4369
2.6866
4.2055
3.8484
2.3970
2.9918
3.8610
3.3773
2.6574
2.8986
3.8401
3.7255
3.8582
3.6210
2.9070
3.8234
4.3627
3.9467
2.9276
2.9348
2.6073
3.1074
3.0995
4.0734
3.9762
3.0868
2.8041
3.5534
3.5515
