17.5039
20.1203
14.8786
20.7291
18.5737
20.0438
18.5140
16.5887
16.0114
19.4242
18.6435
17.0056
16.3529
18.1495
18.4943
18.3199
18.4500
19.9049
18.4411
18.8795
19.0689
19.6059
18.9755
18.2149
17.3021
18.1978
18.4784
19.9797
16.9506
18.6440
19.0849
17.6088
18.1685
18.9878
18.7439
20.4277
18.2910
18.2388
18.2747
16.8484
18.2136
19.4875
18.7356
18.5250
17.3248
17.7283
17.8074
18.7240
16.5102
21.0756
17.7336
17.6950
18.6705
16.6734
18.1375
18.7273
17.2859
17.3612
18.0454
18.8787
19.5929
17.9020
18.0273
19.1986
18.0606
18.0135
17.8744
16.7930
18.7058
17.4201
21.0822
18.8947
17.0617
19.1006
17.9907
18.9235
19.9691
20.0825
18.6083
19.7455
20.3082
18.7993
19.0070
17.5086
18.3246
18.7223
17.9337
17.0535
17.3993
17.8670
19.0263
16.5814
19.1488
16.8103
20.0056
19.0884
17.3867
19.0695
19.8367
18.7749
17.2508
18.8089
16.4130
18.1216
19.3674
18.5539
14.8198
17.2089
17.9632
17.2934
18.9396
17.3992
17.9594
19.4804
16.7732
18.9140
17.2571
18.3322
17.8197
17.3458
16.6489
17.4854
18.5393
17.7106
18.5049
17.8678
17.7857
16.9061
17.5780
18.9319
17.9177
18.7740
15.4215
18.9184
20.0785
17.3753
20.4633
17.4212
16.8476
16.1724
18.3434
18.5731
16.5684
18.4782
18.5004
17.5574
17.1848
16.7474
16.6623
16.6381
20.6842
18.1674
17.2539
17.4408
19.8200
20.5292
19.5224
19.9266
16.4428
17.0015
18.0487
17.9992
16.7126
17.4282
17.3095
20.1465
18.9344
17.9501
17.0769
18.1917
17.7770
16.8215
19.0310
18.3806
17.8141
19.1777
15.3802
18.0050
19.3931
19.1899
15.7170
18.0485
17.3518
17.9442
19.0527
18.8553
19.9478
18.3671
18.7137
18.4068
17.7634
18.4843
17.2207
18.3267
19.5774
17.8794
17.7148
18.7695
19.5445
17.0914
