10.7292
11.5643
10.0351
9.1039
8.9471
8.6880
8.6260
9.3863
10.6967
10.5173
10.2120
9.0370
10.4243
8.9765
10.2904
9.1586
10.3883
10.3823
9.6109
9.5341
8.6322
10.2535
9.4834
9.5465
9.7237
9.9741
9.1153
8.7893
11.4065
9.7298
9.8121
10.0961
8.0961
10.8759
10.9764
11.0211
11.6566
11.0435
11.2033
10.8227
9.1709
10.1314
9.7369
9.3142
9.6695
9.8586
11.3331
11.6263
9.0232
11.1752
8.3932
9.2563
7.5162
9.7862
10.0411
9.7188
9.3617
9.2599
7.9032
9.2292
10.0823
9.0174
10.5821
9.0301
9.3319
7.7294
10.2560
9.0757
10.4143
9.1632
9.0343
10.4430
9.6653
10.0447
10.3541
8.9437
9.9353
9.2124
9.8355
8.9342
8.7591
8.9675
9.4439
11.6460
9.2240
10.5403
7.6413
9.1878
9.1410
9.3840
9.3452
9.4448
8.1727
8.6158
9.1605
8.3807
9.2741
10.4060
9.2477
8.4457
9.5477
9.9234
9.2685
9.8659
9.2442
9.0853
9.0078
7.7954
11.3522
9.4770
9.2289
10.3252
11.5883
9.7542
9.0318
11.6395
10.1385
9.9987
9.1288
10.3247
10.7458
7.9956
9.7358
8.5433
9.4104
9.0632
9.8631
9.9268
9.5983
10.0945
8.6898
10.2127
8.9207
12.4213
9.2887
10.8296
9.5155
8.9404
9.6152
9.7703
10.4284
8.2110
9.3898
9.4575
9.8406
10.2569
8.4343
10.4860
8.2213
9.2219
9.1057
10.0274
9.1611
8.8178
11.6273
8.8893
9.2995
8.9148
10.9662
10.8550
8.9344
8.7561
9.8539
8.0740
8.6288
10.0934
9.2348
9.8985
9.0530
11.3932
12.4745
9.7484
9.5360
10.1456
9.3510
8.9226
8.7524
9.3727
8.7722
8.7158
8.4995
9.0101
10.0503
10.0072
8.9573
10.0767
9.2814
10.2588
9.4714
8.4664
9.7258
10.9123
8.5730
10.9310
9.7398
9.1312
8.9660
9.6790
9.6469
8.2747
