2.7343
3.6659
6.9700
8.7626
7.4205
7.2238
6.9905
6.1858
6.0890
5.2415
6.3837
5.6309
5.5808
5.0964
5.9918
4.9578
5.2937
5.4089
5.9066
4.2244
4.4176
5.5423
4.9104
6.7943
5.7127
4.0475
5.0637
4.5891
5.5943
4.3922
4.0169
4.4042
5.0540
4.2928
5.2005
4.1173
5.4627
3.9118
4.0378
4.5123
4.0694
3.8388
5.0975
4.6647
3.6192
3.9749
3.5551
4.3433
3.3343
4.0235
4.1851
5.4529
4.1854
4.1788
3.9774
3.6831
3.5638
4.1443
3.5048
3.3348
4.4606
3.8222
4.2614
4.1369
3.3469
3.2289
3.0721
4.1159
5.3418
5.0587
3.7618
3.8610
5.0682
3.8196
3.0258
4.4627
2.7243
3.5341
4.6764
4.7540
2.9512
3.5623
3.4673
3.7239
4.4047
3.5417
4.8124
4.3421
3.1191
3.7403
3.7373
3.7111
4.1003
3.5514
3.0221
3.5413
3.0367
3.5302
4.1895
3.3802
3.7212
3.0502
4.6254
3.9010
3.6009
3.4226
4.3879
3.8048
3.8674
2.4502
3.1243
3.5556
3.2895
3.3305
2.9820
4.2219
4.0837
4.9900
4.0724
4.4007
4.3392
4.2284
3.3533
3.1488
3.0160
3.0300
3.4579
3.1039
3.6682
3.6683
3.0248
3.8444
3.2135
4.2315
3.4324
2.9030
2.7796
2.6282
3.1807
3.5195
4.3836
3.1759
3.6161
3.9622
2.7555
3.2871
2.7962
4.6027
3.1281
3.1239
3.6273
4.4342
3.3999
3.8644
4.1187
4.1038
3.4038
4.0693
3.5466
2.9652
4.0053
3.0124
3.4412
3.4921
3.5276
2.9070
3.0541
3.5902
3.5885
3.5467
3.3691
3.6560
3.8917
3.3328
2.6691
3.2333
3.6039
4.0351
2.7857
2.9903
3.4267
3.6874
3.2764
3.3466
3.1644
2.9333
2.1203
4.4471
3.2466
4.1816
3.9460
4.8764
2.9901
3.1023
2.5611
3.6602
3.1358
3.0532
3.4221
3.1253
