3.0575
4.8991
8.8740
11.3718
12.2754
11.4124
10.4351
10.5435
10.4685
8.8823
9.2786
8.5752
8.0832
9.5222
10.6386
7.3508
8.7705
11.7115
6.6423
7.7211
7.6364
8.3749
8.0289
6.0757
10.2190
8.4333
5.8711
5.8910
8.6193
7.7740
6.0742
7.3231
6.7093
7.2150
7.4540
7.8763
5.7933
8.5661
4.9929
6.5664
7.4726
6.0604
9.4792
5.2079
6.3234
4.8726
6.9298
6.0342
7.3702
8.1150
5.8420
6.9565
6.5266
4.8734
6.4495
7.6246
9.3171
6.8169
5.7401
6.5267
6.3471
6.8190
5.3218
5.5629
4.2823
7.4833
7.9632
4.8285
8.6411
5.1939
9.1486
5.8566
6.0709
6.0788
8.4705
5.5045
7.1180
6.1829
6.2376
7.0979
4.6536
7.9357
5.2067
7.4832
5.4298
4.6147
7.7333
4.7441
7.2312
4.7025
5.2016
6.8943
5.4939
4.4384
4.7172
6.0045
6.6350
4.6428
7.0591
5.8410
5.0361
7.8472
6.1983
6.5773
7.1726
5.9725
4.6113
5.4820
5.6944
4.0728
7.5911
4.3197
6.3648
5.0901
4.1809
5.3440
5.8950
4.4697
5.2077
5.6541
8.2705
5.2942
5.6940
6.9238
6.6713
4.5521
5.2386
8.0496
7.4447
3.6812
5.9711
4.8741
5.2900
5.4565
4.5003
5.0907
8.2412
5.5268
5.6156
4.5117
5.0035
4.2900
6.4315
6.7786
5.3663
5.4323
3.6264
5.2023
8.2819
4.1821
6.6758
5.2020
4.0577
3.7777
5.5753
4.6719
6.0514
4.9681
6.6236
7.5309
4.6384
5.5966
9.4714
4.3759
6.7234
6.8657
4.9847
6.3020
6.4194
5.6767
8.0099
5.5865
6.1942
7.4834
3.8731
3.9824
8.7085
5.1352
5.1930
4.1151
5.4908
7.1981
5.2646
5.0625
5.8730
4.3451
5.1757
5.1079
4.9582
5.3614
5.5018
6.6231
4.9073
4.4895
5.4852
4.8171
4.5213
5.9588
5.6108
4.4365
