2.5249
3.7920
5.3888
8.2185
8.4179
8.2947
7.9028
5.8036
6.1277
6.2259
5.5178
6.2615
6.9006
3.9529
6.5005
5.1116
6.7203
6.1916
5.5294
6.1514
6.4206
6.4539
4.4401
5.2024
5.4870
6.1667
7.3013
5.0897
4.8022
5.9384
5.9866
4.5146
5.0055
4.1585
4.6141
4.9604
4.0462
4.9005
4.6131
5.2986
5.0264
4.6924
4.6578
4.9957
5.1655
6.1135
4.3947
7.1489
5.2729
4.2678
4.7005
4.6394
3.9196
3.9184
5.1202
4.3833
4.5693
4.4840
5.6159
4.6910
4.6616
4.3305
4.4997
5.2374
5.4022
3.0497
4.1681
5.0071
5.1202
3.8204
4.3311
4.1322
4.6869
4.2124
2.8203
4.2273
4.1861
3.6929
5.1490
4.1373
3.7505
3.7553
3.5528
3.9379
3.8317
4.3977
3.9393
3.7504
5.1272
4.4457
4.2787
3.3952
4.6080
4.8468
3.5832
4.4100
3.4790
4.0074
4.2956
2.8951
3.7978
3.6598
4.4798
4.7287
3.8365
4.2745
3.7142
2.8666
6.2048
4.1296
4.0115
3.3476
3.9546
4.0203
3.7148
3.7781
3.3647
3.5739
3.7958
3.9189
3.7774
4.9259
3.7599
3.9440
3.1787
4.2683
3.6085
3.5679
4.9071
3.2604
3.3503
3.2392
4.3826
3.4534
3.0250
4.2719
3.3520
3.8511
3.3140
5.2100
3.9849
3.8582
3.0278
2.6828
4.9026
2.8008
3.9542
4.4558
2.2783
4.1644
2.8543
3.4489
4.4490
2.6356
3.6783
2.9640
3.3919
4.7089
4.2172
2.8582
5.1624
5.2564
3.9569
3.2071
3.7099
3.5798
3.0126
3.3407
4.4839
3.2903
3.0802
3.3122
2.3440
2.2838
3.8917
4.6255
3.3864
3.3748
3.4821
5.0723
3.3846
3.1997
3.4182
3.7531
2.8540
2.7299
4.7504
3.3552
3.7466
3.4658
3.1333
2.7357
2.9888
2.9951
3.0079
3.6924
3.8014
5.6007
3.1415
4.6275
