1.8303
3.7903
5.2849
4.8827
6.3118
7.6029
8.5868
7.1156
11.0732
12.8294
11.3204
12.8074
12.6527
12.2422
11.5895
13.5542
13.3327
12.7587
12.0599
13.1043
14.8694
11.9418
11.8462
11.9464
12.4222
14.1621
13.2558
11.9150
13.1582
14.0826
13.5126
12.5697
11.6976
14.5177
14.9780
13.1256
13.3435
13.4116
13.6929
12.4640
13.0088
14.8505
14.8291
12.6909
14.1678
11.3714
12.6292
12.6351
13.2326
11.8254
15.4114
13.5347
13.1737
13.4484
11.5578
13.6372
12.7413
12.1659
14.5488
11.7504
12.4663
14.4227
13.0011
13.2134
13.6817
13.0548
12.4772
13.9596
13.5110
12.3466
12.0966
11.8449
12.0498
12.3894
13.4166
13.4463
13.5298
12.1120
14.1045
14.8345
13.5447
14.3675
13.3516
14.1760
13.8427
13.5128
13.5725
12.2407
13.3214
11.6138
13.0475
11.5741
13.3526
13.7545
13.6714
13.2678
13.3910
13.2667
11.5383
10.9988
12.7617
13.3820
12.9329
10.3948
13.2079
12.5538
14.9825
14.3862
13.5207
11.8846
12.5395
12.9972
10.9095
12.7539
13.6523
10.9065
13.7450
11.8440
11.6916
13.5221
12.0051
12.1461
11.9221
13.8756
11.2891
12.2356
11.4247
10.8073
12.4474
13.1340
13.1283
12.1988
10.8916
11.8852
12.7647
11.9395
12.1941
13.3926
11.8525
11.5051
11.7461
12.8942
12.0992
12.6708
12.4841
13.8694
12.9917
13.7452
14.2901
12.5948
11.9725
12.9041
11.4747
13.0859
12.6776
13.1933
11.6425
14.2014
13.6593
13.9553
13.5014
12.7276
12.5459
12.0127
12.6898
12.8482
12.5074
12.8221
12.3005
12.3427
13.0908
12.9146
13.1810
12.7705
12.8517
11.6792
12.3891
10.4199
11.0873
12.8899
13.3546
11.4404
9.7418
10.1360
12.0201
12.1971
10.6191
12.5683
14.6170
12.8279
11.7662
11.8730
13.8432
12.6502
13.2596
12.1758
13.6327
12.6952
12.3219
11.1697
