11.8725
12.1175
13.9190
10.6477
13.8596
14.1598
13.1728
15.3161
15.1564
14.2408
12.8984
14.4942
11.7847
13.5418
12.5031
12.4674
13.0875
14.3950
15.0982
15.5959
12.2641
16.2908
13.8122
12.3210
14.7087
13.2273
14.3944
13.8506
13.4095
14.0418
13.7780
11.0128
14.1297
12.9224
11.5492
14.0628
15.3852
16.2436
13.8394
14.8223
14.1482
12.4988
14.2613
14.0143
12.1108
14.1313
13.3062
12.6481
13.3551
12.1607
14.8089
16.5424
13.8545
12.7640
13.9373
13.6018
14.8659
12.8214
13.5248
15.6586
11.9890
13.5802
14.4553
14.3644
14.6906
14.7199
11.2485
11.2664
14.1559
12.0202
10.9227
13.0536
15.5908
14.7333
13.2376
13.6180
13.0694
12.7241
14.2987
11.8328
13.4635
13.5096
15.3564
12.7246
13.4488
12.9461
14.9790
15.4317
13.9409
13.7203
12.2584
13.4852
14.6206
14.3224
14.1875
12.2527
14.3015
13.2764
14.3787
13.7747
13.5683
15.6520
13.0616
14.9590
13.8163
13.2400
16.2384
12.3558
13.7165
13.8452
12.2974
13.7152
13.8613
13.7680
12.9067
13.1776
12.4944
15.0266
12.2273
13.5942
11.7916
12.6699
15.8225
14.0333
12.0158
17.5047
12.9625
11.2150
14.4494
12.1736
13.9713
13.6790
12.4248
12.8037
15.0577
13.3448
14.6746
14.1726
13.5375
13.5368
15.2364
13.6831
13.2264
14.0368
13.3335
14.6944
16.4725
14.6267
12.8160
11.9137
13.9672
12.5340
12.9136
14.9154
12.5007
14.9027
13.6684
12.0673
13.5971
13.8532
14.1191
16.3874
12.5885
14.9562
13.1359
13.8635
12.8518
13.5231
13.3048
15.8423
15.0561
14.6373
12.5946
11.4127
13.4385
13.2944
12.6052
14.6709
12.5811
13.7426
15.0426
14.5306
14.0903
16.3037
12.2402
13.8744
12.1362
12.9645
11.9998
15.9826
14.2867
15.0865
12.6984
11.9213
14.0117
13.2458
13.3199
13.8982
15.8145
16.4137
