6.8843
19.0054
23.8106
26.5779
25.9303
28.9187
29.2942
29.4597
31.5648
30.5098
33.6379
32.9327
32.0847
30.4606
33.3860
33.5619
35.9663
35.8790
37.9132
37.4372
37.9617
43.2648
30.3076
37.2729
37.8847
38.8210
38.0944
38.7875
35.3064
38.5594
38.5150
37.4823
36.8661
33.0620
38.6130
36.6667
31.4521
34.4519
33.8856
34.4230
35.8731
39.3105
32.1854
33.5702
39.0347
39.3778
39.4936
35.9986
41.0002
29.7365
42.7008
45.3346
37.8916
47.6757
52.7493
42.3619
46.7172
49.1650
47.7841
46.4287
45.1427
51.3713
44.7829
48.7453
43.8809
52.1763
41.7504
36.9241
45.7764
48.1461
52.8260
44.5617
45.0448
51.7893
45.3863
38.0493
43.0532
54.2198
50.7646
47.6130
42.4063
51.8151
47.1675
51.1795
50.5344
45.5821
56.4525
42.3057
48.5575
38.8531
51.1159
42.7166
44.9624
42.6665
44.9902
46.8234
41.2154
54.8839
52.0908
49.1969
51.6191
49.5281
53.5826
52.9795
45.5245
51.4462
45.3952
43.6666
51.0400
45.0927
49.5630
46.8084
56.5060
61.5044
55.7488
52.6311
52.5149
45.7357
55.5557
52.4806
58.0096
54.2972
47.0563
52.4995
42.7331
40.6627
48.0379
45.3463
53.9208
57.6785
51.7252
46.9677
45.9823
65.0226
55.5594
58.3148
50.5132
46.0078
52.8859
47.0293
52.2659
53.5234
46.7757
52.2386
50.7250
46.3135
50.3354
51.2816
42.2055
53.7653
64.5932
67.0648
52.7190
62.8676
51.2173
52.6011
39.4939
59.7743
51.7064
63.4404
53.9093
53.9104
57.6929
54.7520
44.4616
48.6912
50.1740
50.5142
47.6859
43.0064
53.3428
53.6940
45.0235
55.8302
51.6889
53.9178
47.9769
54.1334
58.1363
59.4929
55.5542
53.9934
67.2130
60.8279
63.8157
57.4893
68.6253
53.9850
69.0368
44.1056
57.3974
60.5922
45.2661
55.7918
56.0698
67.7443
51.9496
56.0718
54.9576
69.8789
