2.7938
4.7026
7.3911
7.7072
7.8835
7.7752
5.9889
5.7088
6.5375
5.8772
5.4647
6.3704
5.3639
6.3549
6.4986
6.5050
6.4484
4.8603
4.8746
5.1145
5.2706
4.9446
5.8158
5.1038
5.9270
4.1527
4.4314
4.6789
3.9177
3.5936
6.0520
4.2725
3.8093
3.7840
4.4621
3.4867
4.9583
4.3406
3.7394
3.1981
6.0711
4.7555
4.0154
5.4403
4.4515
3.8354
5.5578
3.9110
5.1088
5.1947
3.6667
4.1331
4.0615
3.1911
4.4579
4.3120
3.6034
4.2999
3.7648
5.5528
5.4722
4.3226
3.5430
4.3808
3.3224
4.0214
4.0127
3.9979
3.8626
3.0670
3.7549
3.1998
3.7766
4.4737
3.6614
3.4225
3.6057
4.1385
4.6334
3.5732
3.8482
3.3741
3.2205
5.0759
3.9289
3.5674
3.7186
5.4775
4.5261
4.7049
3.5510
3.7823
2.7640
3.2501
3.5595
3.7107
2.9214
3.7496
4.1889
3.1979
3.1534
3.3407
4.2232
4.0961
3.6321
4.0755
5.5323
3.7153
4.0145
4.8114
3.4924
3.8347
4.7134
3.6438
2.9631
4.0288
5.2055
4.9667
3.1846
4.2583
3.4868
4.0232
3.1466
3.9260
3.8837
3.3415
3.5027
3.9053
2.6220
3.8626
4.0513
4.7539
3.2499
4.6393
3.5046
3.3295
4.9347
4.9204
2.9819
3.3861
4.0329
3.4141
3.3600
4.8250
4.8323
4.5637
3.5025
3.9449
3.4341
4.3748
4.4574
4.3317
5.2294
4.0458
3.8918
3.2893
3.2159
4.0047
3.4954
3.1083
3.1000
5.7782
3.8862
3.1694
4.3852
2.8165
4.4073
3.8103
3.8075
4.2289
4.3136
3.3236
4.0701
4.4420
4.6954
3.3740
4.6190
2.6204
6.1450
3.5544
3.5020
3.6947
3.1892
4.1328
3.3624
3.7569
4.9406
3.4425
4.7085
2.6835
3.1425
4.5348
4.0357
2.9209
4.1657
3.4334
6.0994
2.5031
3.2226
3.3195
