3.1824
4.3817
6.0595
7.2640
7.4652
7.7452
8.2196
8.1804
7.1863
8.9546
7.9828
8.3425
8.6335
7.6440
8.2804
6.9212
7.2837
6.5446
6.0424
7.2742
6.3543
6.8165
7.8158
6.8175
6.7673
6.5781
6.0409
5.8909
7.0882
7.5529
6.2052
6.5553
6.5435
4.9747
5.8938
7.0114
3.8041
6.1759
5.6347
5.2670
4.6218
5.7156
6.2221
5.5186
9.0033
6.0033
6.0964
5.2220
6.2536
6.0551
4.6186
6.1663
6.9525
6.5078
4.5530
5.8139
5.2359
5.9285
6.1076
5.0444
4.7919
5.4591
5.3916
4.7039
4.8949
5.5411
6.0404
5.5584
5.2875
4.3882
5.5750
3.8724
5.7132
4.8561
5.2171
6.1872
5.5557
5.9665
5.3347
5.3248
4.3308
5.7729
4.6069
5.0953
4.8436
5.8854
4.8676
5.6460
5.4844
5.9623
4.7292
4.6992
4.9682
5.3714
5.2392
5.0791
5.8935
5.7560
5.3860
6.2991
5.4096
5.9112
4.4823
3.7232
5.4453
5.8843
4.9137
4.8405
6.0460
4.7844
5.2717
4.5065
4.6068
5.7183
5.1694
4.7203
4.2860
5.5739
5.5663
4.0440
3.8151
5.5464
5.4449
5.2521
4.1236
6.1775
4.2576
4.2837
4.3461
5.7404
4.6216
5.1651
5.6552
4.8839
5.3064
5.6154
5.2976
5.5754
4.3858
4.4177
4.0183
5.3093
6.1806
5.1932
6.5507
6.9068
5.1879
5.1833
4.1063
4.2806
5.1283
5.7834
4.7725
5.7975
5.3773
5.0471
5.1106
3.6468
3.6065
3.8834
6.8609
6.0328
6.1656
4.6856
5.7979
5.4992
6.1387
4.6388
4.6552
4.2672
5.4996
5.2646
5.0511
5.1633
6.1004
4.8900
4.1815
3.2472
5.7522
5.3784
4.3878
4.4203
5.4271
5.5166
5.8084
3.5549
4.9727
5.1681
5.1753
3.9476
5.5296
4.6845
4.9970
4.6331
4.8950
5.5009
5.3450
4.4952
5.0558
3.9881
