11.3226
10.7060
9.9791
9.3992
6.9846
8.5902
8.2148
6.5302
8.4760
6.0458
7.7713
6.8400
7.4159
7.5528
8.3384
6.9610
6.6582
6.3564
6.8472
7.3483
6.7130
6.7747
6.8021
7.5844
7.4853
5.6817
6.1780
5.9671
6.4933
7.2000
6.1913
6.7084
7.0101
8.0253
6.7761
6.3714
7.5280
6.1378
6.6031
6.7335
8.6517
5.3351
6.6756
6.8614
6.6385
6.5057
8.1216
7.1136
6.8085
5.5856
7.6087
6.7291
6.1732
6.9378
8.4043
5.9178
6.4856
7.1181
7.1523
6.7727
7.5879
6.5208
6.3203
5.8188
8.3992
6.8179
5.6122
7.5198
7.7283
6.8108
6.9708
7.1269
7.6383
6.1177
6.3818
6.1402
6.4655
7.2123
6.4897
6.6052
7.8919
6.4566
8.9085
7.0644
7.0235
6.5890
5.8550
7.0747
7.3453
7.1067
6.5878
6.5106
5.8785
5.9956
7.0247
5.5543
6.4315
6.6805
7.6274
5.8889
7.3243
5.0647
6.0521
5.7818
6.0451
5.8582
6.2099
7.5875
7.2081
7.3121
8.2255
6.2548
7.2558
7.3950
7.7719
6.5040
5.9035
8.4558
6.5657
6.8565
6.6107
7.1279
7.3429
6.8985
7.5544
8.1644
6.6379
6.4834
6.2615
7.7305
6.2432
6.8104
5.5142
6.1116
6.8836
6.2851
7.4759
7.2535
6.3653
7.2267
5.6337
7.3148
5.9583
6.9002
6.4747
6.8849
6.6601
6.3370
9.1167
6.5495
7.5110
6.3166
6.0563
8.0548
6.1942
7.9207
6.2544
6.8773
6.1387
6.3739
6.5739
7.1942
6.4202
7.0847
7.0327
8.0876
8.1270
6.3064
6.3474
6.6133
6.3057
6.2930
7.6741
6.6409
6.5794
7.3307
7.1872
7.4421
6.6818
6.9246
7.7837
6.0979
7.7619
6.0898
6.7699
7.2807
7.8376
7.1255
6.7831
6.0463
7.0848
7.9552
8.1954
7.4436
7.9785
5.6200
7.0649
6.5388
6.1933
6.4617
