5.2393
3.8739
5.7035
8.3393
8.5407
12.3399
8.9973
8.8499
12.9398
11.6730
14.3262
14.1892
11.8457
16.3085
19.1119
17.0591
15.6400
17.3591
16.4569
22.6181
14.8369
23.1125
18.7396
17.8493
24.1994
16.3448
16.0735
19.5841
18.0635
19.3413
17.6824
22.3055
13.3860
17.6044
21.0508
16.6664
20.4967
20.3371
21.2290
22.1899
19.7008
19.1547
17.6996
17.1857
22.5571
20.7171
19.1326
17.0771
17.5437
14.8751
13.9738
18.3631
19.8525
21.6628
17.8609
18.0815
26.1839
20.7173
19.1586
15.7715
23.1956
19.4833
19.2414
17.6290
18.9734
28.8090
21.9179
17.1856
19.2126
22.3666
19.7034
18.6384
19.7308
30.4072
24.6221
16.7333
18.3458
18.3380
19.0987
18.5903
18.4072
19.4441
26.8014
23.5355
20.5783
19.0478
23.4284
22.7728
23.7017
19.4546
20.5922
24.9644
21.4952
21.8215
19.7621
18.4121
19.7546
18.4548
20.9665
20.4480
21.1804
23.1618
19.2912
18.8605
24.3966
21.7989
22.3076
18.6713
21.3966
23.2380
20.8145
22.9815
23.3527
23.3499
22.4145
22.6953
28.0906
22.3685
24.1209
18.6850
27.0888
24.8413
21.7249
23.9191
22.2463
18.3431
28.4495
20.7643
24.3507
17.0010
22.1942
16.3431
25.3400
21.3366
21.3013
25.9092
26.7226
18.5873
26.2350
19.0847
28.9651
29.2965
19.6764
22.3778
21.0781
26.4160
24.8529
24.6427
22.4879
19.1602
27.3092
20.1381
20.0072
33.1027
26.0514
22.7181
19.3228
24.1192
23.9639
27.0902
23.1828
27.7653
27.0556
22.9623
24.5332
22.6100
26.9170
28.7253
22.7004
21.2236
26.9550
21.2826
24.7841
25.8764
22.7654
26.7837
34.1750
26.8339
24.8167
22.2534
26.0756
22.1413
27.3611
23.3071
21.9541
27.3221
21.0383
20.4730
23.5586
29.4558
24.7224
28.7692
23.5278
26.7387
27.9933
26.9974
22.9063
25.2286
24.4600
22.5202
