3.0443
4.3577
7.6140
8.8156
7.7664
8.0867
8.0640
7.8401
7.3925
7.5329
8.2720
6.1556
6.2668
5.8621
5.0384
5.3930
6.4216
7.1607
5.8347
7.7029
6.5975
4.8262
5.5347
6.0271
6.3928
5.5147
5.9970
4.5073
6.9322
5.5378
4.5435
5.4091
5.6572
5.1768
5.2273
3.9634
5.4027
4.6593
4.8383
4.6892
4.7115
4.0222
4.1741
4.3107
4.0146
5.1794
5.1186
4.9095
4.8947
5.1615
4.6446
7.0319
4.4646
5.1185
3.8694
3.7674
3.6366
3.7801
4.3069
4.9393
5.1908
5.0942
6.7369
4.5881
5.0808
4.8063
4.7349
4.1383
4.2401
4.3652
5.2675
4.0476
4.3152
5.2081
4.7832
4.4954
3.4584
4.3842
4.5526
5.1835
4.4622
3.8831
5.9214
4.1620
3.9143
4.5717
4.5511
4.8007
3.5071
4.3624
4.0769
4.9142
4.3998
3.3906
4.1914
5.1203
5.1347
3.6761
3.7256
4.5796
4.3352
4.3277
3.9749
4.0041
3.6910
4.3692
4.2153
3.1599
4.4859
5.1502
4.5448
4.9857
3.2452
5.1150
4.5118
3.3257
4.4822
4.6997
3.4596
3.5042
4.7724
4.4401
5.6659
3.8420
4.1191
3.6920
3.9412
3.8635
4.4333
3.8175
3.9930
3.7160
4.1598
2.8405
3.9326
3.9216
3.5028
3.6777
3.5206
5.7109
4.8785
3.6146
4.7444
3.6970
3.6875
3.9527
4.5139
3.7655
3.7547
4.7977
3.6277
3.8018
6.0240
4.5169
3.6921
5.1082
4.2474
4.2157
3.2877
3.5330
5.0745
5.1157
3.4013
3.1311
3.5411
3.6826
3.3928
3.4711
5.7495
3.4098
3.2086
4.0935
4.5602
2.8657
4.2968
3.5356
3.2064
3.6499
4.6622
3.8247
4.4183
3.9368
4.8020
4.1133
4.2348
3.8657
3.6667
3.3022
4.1971
4.0311
4.2310
3.2670
3.4269
3.9842
3.7030
4.5619
3.8658
3.7436
3.4998
3.9054
