4.3088
6.4314
9.6359
13.4236
16.0275
18.9808
21.8123
20.5700
25.1312
23.5365
28.3044
30.5347
28.7785
29.5362
30.8521
31.8742
28.8948
32.1887
29.8293
32.5909
30.7228
40.0552
33.2198
30.4156
31.3520
31.5344
34.3311
32.7767
32.1113
33.3926
35.1323
34.2426
32.9590
38.0114
35.7118
35.1646
34.4408
36.7748
37.3366
38.3437
39.1019
36.7060
36.5580
37.7689
37.2419
36.7809
34.4131
36.4690
39.1532
38.9208
35.2946
43.9365
39.7605
39.2234
37.2233
39.9517
40.7206
39.5037
41.2340
35.7292
37.5713
37.4851
41.0416
36.3870
43.8670
41.2717
48.7363
38.1478
42.0205
38.2808
41.6241
45.5679
45.8093
42.8728
43.9356
43.4623
41.8215
42.8427
45.8186
37.4781
39.6072
36.9409
42.1460
44.5269
42.1407
38.5098
47.6745
38.5575
40.8447
39.6516
51.3951
42.5806
36.7271
38.1538
48.0902
40.9059
40.9908
40.0343
43.3230
52.1847
43.8623
41.6066
40.1120
39.1352
41.4387
42.8092
47.6393
43.8714
47.1066
40.7101
45.4759
42.0069
45.1964
41.0850
45.7551
46.2832
40.0130
41.4535
43.3095
45.8218
45.4065
41.0463
46.2138
43.8002
44.5113
45.8178
45.9432
47.7196
47.1254
47.3106
54.2758
46.2391
43.9993
38.6932
53.6590
48.5764
48.3349
43.7989
40.4307
47.1854
42.3936
36.8838
47.4086
38.9518
43.6727
53.2508
41.6356
47.6203
42.0385
44.6486
46.0826
47.0273
46.0369
38.7014
54.2537
49.3503
42.5258
44.2966
36.2655
41.4354
49.6288
43.4497
39.6598
43.4109
52.3895
51.6629
47.1561
45.8495
42.0111
47.0264
53.9573
45.8948
54.3653
37.6388
45.0668
38.8771
41.0483
36.5146
47.3802
50.4740
50.5425
52.5414
42.6329
48.8035
46.7336
49.8583
48.9489
50.5193
49.3803
54.5750
41.0763
39.7852
48.6581
41.0792
51.2184
54.3574
42.7365
49.9887
50.0742
43.5272
