2.1170
1.5256
2.4686
2.8152
3.7645
4.3685
4.1922
4.1028
7.9862
6.2270
5.0149
4.8061
6.2307
5.9028
7.0658
5.9354
6.3844
6.4194
5.9348
5.7598
4.9904
5.7707
6.0098
4.9560
6.5125
5.3011
7.2792
6.4037
6.9130
5.4825
5.9762
5.7123
5.6962
6.7650
5.9414
6.0042
6.3731
6.7886
5.3365
6.3794
6.3783
5.7432
5.9107
6.2584
7.0381
5.7163
7.0992
6.3757
5.3719
6.4058
7.1280
7.8918
7.9142
6.2831
7.0865
5.7904
8.6861
7.7401
5.9717
8.0780
6.1095
6.4529
6.2272
7.6479
7.3394
7.7126
7.3953
6.3912
8.7008
8.6639
6.0958
7.3989
5.9514
6.5352
6.3403
6.8938
6.9825
7.0332
6.7419
7.7634
8.1110
5.9545
6.7851
7.6136
6.5875
7.0641
7.1169
6.5185
7.0588
6.0000
6.4822
6.0959
6.9376
7.9147
7.2822
6.2544
6.5547
7.4442
6.7537
6.1439
6.2321
6.5127
8.0627
6.2501
6.6853
8.4783
6.9130
7.6800
5.6535
6.5737
7.4089
7.3968
8.1850
5.9481
5.5678
6.5931
6.9028
8.5683
6.4534
5.8714
8.0361
6.8044
7.6042
6.0589
7.7293
6.8208
5.7199
6.4021
7.0291
6.1832
6.7682
7.0873
5.7583
6.3622
6.1673
7.4477
6.2718
6.9102
7.6199
5.9031
7.1067
7.0005
7.7825
7.0640
7.3646
8.9092
6.7467
7.3701
7.2098
7.5873
7.0950
6.5762
6.3249
6.5471
6.8254
8.3313
7.4541
6.5210
6.3827
6.8102
6.5379
6.5779
6.9110
5.8605
7.4157
6.1071
7.5549
6.6730
7.5490
7.1946
7.3282
6.4041
7.0694
6.1526
7.0268
6.5237
7.5015
7.4638
6.8305
7.9978
6.8324
8.2735
6.9799
6.5319
7.1576
6.4927
7.1250
7.0647
5.8802
6.5339
7.0854
8.4639
6.4367
6.5792
7.3955
6.9255
7.4238
7.9786
6.2923
6.4437
