15.3413
13.8504
12.3068
12.2012
10.9833
11.2148
10.7117
10.2712
10.6556
9.4660
10.7125
10.7985
9.3966
10.7227
10.0854
9.6343
8.6187
10.1642
9.7553
11.6292
9.8046
7.3297
8.6577
8.0626
10.2047
7.0528
9.9424
9.3847
8.9767
9.2086
10.3633
9.0291
8.2732
8.4634
8.8229
7.3595
9.1080
6.5676
8.0631
8.3517
6.3887
9.3053
6.9063
6.1884
8.5634
6.7952
6.9744
9.6248
7.2762
8.5461
8.9641
8.4937
8.3513
8.2406
9.6393
8.2590
5.3556
8.6072
8.4149
7.7755
9.0159
6.1955
8.2341
9.0082
9.4787
9.8613
8.5930
7.9297
7.2265
8.1692
7.4038
7.8042
7.0134
8.5867
9.2774
8.1373
5.3204
6.8418
8.6983
6.6600
7.3607
6.4118
10.1273
9.6671
8.2962
6.1355
8.1967
6.9026
6.5623
5.6376
7.3464
7.4312
8.1374
7.6995
7.4165
6.7999
6.8423
9.1822
8.3193
6.9690
5.5304
8.2905
9.9309
9.0057
7.7951
9.1949
8.8853
7.9315
8.2084
8.3646
8.4407
8.0101
7.9499
9.8135
8.3011
7.5052
6.2250
7.6089
6.5951
7.0886
6.3688
5.4955
8.3723
6.9335
8.6329
8.4703
9.0261
6.4050
7.8628
7.3921
8.2068
10.1849
9.5282
6.6830
4.7255
6.1984
9.0945
7.6713
8.0744
7.9692
7.6836
7.4673
7.6979
10.0556
7.8689
7.4956
7.4282
7.8558
8.3389
8.9626
7.9526
6.3682
5.4937
6.3114
8.0845
6.3075
6.2394
8.2535
7.1817
7.5932
6.5790
7.1945
8.1372
6.3242
6.7622
8.0947
6.9079
8.0860
8.7454
5.8276
8.1753
6.7377
6.8342
6.6414
6.8184
6.8384
7.7656
9.1395
8.7274
6.8433
6.2025
6.5601
8.7983
8.2463
8.7493
8.9093
7.8559
5.7595
7.5979
7.5125
6.9248
7.3801
6.0512
6.7664
5.6661
4.7716
8.2722
5.4542
6.1411
8.5832
