2.6778
3.3763
5.4257
9.7469
11.4988
11.5904
11.6105
11.5496
12.4293
11.2596
11.2169
11.0044
11.2381
12.2805
10.5879
12.4550
11.3972
10.1719
10.5067
10.5923
10.6677
9.8508
9.6976
10.0315
9.5402
10.3048
9.4945
9.7478
9.7760
10.3173
9.2176
8.8454
9.2961
8.5398
8.4897
9.0993
9.6335
9.2634
8.3960
8.0044
8.6770
8.2639
8.7869
7.2191
8.4920
9.7510
8.3867
8.0750
8.6009
7.6178
8.1478
8.4308
7.8338
8.4182
7.5865
7.3783
7.6886
8.3095
7.9384
7.6842
7.9568
8.5215
7.5074
8.5745
8.0894
7.1460
8.4517
8.9107
7.2948
7.3762
7.6539
7.1517
7.2804
7.4002
7.3798
7.7856
6.7644
7.1245
7.9790
6.8116
7.0750
7.8873
6.9790
7.7194
7.2643
6.6447
7.2521
7.1739
7.2262
6.7598
7.1603
7.9024
7.1832
7.6766
7.3144
7.0829
7.0039
7.4169
6.9150
7.8115
6.4169
6.6187
6.3410
6.8311
7.1279
7.0868
6.8066
7.4414
6.4447
7.2021
6.8446
7.4438
6.4495
6.4138
6.2510
7.1785
6.7690
6.6324
7.7894
6.3119
7.3214
6.8699
6.2844
8.3454
6.6555
6.5813
6.2519
7.3104
6.4962
6.7149
7.6319
7.1470
7.1416
7.3571
7.2861
7.1530
6.8348
6.9388
7.1686
6.1190
7.4810
8.3784
6.4088
5.8732
6.5308
6.3160
7.0309
5.9424
7.3765
6.8323
7.3445
7.4807
6.9952
6.8923
6.4215
6.6381
6.4563
6.7694
6.9307
6.7959
7.0522
7.1430
7.0721
6.9078
7.6187
6.8656
7.3549
6.9718
7.0557
6.4463
7.3272
7.6558
7.0586
7.6791
8.0322
6.4838
8.7574
6.0765
7.9984
6.7803
7.6140
6.4328
6.9519
6.5022
8.6742
6.0758
5.7139
6.7252
7.7084
6.6511
6.5726
7.9732
6.0559
7.2492
7.8495
7.0957
6.5258
7.9298
6.1776
6.2733
