17.9422
9.7560
8.5007
8.1936
6.3407
7.3991
6.6612
7.3493
8.7823
6.1621
6.5206
7.5186
5.6825
6.4390
5.9139
5.9128
6.5726
5.7947
6.0708
6.1885
6.2618
6.7027
6.0372
5.1656
5.6099
6.0644
5.5211
6.1086
7.4152
6.2542
5.9933
6.5260
7.1341
5.2439
6.6053
5.3514
5.3547
6.6012
6.3886
6.6918
5.6279
6.9305
6.2032
6.8589
6.3475
6.6598
6.9939
7.2304
5.7796
4.9976
6.0125
6.3580
6.0434
5.1510
5.7077
5.8122
5.6832
5.8591
6.6889
6.7667
6.2940
7.5446
6.0603
5.8369
5.9468
6.2412
5.8733
5.6850
7.0628
5.4471
5.4035
5.9959
6.8843
5.3907
5.2018
6.4450
5.8124
5.7858
5.5319
6.2767
5.9087
6.2862
6.5152
6.0679
6.4982
5.7818
6.3264
5.9255
5.9116
6.1334
7.5617
6.3043
6.6247
5.6976
6.9240
5.8971
5.6969
5.9113
5.6390
5.4910
8.1502
6.5078
7.3706
5.0217
5.2615
5.4804
5.6926
6.9300
6.6798
6.3105
6.1498
6.4339
6.0269
5.9528
5.4474
6.4932
5.6976
6.8509
4.9750
6.1105
5.8918
6.2940
6.5515
4.6363
6.1520
5.9406
5.4477
5.6025
5.4219
5.2700
5.7080
5.6935
6.0930
6.1887
6.8607
5.7102
6.0403
5.4271
6.1553
6.4254
8.2220
7.1886
5.7500
5.7306
6.0340
5.8485
6.3150
7.0416
5.7946
5.8798
8.2692
6.1109
6.5936
6.8520
6.1670
4.8308
5.7169
5.6993
5.3975
5.2924
5.6361
6.2492
6.1716
4.7368
5.3815
5.2722
5.2556
5.8124
6.9244
6.5061
5.5800
6.1349
6.6365
6.1441
6.3097
5.7521
5.7564
6.1554
5.7350
6.7633
5.8480
5.8653
6.3922
7.3701
5.6554
6.2208
5.1958
7.1652
5.6990
7.4956
5.8741
6.5136
5.7384
6.5905
5.8951
7.1017
5.7953
6.9817
4.3606
7.4398
