9.0373
10.3222
9.4501
8.3292
10.6066
8.9075
9.3030
9.8487
8.9782
8.7057
9.4143
9.0253
10.5405
9.8238
8.5528
10.1064
9.5575
9.5579
9.7912
10.9471
7.9291
9.3521
10.0608
9.7072
10.3109
8.1751
9.9534
9.4713
10.5521
9.4588
9.6240
9.7636
8.8761
8.9009
9.8310
10.5827
9.2237
9.3436
10.3359
9.2985
8.4186
9.6129
8.8287
9.7796
8.9619
9.3841
8.8374
8.8807
9.1175
8.5443
9.0005
9.0747
9.1221
8.8180
9.2637
8.3922
9.3475
9.1649
8.3732
10.7038
8.8733
10.4218
8.7674
8.8996
9.7040
13.6823
8.1946
9.6882
9.6933
8.9053
8.9831
8.5961
11.1043
9.8429
9.1633
9.0683
10.9040
8.5611
9.4874
10.0614
8.9426
10.6978
10.2822
9.4841
9.3403
10.3595
9.9321
10.2817
9.1810
9.1742
10.7147
9.5067
10.1982
7.7119
9.6743
8.5636
8.5914
9.9075
10.6780
8.6107
9.2405
9.4365
9.0242
10.6190
9.6874
10.0838
9.9576
9.1733
8.5809
10.4620
9.9333
9.1800
12.1273
10.6824
8.8023
10.0637
10.6398
10.5384
10.5446
9.2439
9.7844
11.2274
9.7470
9.5832
10.7946
9.0574
9.6641
10.3183
8.6906
9.6852
8.4754
10.2396
10.4457
7.8854
9.6791
10.3648
8.7977
9.0806
9.6534
9.6829
9.0298
7.9475
9.0071
9.2804
9.7398
8.3281
9.6740
10.1852
8.1169
11.1873
8.6185
11.4252
9.6305
8.1015
10.5964
9.6284
8.9743
9.7892
8.0108
8.2018
9.0853
9.4648
8.9762
9.0623
10.3141
9.2177
8.4939
8.8987
10.4804
9.6046
10.1540
9.6510
10.2542
8.0666
9.8816
10.2188
9.3801
8.4814
9.9074
9.0791
11.2874
9.1558
9.1113
10.3119
10.2561
9.3327
8.5093
10.2394
9.5387
9.5111
9.9252
10.1955
9.2090
10.8676
10.8659
9.7069
10.1201
10.2559
9.9777
9.9268
