2.3745
6.5143
11.6340
13.8218
16.0742
18.2061
7.2100
8.4959
6.5699
8.7910
7.3755
8.3064
6.8979
8.3704
10.9199
8.5440
8.8894
8.2159
12.2238
9.8482
8.9261
11.1535
9.9066
9.9798
9.1870
10.2777
11.8717
9.4080
13.1843
10.0130
12.1451
12.1115
10.9798
10.7925
9.5604
12.7694
12.2519
10.0532
10.1430
10.4418
10.6424
9.9179
12.1696
10.8274
14.1750
11.7822
11.0725
10.7842
11.6371
11.3276
10.3889
11.4876
9.8489
9.7559
12.9375
11.5240
12.4197
13.1557
12.0026
10.9494
10.6876
12.5666
11.8532
12.0236
12.1097
12.4095
12.9403
11.1657
14.0212
13.7789
11.4553
14.2994
12.9438
10.8020
13.0366
16.0226
12.8284
12.6377
15.4434
12.5382
13.5276
16.4064
14.4832
13.0143
14.6487
12.3122
13.3732
12.3138
13.4770
12.9264
17.2727
14.4184
12.0515
12.2283
12.8475
16.4716
14.9982
16.3835
14.5142
13.2147
12.7343
14.9770
14.8691
13.6318
16.1426
16.6626
13.4105
15.0243
13.4881
12.1202
17.2417
19.1670
17.2331
14.5437
11.9773
13.0661
19.4071
15.6298
16.7869
18.2698
13.2760
14.4034
14.0383
16.0627
16.2235
16.3905
17.6667
18.2959
15.8544
15.1256
13.6868
15.4322
14.3053
15.4371
15.4731
14.5862
17.1163
18.8639
15.3672
15.2958
14.9732
16.5457
17.0970
14.9995
16.5654
14.3593
15.5277
16.6436
15.6292
16.6678
15.3254
17.6781
16.0339
12.9723
16.3681
19.0360
18.7183
17.1504
14.8730
13.2972
16.2991
18.2667
16.1183
16.0012
15.5707
14.0972
16.0924
31.3309
15.1933
14.9404
14.8172
14.1707
16.0113
15.9448
16.1718
16.6442
15.7215
21.2012
16.9932
16.9519
13.3841
19.7644
16.4287
18.2209
15.2580
17.5102
20.4763
16.7694
19.1471
17.1365
15.2646
19.9859
19.0315
16.6272
19.0496
16.7853
14.5470
18.8361
14.9846
18.7510
