3.5222
4.9251
8.4438
10.2110
11.8223
10.3654
8.7307
10.8651
8.4338
9.5671
9.8355
10.1031
7.7267
8.6943
7.0556
7.8182
10.5294
10.0148
7.3809
9.6870
6.4676
6.7092
6.4129
7.1218
7.6970
5.6460
6.8539
9.4824
5.6033
5.1961
5.2218
6.5561
5.6676
8.0168
6.0296
9.3813
6.1323
8.5760
7.6038
6.5934
6.3789
5.5241
4.3971
4.0217
6.8904
5.1432
9.0124
4.3644
6.4324
5.8750
7.4895
6.1492
4.8680
5.7215
7.3632
6.1402
3.2395
4.8832
4.4049
4.9533
5.8606
5.2412
4.6544
4.7825
5.7346
8.6075
6.3151
6.7416
7.8158
4.6638
7.0043
4.6441
5.0683
4.2935
6.7414
7.6539
5.5009
5.4364
6.9577
6.7450
5.5679
7.5574
4.4955
4.7779
4.7867
4.4578
4.5659
3.1384
4.2428
6.2943
6.3864
5.8692
5.8034
6.4877
5.4349
4.1382
5.6150
6.8653
6.1003
2.7749
6.7287
3.6253
5.2465
7.0420
4.0287
5.1407
5.1224
4.7740
6.1242
5.5420
3.3919
4.0617
3.5451
5.6626
2.9290
4.3275
5.3157
4.9107
3.7961
3.7284
3.6343
4.2790
7.1989
4.9952
5.0815
3.7647
3.1186
3.9314
3.5478
3.8170
6.9343
4.0031
4.6508
4.6995
2.9384
3.8094
4.3011
4.1414
4.3592
4.9272
5.2101
3.7954
6.8932
4.2362
3.5661
5.1170
7.2530
4.5167
2.1050
4.8732
2.8350
6.2211
2.9708
4.1646
5.1833
3.7684
3.1691
3.5020
4.0393
3.4751
5.5640
4.1230
3.9578
2.7876
4.1060
4.8659
6.5320
4.1740
3.4887
3.9065
6.4146
4.5701
5.1753
4.7408
3.3512
5.9001
4.5121
2.5089
5.0313
4.1390
4.1433
4.7699
2.9466
6.0404
2.9635
3.3848
3.9740
4.1669
6.6934
5.7497
4.2821
5.6058
3.4267
5.7684
6.5460
4.4590
2.4005
6.9981
6.2015
4.7295
