2.6677
4.4530
6.1979
8.9400
10.7429
11.1097
10.7783
10.6395
10.6670
10.5807
11.8896
11.0517
11.8056
11.6355
11.9215
10.8096
11.3544
11.1239
11.9224
12.3487
11.1265
12.5718
12.3695
11.3023
11.0228
10.5220
12.3454
10.6316
12.1612
12.0446
11.4006
11.1135
12.8392
12.3372
11.7816
11.7589
12.6342
10.7980
11.5034
11.0397
12.7578
12.6792
10.8466
11.5728
14.3794
13.6635
11.4232
11.9233
12.3349
12.3768
11.4614
11.5034
12.7741
13.8180
10.3479
12.0439
11.3679
12.5703
11.9249
14.2055
11.3780
9.9983
11.3172
12.8384
11.2027
11.8982
14.0942
9.9440
12.8823
10.9720
10.1874
11.7583
12.8871
11.6843
10.7376
11.7538
13.3071
13.2396
13.0009
14.2096
11.6698
12.1141
11.5345
11.9628
10.0143
10.6289
11.4730
11.3372
10.4430
11.2460
10.4750
11.3907
10.8348
10.7748
11.4289
12.5846
11.6088
11.0173
12.8596
11.9773
12.6343
11.6376
13.2661
10.6826
12.2020
10.4630
11.1176
11.0803
11.3347
12.8812
13.3488
10.9474
11.4468
10.5849
10.7921
10.3759
12.5083
13.8739
13.3021
12.5539
11.0392
10.1971
13.4253
11.2250
13.9929
13.5414
10.8437
11.9234
10.3163
11.5728
10.4635
11.6847
11.2374
13.4504
12.6160
12.2980
12.0419
12.3203
12.5787
14.2082
12.4081
11.1520
10.5350
11.0991
11.7434
13.1544
10.4252
13.4935
12.1741
12.9983
10.5026
14.2507
12.6369
11.3809
11.6779
12.1365
10.9428
12.5950
12.2071
11.3185
12.1397
11.7839
13.2274
10.9987
10.3449
11.9895
11.7938
13.0782
12.4533
11.9715
12.5236
12.2102
12.8034
13.8566
10.6645
12.4124
13.3750
11.8716
12.2965
12.0958
12.0369
11.4047
11.4038
11.2362
10.9108
10.3564
14.4706
12.3446
14.3190
11.9311
13.2526
11.9822
10.8195
11.8792
12.1804
11.2841
12.6747
12.5791
11.4498
11.9315
