3.1778
4.3255
8.7954
12.7439
14.1274
15.3408
17.0918
14.9896
14.9968
15.7718
15.2141
15.0116
14.0384
14.1894
14.6792
14.7072
13.1479
13.2720
14.4511
14.0213
13.6986
13.9962
14.3430
14.9102
13.7890
12.7243
13.0940
12.8109
12.4224
12.3628
12.0122
11.0484
12.5102
12.3168
10.8917
11.8221
11.9810
12.6610
14.6917
11.5406
10.0055
12.6121
10.6939
12.8368
11.0643
10.3712
10.3239
10.0212
11.1325
8.7861
11.4561
11.0535
9.7223
10.4493
11.0391
10.3642
11.3827
10.0642
4.6999
6.1227
5.9799
4.5671
5.2719
4.4312
5.0726
6.2273
5.6665
3.9490
3.8313
6.7286
4.8100
5.0283
4.6183
5.4982
3.8320
4.4724
3.6631
6.2526
3.9574
4.8803
5.9645
3.0004
5.0505
5.7641
5.4811
4.3786
4.8216
4.1342
5.6853
4.2629
4.0922
3.3886
4.9070
3.1589
3.7483
4.6355
4.3313
3.9614
3.0457
2.8372
3.7464
4.1172
5.1050
4.7167
4.3068
4.9371
4.9847
4.4587
4.2650
3.7587
3.8913
4.2388
4.2019
4.1241
3.7075
3.6581
4.5302
3.6799
5.2671
4.6711
4.3040
4.5103
4.1054
3.6679
5.4870
3.8564
4.0527
6.3217
3.5838
4.9753
3.4045
4.7930
2.9432
3.9862
4.8536
4.2636
3.9518
4.2470
3.3327
2.9205
3.2018
2.6140
3.2507
2.9972
4.4850
3.1765
5.8273
3.2037
4.0137
4.6425
4.3446
5.1919
4.7237
3.7197
3.7535
5.5982
5.2700
5.6779
4.6802
3.7262
3.7816
4.2638
4.3831
2.5214
4.8329
2.7520
4.1626
4.4675
4.3020
3.4919
4.9637
3.4376
2.8987
4.1805
3.1176
3.7361
3.2281
3.1315
3.0579
3.0129
3.4999
4.0124
3.7459
2.9972
4.5085
3.4537
4.1710
3.1224
4.7916
3.6170
3.8489
2.4464
4.3151
4.3955
5.5537
3.9368
4.7487
3.5129
3.9368
3.4558
