1.1109
1.4297
2.7779
4.3081
5.5620
4.9501
5.9367
5.7824
5.3692
5.3359
6.2821
6.3572
5.5482
5.9749
5.9496
5.5416
5.7130
6.0623
6.5223
5.9424
5.0536
6.1683
6.8289
5.3276
5.6244
6.3457
5.9478
5.2419
6.6745
5.8017
5.8221
6.2802
5.3915
5.6781
5.1512
5.6261
5.9109
6.0188
5.6353
5.6863
5.5085
6.3232
5.3299
5.0424
6.2261
7.0779
5.2337
6.5829
5.3417
5.6625
6.0375
7.7548
6.1785
6.5940
5.7664
5.4947
5.9495
6.0194
5.3088
5.8948
6.2240
5.7910
5.6430
6.4868
5.7306
5.0494
5.1723
6.6735
5.6964
5.7866
5.9901
6.8224
5.9876
6.0531
6.1530
5.2265
5.2717
4.6946
5.1460
5.2449
6.2405
6.0735
5.4451
6.8701
6.1201
5.9767
5.4529
5.0431
6.2819
4.9352
5.8285
5.1756
4.8948
5.2048
5.6284
6.2170
6.4859
5.9046
6.5206
5.5341
5.5246
6.2875
5.5691
5.3982
5.5883
5.4313
5.8855
6.1144
5.2361
5.6643
6.0646
6.0071
5.8440
4.6855
5.5845
5.2515
4.9741
6.5513
6.0821
4.7304
5.2492
6.0013
5.7659
5.5469
5.3344
6.5840
4.7028
5.5780
5.5246
6.2921
5.5484
5.3761
5.2612
5.4916
5.4148
5.1980
6.2384
6.1678
7.0690
5.9310
5.6525
5.6365
6.4836
5.2537
6.7137
5.9431
5.4603
5.7430
5.9611
5.2741
4.7926
5.9669
5.6970
5.5018
5.6501
5.4946
4.8689
5.5898
5.3216
5.1837
5.6428
6.5665
5.0695
5.3945
5.3349
5.9351
5.3184
5.6272
6.4010
6.3096
5.6394
5.7850
4.6823
4.8296
5.5448
5.3814
5.1393
6.1603
6.1675
5.7195
5.2053
6.7522
6.0545
5.7125
5.9081
6.4123
4.9040
5.7763
5.6265
5.2952
5.3626
6.8603
6.3522
4.8669
5.1338
6.0244
4.7983
5.3260
5.9807
6.4042
