2.4355
3.8711
6.2374
7.5322
8.1540
7.8846
7.2477
7.7083
8.1589
6.0887
7.5655
6.3049
6.0968
5.8581
5.8309
5.3529
5.5876
6.2345
5.7484
7.2952
5.9678
5.0963
5.1915
5.6268
4.3789
5.9914
5.3273
6.1152
5.7069
4.6368
5.1641
5.2653
4.7368
5.5085
5.5062
4.8129
7.0653
5.1635
5.4678
4.8753
5.4730
5.3032
4.8410
4.2306
5.8520
3.9973
4.5791
5.0380
4.5784
4.6351
4.5646
4.1186
4.5784
4.3022
4.6365
5.0477
4.6310
4.7549
4.7522
4.9377
4.6258
4.7092
4.0628
4.5367
4.1524
4.9808
4.8510
4.3667
4.9214
4.2697
4.5109
6.1159
4.4449
3.8061
5.2272
4.8864
5.0735
4.6786
4.0618
3.8503
4.2706
5.7132
4.6873
3.7306
3.9202
4.6583
4.2164
5.0309
4.1404
4.9804
5.5399
4.1430
3.7288
3.7984
4.0085
5.2961
4.3065
4.2853
4.9174
6.6324
5.4607
4.0236
4.0218
4.3042
4.7034
4.9709
4.9320
4.4022
6.4037
3.6708
4.4026
3.7392
4.3472
5.4766
4.9726
3.9349
4.4775
4.2767
5.7429
3.7231
4.6957
4.6689
3.9884
4.7170
4.9112
4.3173
3.5172
4.7120
4.3741
3.4999
4.3894
4.0878
3.3009
4.1536
5.2873
3.6107
3.4551
3.4691
5.4671
5.1827
4.4334
3.6651
4.2906
4.0816
4.2593
3.3645
4.2952
4.9684
4.5128
5.1469
4.1897
5.1468
4.5589
4.9715
3.2874
6.8470
4.1283
4.1957
3.6745
3.4561
3.6545
4.6385
4.1378
3.5738
4.0548
3.9914
3.9339
4.0289
3.9699
5.3603
3.9234
5.5643
3.7770
3.7471
4.0969
3.9701
4.9662
4.0793
5.0635
3.7660
5.0023
4.4328
5.4637
3.3251
4.5633
4.4873
4.2861
3.6817
4.4267
4.6968
3.1521
4.4047
3.5478
4.1806
4.7560
4.0315
3.4009
3.2165
3.8346
3.7803
