11.5838
11.2881
12.9454
13.0564
12.0157
12.5634
10.7210
11.8364
12.7968
12.8206
11.6277
11.1459
12.4541
13.6221
11.7279
11.7558
12.1560
12.0074
12.5178
12.4930
11.8991
11.9120
10.5630
12.1089
14.2937
11.3228
12.4065
11.8501
13.8090
13.5884
11.5338
12.1733
11.6358
11.7321
11.8943
13.0310
18.1405
17.7458
17.7669
17.3167
18.3978
18.4308
15.6541
17.2780
17.7929
17.3097
18.5420
16.4257
17.5740
17.1842
17.0015
17.3876
16.4391
17.9191
20.3862
18.9300
18.3354
17.4846
17.8796
16.3750
17.8462
18.3662
18.6310
17.8758
18.1395
17.9417
17.5427
17.9728
18.4822
17.4407
16.7311
19.7924
15.5127
17.2916
18.0221
18.4741
16.2680
17.7640
19.0128
19.2975
18.9489
16.9901
16.9090
18.4546
17.2145
18.6063
19.3320
18.3972
17.8261
18.0799
18.4758
17.6449
18.1468
16.1555
16.8985
19.4958
18.4259
19.3013
19.2948
18.9892
16.4581
17.3176
16.8123
18.7045
18.3631
18.2828
18.0065
17.9114
16.8252
17.2639
18.4760
20.5211
16.6134
16.9921
18.6672
17.7694
17.3638
16.9413
18.2839
18.5735
16.6394
20.0831
16.6257
18.9829
19.1056
15.9956
19.3642
21.0223
18.5662
18.1054
16.9196
20.1819
20.1055
19.1294
17.6268
18.0836
18.1680
18.0429
18.4342
18.2526
19.0781
18.8254
17.7964
19.7976
16.4390
17.5284
18.2354
16.6683
17.7999
19.8336
17.9075
17.7151
17.0462
18.6186
16.7918
16.9755
19.7438
15.4178
18.8586
18.5512
18.1738
19.1275
17.4293
17.4312
18.6237
17.5889
17.5700
16.6814
17.4407
19.5189
17.5713
16.6562
17.9525
17.3115
19.2494
19.4261
16.4530
16.9673
19.9815
17.7003
17.6198
16.9184
17.7515
17.1811
17.7946
21.5752
19.5104
18.3893
18.4290
18.3845
16.6386
17.4597
18.5423
18.5231
16.9366
17.4752
18.1776
20.4676
18.6428
17.8557
