16.8753
11.2711
9.6031
9.2511
7.9901
9.2876
8.4770
7.6456
7.3897
7.3759
7.8141
7.0113
8.1366
8.0723
6.4208
7.7154
7.1217
6.1285
7.9807
7.5839
6.6254
6.5572
7.3558
7.3083
7.2359
7.0882
6.1721
6.3310
6.8680
6.3650
6.6480
5.9460
4.9290
7.1573
8.8996
6.8505
5.7298
6.3949
7.1995
7.7617
6.0070
5.8852
6.5777
6.4297
5.6567
6.7339
7.0567
6.6204
8.0735
4.8660
5.6650
6.0328
6.4898
6.4308
5.7156
7.1970
5.2471
6.4391
7.3447
6.7308
6.1207
7.5758
7.0149
7.9790
6.9784
5.6558
5.4078
7.0286
7.6001
6.1734
6.4044
6.0975
6.9075
6.6323
5.8326
6.6624
6.9253
6.3121
6.5142
6.5303
5.4532
6.7357
5.6585
5.8815
6.3191
5.7789
5.3943
6.3872
7.6988
5.3216
7.0044
5.4446
6.4699
6.1735
6.2126
6.7056
6.8839
6.6019
5.8799
5.2907
7.7116
6.6067
6.5339
6.4025
5.4516
5.7865
5.7672
7.1568
6.0794
6.6994
5.6161
6.2529
5.7296
6.5334
4.3828
5.1414
5.4340
7.4438
5.9786
6.3033
6.5395
6.2317
6.8493
6.6781
6.2592
7.3942
7.3284
6.5658
6.6150
5.5310
6.3211
4.9795
5.5365
5.8513
5.7929
4.3708
6.7942
6.7386
7.4904
5.0309
6.9015
5.8453
5.8016
6.6698
6.2524
5.6728
6.6776
5.8015
7.0179
6.4124
5.5310
7.6511
7.3652
5.9242
7.2761
5.4156
5.6531
5.9801
7.3267
5.4880
7.9040
5.7171
6.2365
4.8285
6.4380
6.8948
5.3418
4.8341
7.2334
6.1974
3.9208
6.2474
6.1601
5.3088
6.3480
6.6930
5.6060
5.4462
6.3246
6.7939
5.8928
5.8114
6.5306
5.2756
6.2512
5.6093
6.5823
5.9832
6.2917
4.6910
6.3166
5.2268
7.1047
5.8259
5.9660
7.9944
5.9593
6.4365
6.7025
6.0117
