17.7269
7.9759
7.0244
6.3902
6.1855
6.7561
7.0869
6.9454
6.5258
5.9711
7.4386
6.5883
4.8451
6.7083
7.2547
6.4154
5.7939
6.3620
5.5481
6.0030
6.4044
6.7529
5.6902
6.4541
6.0884
6.6013
5.3033
5.2647
7.3510
5.4874
7.1880
6.1998
6.0980
5.7959
6.0137
7.2058
6.2992
6.3031
6.0583
5.5169
6.1666
6.2768
6.1987
5.5593
7.1527
6.4693
5.4464
6.8820
6.1565
5.5368
6.3576
5.3833
6.4432
6.3774
6.4218
5.2055
6.6292
5.2992
5.8012
5.7652
5.8390
6.5453
6.6306
6.8218
6.6147
5.5487
7.6858
6.5207
5.8941
6.2311
6.2114
6.1311
6.3857
6.9166
5.8963
6.1205
7.3466
6.2090
6.5416
5.9610
6.5649
6.1621
5.7624
6.9866
6.4844
5.9631
6.9937
6.2893
6.6548
6.4140
6.2783
6.1886
6.3464
5.0405
5.7519
6.6880
6.4825
5.8026
5.2042
6.2948
5.8106
7.5424
5.5151
5.3180
6.0315
5.2260
6.3413
6.4800
5.9850
6.9750
6.0278
6.3221
7.7237
6.0059
7.8544
6.6326
6.4720
5.5588
6.0119
5.7584
6.3336
7.5755
4.8687
5.8567
5.6000
6.0785
6.0076
6.0303
6.6528
6.1673
5.8240
5.6736
5.1222
6.4075
5.8465
6.2360
5.5394
6.1226
5.2630
5.8318
6.2652
6.9748
6.5555
5.2345
6.4681
6.2742
6.1955
6.2831
5.3982
5.0431
5.9870
5.7815
5.8460
5.9643
6.7779
6.2035
6.6061
6.1066
5.9833
5.6452
5.6983
7.0016
6.1402
6.3201
5.2665
5.5186
4.8330
6.3023
7.9052
7.0908
6.5967
5.9517
6.2224
5.6543
6.0784
6.2573
6.1900
6.4265
5.7869
5.7490
6.4388
5.4366
5.5857
5.7123
7.3110
7.3283
5.0800
5.9026
6.0464
6.0267
5.3514
5.2468
5.2549
6.1763
5.1894
6.3285
5.3507
6.1106
6.4158
5.5342
