0.6435
0.6478
0.6121
0.5579
0.5776
0.5101
0.4681
0.4359
0.4586
0.4542
0.5379
0.4879
0.4981
0.4613
0.4389
0.4793
0.4491
0.4760
0.4406
0.4739
0.4623
0.4877
0.4929
0.4932
0.5109
0.4161
0.4507
0.4469
0.4674
0.4275
0.4437
0.4329
0.4807
0.4279
0.5058
0.4841
0.5481
0.4831
0.4325
0.4449
0.4042
0.4129
0.4256
0.4453
0.4089
0.4071
0.4930
0.5680
0.4371
0.4484
0.5436
0.4408
0.4483
0.4419
0.5149
0.4617
0.4493
0.4011
0.4258
0.4661
0.4133
0.4255
0.3953
0.4311
0.4482
0.4221
0.4041
0.4196
0.4405
0.4013
0.5053
0.4757
0.4248
0.3608
0.4429
0.4046
0.4649
0.4220
0.4160
0.4500
0.4034
0.3744
0.3910
0.4384
0.4371
0.3842
0.4220
0.4173
0.3746
0.4950
0.3994
0.4543
0.5046
0.3833
0.4544
0.3702
0.4252
0.4247
0.5134
0.4204
0.4181
0.4047
0.4218
0.4638
0.3744
0.4687
0.4211
0.4434
0.4485
0.4766
0.4181
0.4337
0.4538
0.4014
0.4473
0.4431
0.5107
0.3954
0.4341
0.4213
0.4267
0.3828
0.3838
0.4660
0.3885
0.4199
0.4270
0.4049
0.3956
0.3871
0.4169
0.4584
0.4511
0.4241
0.4161
0.4088
0.4594
0.4503
0.3968
0.4517
0.3807
0.4988
0.4071
0.4367
0.4170
0.4361
0.4069
0.4019
0.4152
0.3854
0.4302
0.4174
0.4447
0.4227
0.4411
0.4959
0.3920
0.3880
0.4341
0.4113
0.4019
0.4206
0.3845
0.4783
0.4110
0.4282
0.4194
0.4485
0.3681
0.4489
0.3742
0.5011
0.3998
0.4667
0.4029
0.4434
0.4324
0.3566
0.4544
0.3749
0.3796
0.4304
0.4210
0.4242
0.4511
0.3892
0.4139
0.3646
0.4551
0.3800
0.4170
0.4335
0.4239
0.3939
0.4245
0.3780
0.4327
0.4164
0.4576
0.3855
