4.1803
7.1841
12.2436
17.6165
22.6071
25.4140
28.2176
29.0818
28.9693
35.0500
33.9613
36.0051
40.8822
35.9305
42.8827
42.2710
42.8763
46.3884
49.3471
44.6778
54.1514
54.3119
55.4072
51.7159
57.4464
57.5206
63.4823
58.9165
65.2943
71.3407
64.9857
64.8725
62.8397
66.8635
69.9611
66.9596
79.3497
74.4354
80.5420
71.6845
74.6260
79.6402
74.2218
75.2511
75.7980
87.6961
88.9833
87.5012
85.7242
77.0967
85.5349
91.0775
80.2934
78.3463
90.3058
87.5514
89.6473
88.3641
90.9317
82.6680
83.9229
82.6676
90.5751
85.1260
91.4321
81.9173
90.8891
96.8959
89.9385
89.6093
101.3383
87.5462
90.3934
86.2079
88.9875
97.0605
100.2566
99.3706
91.1936
105.9357
92.7468
98.6270
92.3125
104.6181
111.9928
98.8723
107.3932
93.6985
96.6931
113.3061
114.5717
104.3585
106.5975
100.0115
107.4537
89.0207
95.1216
111.2660
107.4386
111.8492
104.6327
101.7609
112.0931
109.4798
102.0670
111.1323
114.6177
112.1673
110.0363
115.1543
94.2180
117.1944
111.1745
106.1180
114.3289
105.8995
133.2728
127.7134
125.2748
115.8594
120.8701
120.4030
95.1877
130.4871
111.7904
115.6815
120.7554
128.7136
121.5973
125.3837
122.5923
119.1267
126.5861
136.3102
120.6698
133.9439
122.9716
123.8182
124.1297
121.2786
130.5374
131.1592
132.8253
113.6667
118.9503
136.1148
123.6245
133.8003
138.1201
144.6657
138.0671
134.0436
145.9094
136.9988
139.7957
134.9615
135.9553
128.1634
130.5131
143.9646
137.0589
144.5453
155.1873
146.9321
138.3881
140.2204
133.4732
149.9626
132.5296
138.7569
130.2494
134.9709
133.5324
139.4706
141.5426
137.8255
155.2523
140.6482
145.7258
168.2500
140.2876
138.6985
168.6422
152.2017
168.2363
155.5621
158.9420
144.9194
124.8658
146.8482
158.3710
155.7971
127.0946
162.4685
125.5634
156.7999
148.8468
179.8481
157.8052
156.5177
