2.1202
5.7404
4.3416
3.9882
3.7357
3.5478
3.4131
3.3220
3.2988
3.2093
3.1471
3.2283
3.1950
3.0780
3.0115
2.9206
2.9759
3.1115
2.8854
2.8569
2.9283
2.9774
2.9831
2.9648
2.8094
3.0237
2.9929
2.8503
2.9070
2.7688
2.9848
2.7968
2.8267
2.8551
3.0018
2.7437
2.7983
2.9053
2.7665
2.8312
2.8209
2.9462
2.7575
2.8339
2.8383
2.9046
2.8687
2.7475
2.8234
2.7593
2.8000
2.7485
2.8052
2.8298
2.8306
2.7151
2.7509
2.7370
2.7197
2.7742
2.7900
2.8532
2.8685
2.7746
2.9467
2.6864
2.8573
2.7394
2.8519
2.8708
2.5698
2.7377
2.8414
2.9397
2.7454
2.6832
2.7381
2.7909
2.6371
2.6706
2.8493
2.6860
2.7394
2.7837
2.8241
2.6138
2.6858
2.8117
2.7769
2.6617
2.7063
2.6788
2.7030
2.7618
2.8550
2.5584
2.6747
2.7555
2.7681
2.6932
2.6974
2.7115
2.7651
2.9332
2.7475
2.6807
2.7011
2.7427
2.6152
2.7666
2.7427
2.7433
2.7011
2.6861
2.8215
2.7881
2.5853
2.7351
2.7146
2.8788
2.6341
2.6932
2.7702
2.8128
2.7900
2.6983
2.5823
2.7683
2.6640
2.7770
2.6893
2.6920
2.6714
2.6197
2.7490
2.7260
2.7335
2.6716
2.7142
2.6815
2.7000
2.6849
2.6857
2.7728
2.6633
2.8238
2.5906
2.7249
2.7152
2.6503
2.7020
2.7408
2.7859
2.6032
2.6909
2.6548
2.7373
2.6875
2.7220
2.6478
2.7894
2.6833
2.6221
2.6458
2.5877
2.6467
2.6781
2.7234
2.8154
2.6031
2.7402
2.5969
2.6270
2.6235
2.6694
2.6509
2.6732
2.6826
2.7331
2.7851
2.6522
2.6572
2.6417
2.6625
2.7528
2.6512
2.7561
2.6960
2.6556
2.6567
2.6361
2.6513
2.6510
2.7668
2.7422
2.6761
2.6235
2.7414
2.6309
2.6799
