1.0650
6.6803
5.8468
5.4981
5.6949
5.8156
5.2994
5.6859
5.5317
5.6166
5.2901
5.8295
5.5524
5.8182
5.5355
5.5851
5.7080
5.5403
5.4730
5.9958
5.2940
5.3449
5.3897
5.3975
5.3589
5.6858
5.6906
5.4777
5.8078
5.7168
5.7248
5.2766
5.5049
5.7079
5.5694
5.3827
5.7497
5.8372
5.4466
5.5494
5.2842
5.5572
5.3883
5.3267
5.5526
5.4017
5.3664
5.5772
5.4378
5.6226
5.5174
5.5733
5.5291
6.1312
5.3260
5.5002
5.2347
5.6483
5.4047
5.4844
5.2093
5.6011
5.6320
5.5231
5.5121
5.5025
5.5744
5.4762
5.3601
5.5213
5.5679
5.2355
5.6617
5.8243
5.2082
5.5442
5.8127
5.3728
5.5067
5.3108
5.6468
5.6086
5.4124
5.4147
5.5798
5.4503
5.4693
5.6743
5.5658
5.4002
5.5007
5.1860
5.1550
5.7359
5.5971
5.5316
5.5698
5.5607
5.5790
5.3931
5.2348
5.3959
5.7623
5.3357
5.6567
5.4531
5.7952
5.3046
5.3508
5.6234
5.3045
5.7102
5.5569
5.4883
5.6666
5.8238
5.2702
5.4710
5.4330
5.3440
5.4557
5.5781
5.3154
5.8044
5.3716
5.7484
6.0711
5.2281
5.2107
5.4184
5.3184
5.3082
5.5486
5.1328
5.5221
5.3640
5.3018
5.7810
5.4610
5.3357
5.7210
5.7116
5.1277
5.6308
5.1478
5.4917
5.4585
5.5087
5.6978
5.5452
5.4481
5.4456
5.5720
5.3836
5.2954
5.5328
5.8626
5.5413
5.3478
5.6973
5.3253
5.3749
5.7140
5.5033
5.2534
5.7644
5.9998
5.4330
5.3111
5.4024
5.6358
5.5387
5.8615
5.2788
5.6183
5.2573
5.7514
5.8694
5.3933
6.0224
5.2993
5.3119
5.2397
5.8293
5.9659
5.5629
5.4010
5.5928
5.2404
5.3471
5.1314
5.4520
5.5229
5.3716
5.3379
5.3099
5.5625
5.1730
5.5934
5.2007
