4.3739
2.6738
4.1191
4.5130
7.2115
9.0962
6.9089
8.3097
8.6503
14.4626
12.3340
10.1059
13.8483
12.6794
8.0895
11.5065
14.5046
21.3784
10.8378
17.1228
13.3205
11.1798
12.4762
19.3956
11.3202
13.1083
17.6221
13.0855
11.7348
12.2918
14.7735
12.1680
12.2136
14.1099
13.5786
14.4056
18.6874
18.3305
14.8566
13.6138
13.1372
20.7969
18.7622
11.8077
21.4691
15.3763
14.6722
17.1066
16.3384
17.5209
16.0590
15.3131
18.4321
15.9844
12.2254
14.0724
15.5042
18.2352
15.4613
14.5732
19.7359
15.0794
18.5435
12.8372
15.7917
22.1629
18.4204
17.4956
18.1406
13.5632
18.1631
16.4701
17.9541
15.7339
20.8786
15.3967
14.6512
18.3563
18.7864
15.5816
19.1942
21.6594
14.3879
17.1845
17.9719
18.9394
18.0653
19.5516
19.5700
23.5529
19.7549
14.1097
18.1173
20.0195
16.3374
15.6334
16.1613
15.1961
15.0884
20.4365
17.8117
19.9028
15.7700
19.8351
18.5448
19.2959
16.6993
19.6443
20.7443
18.9815
22.7400
18.6573
23.1905
21.5865
21.0889
17.5354
17.3652
22.5560
19.3803
20.8309
21.2792
16.4137
21.0259
17.7349
16.2315
20.2313
24.4925
20.6421
18.1147
23.7851
19.5170
22.1511
21.8028
17.6093
20.8429
20.3971
20.0676
18.4417
18.1672
13.7929
20.3806
19.9865
22.3009
23.3643
20.3518
23.7669
23.6895
24.1797
19.5461
21.0876
22.3502
17.4604
16.8237
17.3166
17.9643
29.8712
17.4933
21.9916
21.9211
24.3527
17.9015
24.1211
19.1372
24.0518
21.9248
18.5967
20.1522
25.2591
21.6624
19.8643
22.9543
22.2524
28.5677
19.6848
19.6266
23.5636
20.6042
23.5295
22.7257
20.4603
24.5069
23.6256
21.0664
22.0075
25.9782
21.8250
22.2701
27.2514
22.0323
22.4723
20.0740
23.8061
24.3964
27.6552
23.2645
28.1490
23.3536
26.0533
26.3685
20.7126
