1.8900
2.8402
5.4313
8.5565
12.0869
13.2160
14.4073
14.7348
14.1721
16.2589
15.3450
13.7574
15.0203
15.1754
16.1484
15.8414
17.4905
15.8417
18.2026
16.7951
17.0176
17.5957
16.8772
17.7463
17.3454
17.8255
17.9625
15.9650
17.5153
16.5169
17.4050
17.0503
17.5477
15.3457
17.7232
19.7515
16.1239
16.6391
16.7054
15.5893
16.5205
19.7272
18.1132
17.1136
17.2449
17.7783
17.6471
16.7022
16.4739
17.8931
15.9652
17.8328
16.7248
17.7062
16.7930
17.6541
17.7607
17.0538
17.5705
17.4397
17.2362
18.2652
17.3568
16.4042
17.5726
17.7575
17.1175
18.7438
16.9108
15.4116
17.5120
18.1478
18.3350
16.1036
17.3527
18.2058
16.8140
18.7770
17.4922
17.5357
17.6285
17.7865
17.3145
17.6887
17.3683
16.8626
17.8637
18.1714
18.8684
20.7107
17.4009
17.4179
20.8639
17.1096
18.1510
18.6735
19.8734
18.4604
17.6133
18.8500
19.7296
17.1750
17.1892
19.8237
16.9882
19.5960
19.0041
18.2703
17.0261
18.4117
18.0675
18.1847
16.2049
17.1414
16.8957
16.9789
17.6641
17.2950
16.8720
16.5417
17.5639
20.2168
17.1838
19.0599
19.5274
17.8009
18.4033
16.5890
18.3480
18.9551
16.9506
17.4888
17.1490
15.9876
16.9337
17.6127
17.4042
16.8757
16.9587
18.8956
17.2503
16.8655
18.8933
16.9673
18.7187
18.1172
17.3179
17.5534
17.8379
18.9839
16.9939
17.8580
17.7465
18.1632
18.6245
17.6952
17.8138
17.6674
18.0393
19.3929
17.1210
17.7148
18.3925
18.3671
16.4540
17.9652
18.5094
19.0356
16.6262
19.0193
17.2196
17.5839
18.5844
18.7774
18.7795
17.9665
18.9151
17.4838
16.8630
18.4319
17.7486
18.5842
17.0463
18.9053
20.0334
18.1915
18.9572
17.5396
17.0977
18.3865
17.7003
19.2850
18.4880
19.0304
18.2169
17.3497
18.0430
20.0947
18.3374
18.3669
