14.4468
14.0712
12.6816
10.4838
10.4527
7.1663
12.3909
4.6850
11.2167
6.5709
13.7281
12.6935
4.4095
8.3447
9.6876
16.4238
7.2024
5.8769
7.0716
8.3479
8.9700
10.3884
9.3074
8.4576
15.0722
7.0731
8.1937
9.1962
9.8674
8.3229
10.5426
7.4706
11.2271
5.9588
8.4697
12.9701
11.4849
11.4615
7.4328
4.7643
13.8593
12.9125
5.8953
9.9799
7.0253
9.0996
8.2472
8.8533
13.3834
4.5348
7.4421
11.8774
12.2794
9.4429
9.3009
7.6010
11.0970
14.2942
7.5009
8.7805
11.1410
7.1877
5.6623
4.2394
12.8496
6.3585
8.8835
7.5286
5.7441
8.9213
11.5210
13.4991
4.7424
11.1031
7.4907
10.1566
7.2061
11.4302
8.5311
10.2062
3.5876
10.0227
10.9697
7.5157
11.6369
5.2444
13.4004
8.7216
10.1403
7.3157
11.0514
6.3180
11.9367
7.8767
7.6376
6.6295
12.7468
5.0787
6.1841
4.8326
13.4958
11.4299
5.6179
10.4976
8.1420
7.6047
12.0469
9.9826
10.4519
5.9718
10.4315
10.7563
14.6905
9.1342
7.9529
6.7884
9.3457
12.6223
6.7218
8.6676
8.0768
13.5683
10.8332
6.2602
6.8414
10.2064
9.0865
14.6573
11.3698
8.0825
8.9346
12.8514
6.3980
6.7488
10.2470
11.6972
6.3855
12.3719
5.2863
14.9172
8.4147
10.6490
7.8453
13.5079
8.5698
12.3369
5.4333
7.4012
9.6402
9.8670
9.1787
7.5778
9.6323
12.4411
11.3736
10.0515
9.8009
12.1813
14.6708
8.2924
5.7905
12.0824
6.0937
11.6450
14.5969
5.3434
5.0144
5.4718
7.7880
5.3332
11.3849
7.2872
5.6744
7.9309
13.9110
9.4969
7.8950
12.7059
12.6560
10.6229
15.4009
6.4962
8.1548
9.0541
16.5683
10.7786
5.5769
5.4437
10.2209
4.0692
13.2538
8.6053
10.0761
8.5083
4.8309
13.1166
5.0225
6.1139
9.5419
8.9850
