16.7898
11.2972
9.3230
11.1596
9.6933
8.5994
10.8425
8.7737
9.5451
7.2394
9.4824
8.3883
8.8904
7.9218
8.4475
7.1672
7.4233
8.1479
7.9470
8.6667
7.0806
8.7776
7.6141
8.3393
7.4041
7.1444
8.2799
8.0581
7.0380
7.5654
7.3144
8.4399
7.9688
8.3208
8.3383
6.7996
6.3449
6.7964
7.4714
7.1987
6.0078
8.5990
8.1940
7.6521
7.4000
7.2090
6.9311
9.5379
7.8041
7.3082
8.1904
6.3636
6.1486
7.2113
8.0335
6.9995
7.4558
6.8474
7.0388
6.6110
7.6682
7.4104
7.3515
6.7434
7.7213
8.0786
6.5912
6.7448
6.6267
6.7731
6.9801
9.1649
8.2872
7.2593
7.6879
7.2955
7.6113
7.4504
5.9939
8.4173
7.4339
7.1382
6.9159
9.5010
6.8434
7.9053
9.1795
6.7237
7.6646
6.1660
7.5973
7.5459
6.9995
6.8502
6.5519
7.8961
6.5293
6.2015
6.9563
7.4278
6.9710
7.7410
6.4583
7.3639
8.1015
7.4594
7.4418
7.6903
7.5253
6.6370
5.8081
5.8261
6.4850
7.3656
6.5337
6.2556
6.4685
6.7787
6.2993
6.8759
6.4954
6.8452
6.4837
6.2137
7.6402
7.7723
5.8893
7.7200
6.3413
6.5981
7.0959
5.6318
6.7457
7.5457
7.0573
5.6612
6.5464
6.4060
6.9000
6.4159
6.6071
6.9807
7.6469
6.4527
6.7723
6.6261
7.8467
6.1253
7.3779
6.3625
6.7166
5.5924
7.8192
6.9196
6.9939
7.4509
7.0585
6.2322
6.9900
6.6941
7.4860
7.2227
6.8256
7.0789
6.4081
6.7679
8.0811
7.5314
6.7115
6.6998
6.3193
8.7026
5.4175
8.8777
7.1191
6.4138
6.6404
5.9730
7.3472
7.2655
6.2258
9.0194
6.4680
8.7827
7.1501
7.4940
6.7302
6.1305
7.0419
6.4761
6.7523
6.0962
6.6855
7.4052
7.0423
6.2807
6.4938
7.0994
6.9400
6.4098
