2.0763
2.7392
5.0593
6.8371
9.0316
10.5546
10.6053
13.5689
13.9239
11.9340
11.8232
12.6642
12.6299
14.7185
14.7362
11.5431
14.3500
15.1548
13.7492
13.0142
13.2304
13.9235
15.6871
12.3946
11.9699
12.7672
11.1698
15.7057
13.2588
14.9027
10.1384
13.6542
13.4884
12.5943
14.7151
13.1268
11.3226
11.8456
14.6264
10.9643
12.7346
9.3463
10.4181
12.5036
9.2941
10.7489
10.0510
11.9960
10.7320
11.8327
11.4303
10.1820
10.4636
10.3617
10.6680
10.7313
10.4121
11.8695
11.1273
11.3674
9.2088
9.6514
11.5614
10.6702
10.8368
10.8230
9.1923
11.8258
10.9839
9.2703
10.8058
9.8889
10.1565
11.7602
10.4988
10.4949
8.7027
7.7908
8.8241
10.5387
10.0085
11.1311
10.8920
9.3785
10.1808
11.2812
8.1908
11.2445
9.5633
10.5794
10.3568
9.6848
8.8657
9.3152
9.1363
9.3791
11.5313
9.0241
9.3602
9.5306
9.0142
9.8746
8.6072
9.7752
8.2743
9.4535
9.8335
7.9073
9.1780
9.3501
8.1876
11.0510
9.4314
11.0018
9.6371
10.0103
8.8956
8.0766
6.2532
12.2048
10.0191
9.1959
8.2084
10.5477
9.1137
10.0411
8.3669
8.8296
8.2371
8.7036
9.5899
11.1993
12.4211
7.8723
8.4707
11.3049
9.8044
8.3485
9.3839
8.5406
8.8311
9.2900
9.3115
10.5116
9.5042
9.0208
9.4857
8.3285
8.2373
11.0855
10.3183
10.0012
11.1389
10.1367
10.4573
9.1915
8.8053
9.6586
7.1034
8.4542
8.2924
9.2399
9.4399
8.5062
9.1830
7.4550
9.0477
8.0578
10.0037
9.7314
7.6951
7.0473
8.7701
7.2238
8.8625
7.5385
8.4067
8.2012
8.0785
9.6072
8.8092
7.6061
9.4085
8.7665
8.8519
9.9261
8.8442
9.2047
8.8294
8.7735
8.8120
9.0769
15.3644
8.0550
8.6544
8.2705
8.5444
8.8981
9.8206
8.9216
