18.7185
17.1179
11.1567
10.8728
12.5971
9.9560
10.4943
9.9465
10.8727
10.2001
9.2980
9.6648
9.5310
8.9943
9.1434
9.4487
11.2217
10.0435
8.4267
8.3355
9.8156
8.6657
8.5106
8.6590
10.6117
7.9366
8.3059
9.1416
9.4485
9.2483
7.3289
8.5552
8.1033
9.3364
8.2807
7.9458
9.0289
8.4047
8.5564
6.9136
8.0885
8.2872
7.8538
7.1102
8.7238
9.8765
7.8262
6.9016
7.5168
9.0994
9.4743
9.0460
8.1262
7.7623
9.4360
7.9459
8.7840
7.3289
7.6152
7.2415
10.2841
9.0685
7.1406
8.4751
6.9978
8.1457
8.5767
9.5006
7.5976
7.9723
8.0052
6.8058
10.1544
8.1888
8.5904
8.3885
7.3000
8.0247
7.5864
9.3043
7.8132
6.8857
6.9819
7.4037
6.9654
7.7851
8.4401
7.7155
7.9503
8.3015
7.5091
8.2876
6.8234
8.5094
7.6450
7.2441
10.2502
9.4821
8.1677
8.4941
7.3447
8.9591
6.0612
7.9600
7.6952
6.0985
8.2206
7.9964
8.1556
6.0684
9.6773
8.3713
7.7205
6.3264
9.4642
8.4232
6.5513
7.1432
8.7380
7.2220
8.0397
9.0801
7.1047
7.3712
9.9918
8.8816
8.3106
8.3113
8.7667
7.3881
9.5577
6.5227
6.9703
7.9887
8.5259
8.3580
9.0266
7.5277
6.7115
8.2520
8.3895
8.1949
7.1929
8.4217
5.9742
7.9419
8.0351
8.7156
8.6396
7.3535
7.6933
7.2266
7.3524
7.2716
7.8802
8.2677
8.5073
8.2892
9.1748
7.3318
6.3264
7.7253
9.0323
8.6645
6.5743
6.1983
8.0818
8.4004
8.8543
7.3559
8.6792
8.0659
5.6858
8.0389
7.4174
8.5802
8.7533
8.3511
8.0807
8.2326
8.1616
7.7140
7.0953
7.2024
8.5129
7.9142
8.6242
6.7864
9.4655
9.3548
7.3343
9.4975
7.8989
7.7045
8.0968
7.7533
7.3266
7.0132
8.5835
6.4220
