1.0125
3.1962
2.3612
2.1468
2.0538
1.6615
1.8638
1.4528
1.4764
1.6768
1.3318
1.6024
1.2207
1.6833
1.3741
1.4631
1.2486
1.2528
1.4301
1.2619
1.3127
1.3088
1.4325
1.1310
1.3844
1.4011
1.2218
1.4709
1.2290
1.2685
1.2472
1.2478
1.2351
1.1662
1.3259
1.3160
1.2939
1.2512
1.2540
1.0538
1.2723
1.1877
1.1366
1.3106
1.3649
1.0839
1.3302
1.1025
1.1428
1.3151
1.2006
1.1865
1.3003
1.0540
1.1723
1.3959
1.1032
1.1419
1.0990
1.2544
1.1341
1.1442
1.0949
1.1679
1.0260
1.1785
1.2189
1.0794
1.1293
1.2864
1.1232
1.2311
1.0312
1.0176
1.1619
1.2370
1.1150
1.1323
1.0689
1.2174
1.1524
1.0740
1.1267
1.1799
1.0619
1.0970
1.0900
1.2719
1.2291
1.1965
1.2193
1.3095
1.2458
1.0479
1.0514
0.9993
0.9563
1.1154
1.0563
1.1857
1.2349
1.0486
1.0349
1.0861
1.0884
1.1308
1.1102
1.2157
0.9953
1.0318
1.1302
1.1694
1.1722
1.1197
1.0351
1.1952
1.0027
1.0746
0.9723
1.0814
1.0950
1.2023
1.0695
1.0875
1.0396
0.9758
1.0482
1.1318
1.0984
1.1456
0.9520
1.1377
1.1259
0.9317
0.8895
1.1291
1.0563
1.0824
1.1340
0.9036
1.0329
1.0780
0.9621
1.0797
0.9811
1.1174
0.9968
1.2150
1.0192
1.1032
0.9446
1.0944
1.2307
1.0044
0.9661
1.0468
1.0323
1.1222
1.0385
1.1420
1.0715
1.0337
1.0555
1.0585
1.0920
0.9970
1.2208
1.0874
0.9856
1.1781
1.1128
1.1080
1.0565
0.9748
1.1297
1.0144
1.1674
0.9764
1.1118
1.0456
0.9482
0.9104
1.0829
1.0308
0.9659
1.0566
0.9196
1.0842
1.0955
0.9582
1.0987
1.0410
1.1145
0.9221
1.0644
1.0028
1.0478
1.2311
1.0352
0.8776
