16.8901
17.5182
17.4915
16.1180
18.1003
17.7570
17.5365
18.0129
16.0590
17.8161
15.5238
16.0035
16.7151
17.5065
17.9356
16.5132
18.7269
17.1852
17.9144
15.8848
17.2310
18.1402
16.6758
16.5630
16.5497
18.6581
16.8602
18.1841
14.9989
15.6054
19.1929
16.9399
17.5946
16.5493
16.4347
17.3516
17.3296
17.0923
16.4621
17.3291
18.0701
17.5205
16.5645
18.6299
15.5489
16.4558
16.6829
17.3104
18.9238
18.0148
17.1804
18.3399
16.5913
16.9169
16.4784
15.1496
16.5920
16.6438
18.4162
16.9129
15.9338
18.1974
17.8137
17.1792
15.7438
16.4383
16.3439
18.3557
17.4988
19.4632
18.3925
16.2315
17.5637
16.1867
17.2278
16.3053
17.5532
16.4304
17.3919
19.1991
18.3396
17.0769
18.3272
18.9500
17.4523
18.6541
17.3149
17.1512
16.8144
18.7033
15.6576
16.6710
18.0194
17.5787
17.7422
16.7467
17.4586
19.1764
18.0084
17.9935
17.0282
16.9089
18.3895
16.3327
16.3521
17.2769
17.3941
17.4443
16.1710
18.0700
18.8272
17.3542
16.7423
17.5340
18.1756
17.1881
16.7725
17.3404
16.9222
14.8657
17.1398
16.1762
16.9601
16.4162
17.0683
16.7871
17.1256
15.2328
16.2897
16.4607
17.8684
17.1910
16.9770
18.5576
18.2797
18.0978
15.9346
18.2438
16.7543
16.3408
17.3151
17.1964
17.6488
18.5839
17.6745
17.1097
17.3198
16.7678
16.1313
17.0767
17.3603
18.8496
17.3520
16.1518
18.3479
16.2350
17.1596
17.8816
16.9877
15.7482
18.1548
17.5978
16.3932
16.6940
16.1861
16.7797
16.8490
17.2238
16.7248
16.9415
17.1859
17.2842
18.8891
16.7829
16.7209
18.4195
17.3623
18.5547
18.4036
16.5126
17.5701
17.7330
18.0654
16.9984
16.3108
16.9306
15.7954
16.7094
17.7125
18.5743
16.8203
16.7524
16.7849
16.4713
17.1063
17.7403
18.3728
17.5037
16.5353
18.5163
