19.4780
8.5621
9.8429
6.7048
7.0805
7.3835
6.7100
6.2226
6.4314
6.5448
6.2646
6.2428
5.5319
6.7651
5.1555
5.1458
6.1798
5.9466
4.7157
5.0404
5.2727
6.2760
5.9182
5.1031
5.6640
6.2646
6.3247
5.8013
5.2044
7.2705
6.9591
5.9411
5.8941
5.2226
5.4255
5.7135
5.0901
4.6624
5.7675
5.1072
5.8750
5.2242
5.4542
5.2131
5.7200
5.9012
5.1514
5.2053
6.5555
4.5596
5.3793
4.8752
5.8245
5.3422
5.0481
5.0356
6.0106
5.7430
5.1521
5.1949
5.9046
5.5080
5.0066
4.7987
4.4767
5.0418
5.1827
6.3039
6.0596
5.9443
5.3710
5.1654
6.2208
4.4431
6.0322
4.4018
5.4094
4.8000
7.3074
5.4483
3.9825
5.9693
5.6805
5.4605
5.5425
6.0766
5.6013
6.9842
4.0864
4.3876
5.3932
4.8546
5.3450
4.9945
5.7047
5.2234
5.8429
4.3124
5.7935
5.1700
5.8887
4.9142
5.2412
6.4362
6.1370
5.2003
6.3549
5.7033
4.6738
5.3543
5.6832
5.2113
5.2640
5.3984
6.3474
4.9990
5.1763
4.9618
5.0872
4.9739
4.5117
5.3583
4.2140
5.8977
4.1228
5.4051
5.2032
5.0959
5.0241
4.7397
7.1228
5.0516
5.5225
4.9004
4.3507
5.0196
5.9922
4.6313
4.7765
5.4473
5.0612
4.7082
4.9897
5.6356
5.1267
6.0535
4.9235
3.3483
4.9384
5.5118
5.5554
5.2387
4.8791
5.6724
4.3539
4.7535
5.2611
5.3773
5.4468
4.7055
5.6144
5.7645
5.2140
5.7530
5.6845
4.6724
4.4102
5.1126
4.5369
5.3924
5.8335
4.8774
4.8696
5.6197
5.2387
4.8151
4.1571
5.8080
5.4889
5.9536
4.6553
5.1525
5.0107
4.3862
4.8286
5.8817
4.3395
4.7776
5.4150
4.7010
6.0532
4.4952
4.6160
4.5655
4.6839
4.7075
5.5991
5.0920
4.9138
5.5099
