3.3228
4.3710
6.3971
8.6369
10.9127
12.4580
12.2981
11.9687
12.7638
13.8346
13.9236
15.0931
15.0164
13.5977
14.3495
15.1553
15.4883
13.7118
14.3562
13.6123
16.9045
15.9027
15.4312
15.2856
14.6366
14.5379
14.7096
15.0688
17.4153
14.0506
15.5716
14.6548
15.0653
14.3485
15.1503
13.6034
13.0442
15.8323
15.7868
14.5759
14.1027
15.6713
15.5145
14.5494
14.7692
15.3975
15.7891
15.3597
14.7817
15.7630
13.7805
15.7114
15.3926
14.6848
13.9160
16.1359
13.3821
14.2439
14.5430
14.2366
15.2329
15.9870
15.6342
15.4073
14.1467
15.0006
13.1745
12.7287
14.6621
13.5464
14.3263
15.0716
14.7553
14.1845
15.1388
15.6547
14.6784
13.2791
14.5352
16.2722
17.0357
14.3542
16.1757
14.5829
12.8454
14.6510
14.2224
13.3325
13.6661
14.8259
14.8059
13.8937
13.2687
12.4974
12.3657
14.1140
13.0516
13.7241
14.3684
15.4179
13.8597
13.6046
13.0441
13.1547
14.4860
13.0377
13.8236
14.7205
14.0522
14.5469
15.8975
13.6872
14.2022
13.7648
13.9456
13.4147
12.6756
13.5335
15.0618
14.5708
13.0945
14.2208
13.4064
13.1661
16.0760
14.2484
15.4979
15.5778
14.2453
14.8232
14.6283
15.4440
14.2059
13.9112
13.9285
14.3036
14.5548
14.1470
13.6940
16.2123
12.9196
15.8460
14.5419
14.1764
14.1380
13.9568
14.0377
14.2493
14.8962
14.3564
14.7156
15.1856
15.7572
15.7820
15.2590
15.1046
14.1955
16.0710
11.4972
12.7360
16.0061
12.8557
14.0773
14.4614
14.8721
14.4372
13.7543
13.8236
14.4438
13.4065
12.4901
15.6488
15.2432
12.9219
14.6515
13.6796
14.3833
11.9876
12.7293
13.1256
13.3276
14.5394
14.9555
12.1260
14.5460
13.4406
14.1871
14.3141
16.0435
15.2651
13.8226
13.8279
14.6672
13.5266
15.6470
12.3444
15.1853
13.5067
13.7361
12.9299
