1.9662
1.7058
2.3735
3.7338
3.5490
4.6086
4.6723
4.2348
5.6538
5.1631
5.4822
5.2909
5.3441
5.1892
4.8123
5.0729
4.9885
4.8149
5.6968
5.4474
4.7918
4.4550
4.8116
5.1151
4.5098
4.7682
4.6705
5.2126
4.8784
5.4286
5.0466
4.9611
4.8122
4.7571
5.1208
4.8448
4.0767
5.7312
4.7634
4.8799
4.6688
4.4433
4.9989
5.2542
4.5397
4.3961
4.7039
4.0703
4.3652
5.1517
4.9327
4.9848
4.6807
5.6254
3.9281
3.9841
4.5314
5.0973
4.5152
5.1625
5.3258
3.5481
4.1548
4.0294
2.8832
4.0981
4.7652
4.1453
4.0970
4.7935
5.1801
4.1157
4.5406
4.7060
4.3940
4.5638
4.1335
4.0635
4.3323
4.2434
4.2033
3.7055
3.7230
4.3950
4.0795
3.7989
4.1303
4.5859
4.1575
4.4835
4.1885
5.2497
4.6291
4.2831
4.2650
3.9607
4.2376
4.9798
4.1047
4.0530
5.1670
4.8092
3.8486
3.6329
4.9343
4.3324
3.8819
3.9617
4.6656
4.3984
4.0389
3.7565
3.7160
3.6427
4.1098
3.8262
4.0255
4.5281
4.0312
4.3052
4.1863
4.0776
4.5948
4.5099
4.4559
3.8340
4.2783
4.4929
3.3753
3.7293
4.0823
4.1608
3.6195
4.6391
4.2054
4.8675
4.3887
3.8949
4.9119
4.1749
4.2371
4.6829
3.1529
3.8622
3.9856
4.2939
4.2790
4.1569
3.6100
4.7316
3.8626
3.8288
3.8867
3.7515
4.6234
4.7722
3.4027
4.2929
4.1916
3.8841
4.8566
4.0619
4.7460
4.9578
4.5630
4.6293
4.7324
3.6810
4.5199
4.2380
3.4339
3.7521
3.5544
5.6535
3.6072
4.5830
3.5969
3.3830
4.0269
3.6283
4.5771
3.7574
3.6696
4.3881
4.6175
4.1234
3.5058
4.3830
3.7289
3.8289
3.2830
4.3132
3.4378
4.2690
4.9345
4.0345
3.3468
4.2428
4.5562
4.5029
