16.2534
13.2695
12.9621
12.6459
11.3343
13.1651
12.7773
12.1031
11.7009
13.4426
13.7729
11.6508
12.8587
12.2336
12.0637
12.6929
14.1442
12.9236
12.4760
12.6699
11.7519
12.5697
12.4811
12.0039
13.4955
13.6981
13.0645
12.9540
12.0085
13.0171
11.7636
13.2446
13.0955
12.1335
13.8708
12.5444
11.6285
12.9894
13.0342
12.5945
13.3379
12.3691
12.5821
11.3011
12.9963
12.1905
11.3966
13.0180
11.9300
13.7206
12.9960
13.1959
13.3966
13.7436
13.6027
12.9284
14.8005
12.1430
12.1414
12.2340
13.0896
13.1957
11.8502
11.8779
13.6725
12.1831
11.7684
12.0138
13.4320
12.0317
13.3605
12.8824
11.8702
12.8491
12.7085
11.6509
13.5100
12.3951
11.5467
11.1749
11.8522
12.8070
11.9061
13.6954
11.9001
12.1527
13.1791
13.5812
12.4459
12.4231
11.3848
11.2055
11.5778
14.5001
11.6215
10.8952
13.7013
13.4062
11.0805
10.4637
12.4252
11.5394
12.3413
12.2080
13.5535
12.9117
13.2203
13.2707
12.8622
12.5557
11.9945
12.9994
11.4553
11.2127
12.0929
13.4105
12.0201
14.1587
10.2363
13.6232
14.5228
10.9632
12.6589
13.3320
11.4670
11.7268
12.2856
10.8500
10.8695
12.4968
13.3539
11.7791
11.6180
13.8314
12.8514
12.0729
12.1966
11.6313
11.7535
12.8067
11.2674
13.0893
11.0131
12.1993
12.8398
12.4412
11.9984
11.8694
12.7721
11.7458
10.8873
12.3562
12.4878
12.7814
14.0479
12.7874
12.9582
12.6090
10.8831
12.4021
12.7960
11.9538
11.4018
12.7981
12.8505
11.0055
12.8024
11.8085
11.7262
11.9026
12.0168
11.2312
14.4201
12.2563
10.6227
11.6039
12.9582
11.1629
14.0311
12.1862
11.5588
12.9802
12.2251
12.4102
11.8422
11.1113
12.7934
14.5705
11.8724
13.0905
11.9826
13.4761
12.4788
12.2318
13.4740
12.3214
11.5221
10.7293
11.2835
12.1905
