14.4152
12.1411
10.6242
11.4567
11.0012
10.5437
12.5820
12.3803
12.7373
10.3019
10.8566
11.2915
9.8774
11.7670
12.5192
13.0227
10.1135
10.8390
10.7963
8.9105
10.1843
10.6511
12.2137
12.4387
8.7760
10.1979
10.5131
11.5634
11.5743
13.0157
12.2550
10.8180
11.0338
10.8418
11.3564
10.9308
13.5707
12.2916
10.4058
11.6189
11.0928
13.2624
11.0433
10.9250
9.4570
10.7381
8.7595
11.4064
12.0786
10.3721
10.5930
11.6404
10.9958
12.3017
11.9073
11.5889
11.0603
11.5246
11.5621
10.1048
10.8366
12.3911
12.1330
8.7305
8.8371
10.8900
9.4894
11.7399
9.7869
10.7890
10.7270
11.1593
10.2167
11.6045
11.1542
13.4747
10.1984
10.9272
10.1656
9.5118
12.4295
16.1280
9.9397
11.4787
10.3141
9.8902
13.7594
10.6746
8.9934
9.5894
10.5758
10.4720
10.2420
10.7295
12.6404
11.9015
10.6024
12.6816
11.4564
10.3640
8.4607
9.8076
10.6698
10.1930
11.8942
11.7247
12.0973
10.8321
11.3524
11.6935
13.1377
11.7005
10.3890
10.8414
11.0360
11.4249
13.7206
13.6057
11.9595
10.5035
11.2958
12.1647
9.3247
8.8890
11.2157
10.7230
10.6531
12.0594
9.4346
10.1341
9.7999
10.1973
8.6880
9.7476
9.4251
10.7057
13.4616
10.0793
9.7427
10.9114
11.6584
10.3663
10.2752
12.5519
10.7495
10.8833
10.2943
9.8776
8.8834
12.1980
11.8349
10.6766
9.5198
10.6230
8.9506
11.3447
11.1639
10.6099
10.5858
11.6879
11.9341
12.8988
11.3607
10.2659
8.9909
11.5971
9.9521
10.5339
11.9855
12.3702
10.6561
11.3804
10.3758
11.9425
9.1186
9.3281
10.7557
13.5735
11.3871
11.5893
10.9246
10.7438
12.3772
11.4064
12.3190
12.3558
10.1954
11.2188
9.0645
11.1476
12.1133
12.6861
11.1568
10.8754
11.3999
9.4458
10.7185
11.8184
11.6266
10.4219
