1.4763
1.9963
3.1342
5.4799
7.2761
9.2099
8.6563
10.8246
9.6005
10.7321
12.9718
11.4956
12.6184
12.7309
15.6650
13.7308
11.2742
14.4011
15.4468
15.3004
14.4921
14.2412
12.6963
14.7354
13.6016
16.4871
14.9892
17.3852
15.5996
15.4064
15.8470
15.3232
14.3329
21.4209
16.8152
15.6201
17.9675
18.8019
19.3201
16.8645
19.3600
19.7712
18.9959
23.1436
20.9977
19.0053
18.6626
19.5345
18.4658
19.6937
19.5772
18.0297
20.3089
17.8109
20.1869
20.6096
21.5947
20.8707
21.6774
20.9334
19.2041
20.8160
18.5742
21.1667
20.4103
22.4357
21.0001
22.8406
21.5469
23.4787
21.5289
20.0090
21.2260
23.7292
21.9411
19.1216
23.0322
22.3014
21.9026
21.4061
21.3538
23.8659
19.4666
23.0090
21.5118
20.1276
23.3552
24.1027
23.6587
21.5168
19.5077
23.4612
22.3487
21.8397
23.8062
23.5165
19.8374
19.4358
20.6265
21.5221
23.3437
22.6141
22.3687
19.9554
19.8455
24.5405
19.8858
22.7600
19.0565
23.8119
20.8133
21.6414
23.0285
23.2994
24.3967
22.6480
20.3665
25.7687
22.4995
21.7274
22.4710
21.3454
21.7757
21.8711
22.5320
19.7694
23.0044
21.1125
22.0340
23.1751
22.0489
24.0796
22.6457
20.2941
19.8460
20.4663
21.7253
20.0210
24.5543
24.6787
20.8864
24.2310
23.1649
20.2470
20.8997
23.8315
21.4774
22.1628
21.8066
21.1936
27.1119
23.4146
21.7202
21.9461
20.5789
23.3763
23.0036
25.3487
23.0419
23.9161
23.1463
23.4197
24.7952
22.0317
21.4185
23.0363
21.7024
23.3642
23.1934
24.8749
22.8186
24.4421
22.3086
21.3280
21.2920
15.7226
24.6960
26.6870
25.5320
27.5375
21.5451
24.1451
22.6462
20.6624
20.8391
23.6714
25.2265
27.7699
24.2806
22.6545
26.9367
24.6863
20.6804
24.3483
24.6103
22.3388
20.5386
22.0363
23.0424
24.3061
