3.7135
3.0687
4.4441
6.1621
7.2114
8.0486
9.8756
7.3625
7.8401
10.5164
7.7399
9.3204
10.9141
9.9142
12.8060
11.5885
12.2938
11.6066
11.8353
12.7770
11.5667
14.6248
13.5304
14.9906
12.5735
13.5621
12.9959
14.0698
13.7626
14.8784
14.7465
14.5012
14.4871
14.6082
12.2331
12.8713
17.4105
16.5891
16.1091
14.8123
16.3775
19.0532
14.9430
13.4760
21.8902
16.0425
18.2485
14.4252
14.6705
16.2783
20.5767
16.0104
13.9294
17.9587
13.6969
19.9823
17.5687
17.0697
20.2941
23.0097
16.7439
17.2603
20.1947
21.2096
18.2521
15.8258
17.6002
18.3015
21.2942
19.7937
17.7993
17.6681
17.0273
18.1392
22.0738
17.8371
18.9218
20.1611
15.5919
18.5210
20.8358
21.0061
21.4490
20.3180
19.6682
18.7837
16.6755
16.4228
19.4207
20.7777
22.4812
20.4766
18.3910
21.5991
20.0162
20.0335
19.7531
28.2858
22.5470
21.8433
22.6100
22.3104
18.9082
17.1014
22.8770
19.6035
22.6533
21.2556
21.8166
19.5205
17.3771
21.1295
21.5508
20.7750
24.3843
19.3468
21.3530
25.9923
24.7514
23.4584
22.6099
20.8809
22.8887
23.9771
19.1103
25.3231
22.0773
22.1356
22.8137
22.2358
23.2898
21.1777
21.7918
22.3241
23.1411
22.8317
22.6009
21.4242
27.3274
23.4302
25.7505
25.7510
22.7534
25.8161
23.4167
21.6610
25.0413
29.5271
22.2403
21.1817
26.6057
29.6437
25.3059
18.7271
27.1163
22.4875
20.4690
23.8444
23.8656
25.9250
24.5400
23.9775
22.8703
23.8572
26.0011
25.3328
25.2831
25.6934
22.3414
26.1007
27.7120
26.6757
24.1823
26.1487
25.4186
23.0520
25.0124
33.9705
24.4838
25.6242
22.9064
26.2510
27.8298
24.5052
24.4008
25.5532
27.2532
26.6658
30.5518
26.7746
26.1727
27.5451
26.5377
28.0043
28.7428
23.9229
26.8188
28.2280
21.9534
27.4538
