2.6033
5.3411
7.4404
9.3730
9.7449
9.8822
8.0518
10.0547
10.0785
10.9463
9.0710
8.9553
8.8391
9.8810
9.8913
7.6621
8.1282
10.7287
9.3917
7.5564
8.3442
9.1488
10.0957
8.1469
8.1579
8.8524
9.5850
8.3240
8.9901
9.4260
7.1000
6.9332
8.3793
7.7096
8.2901
8.6559
6.2076
8.3769
8.0467
9.0361
9.4037
6.3885
4.9871
7.2883
7.2693
8.0295
9.0629
7.6534
7.8911
6.4732
7.2665
8.7508
9.2341
6.2054
6.8490
7.1910
10.0913
7.5524
7.0434
6.4535
9.7484
7.2168
7.9658
4.9315
7.4714
9.4319
7.3124
7.0333
7.1775
7.2079
7.1311
5.8149
7.5402
7.0749
7.5453
7.2005
6.3827
6.3314
5.4227
8.3045
8.3996
7.8893
5.8690
6.8407
7.0379
6.3310
7.2491
7.2553
6.8360
5.7137
6.9480
7.0610
7.5063
5.2594
7.8325
7.7050
10.0467
6.0987
6.9130
7.1833
6.5794
6.0605
8.4026
6.1951
7.5439
6.5049
6.4907
5.5481
7.2928
6.8254
7.8809
6.4273
6.6708
6.2283
6.1060
6.4324
5.9650
7.5775
8.5073
6.7857
5.5020
5.9307
5.4630
6.8903
7.1574
7.1190
8.6570
5.3068
6.0753
6.2777
7.5684
7.8596
5.4816
6.1622
8.0072
7.1458
5.0728
8.1971
6.4560
7.6083
5.2929
8.6375
7.6245
6.8079
6.0983
6.1091
4.3596
5.9716
7.4097
6.7497
6.1039
5.8217
7.4828
6.3275
6.8736
6.1712
6.8139
6.1052
5.7590
7.0263
6.3821
7.6909
7.4691
6.6841
7.9237
6.7353
6.4669
6.5500
7.0879
7.5489
7.3644
8.0254
6.3973
6.2905
6.6525
7.4937
6.7479
6.0436
6.7657
7.2798
6.9988
7.7240
7.3529
8.1634
3.4816
5.3474
7.2802
5.6090
6.2168
6.5453
7.0123
5.6604
7.7848
7.6225
6.5606
7.0160
6.9761
6.6347
5.2806
7.6289
