2.5253
2.6168
4.6737
5.4374
7.0983
5.9289
6.5267
4.5272
5.4871
5.1410
5.4513
5.4127
4.8686
5.5820
5.2488
4.5423
4.5202
6.1716
4.3730
3.7659
3.6359
3.7552
4.3157
4.5314
4.1762
4.0543
4.8102
4.0519
5.1821
4.8907
3.8997
3.6515
3.5958
3.9581
3.9764
4.9547
4.6284
3.4878
5.2784
4.4705
4.0196
4.1427
4.4762
3.5429
4.6741
4.1845
3.6728
5.1150
4.3753
3.3682
4.0056
3.5715
4.9459
3.1862
4.9641
4.9293
4.0257
4.3282
5.7422
4.9397
4.3511
5.0103
4.0802
3.6123
3.5009
4.8009
3.3845
5.4583
3.3578
3.5172
3.7926
3.2436
4.0299
3.8066
3.2720
4.2039
3.9203
4.7071
2.6589
5.2166
4.4699
4.8627
3.8195
3.8266
4.0887
4.4709
4.4141
3.5949
3.5165
3.6572
3.7845
4.4900
4.4279
3.8825
4.0266
4.4638
3.1160
3.0934
3.7033
4.1971
4.2507
4.2691
4.7538
4.0112
3.1898
4.2632
2.9781
3.4680
3.7205
5.2390
4.5214
4.0329
3.0605
3.6409
4.0205
3.4916
3.6141
4.5753
3.8589
3.7974
3.6055
4.8233
4.2401
4.5856
3.4172
3.9736
4.0621
4.9163
3.2543
3.7836
3.6683
4.5145
4.3730
3.2863
3.2700
3.9432
3.5171
3.2696
3.6205
4.5804
5.2593
3.5900
5.0504
2.8312
3.6269
3.4994
3.5795
3.2345
6.1650
3.6075
4.5423
3.6334
3.5135
4.2283
3.0317
3.4771
5.0349
4.5862
3.4509
3.7939
3.8641
3.6476
3.8059
3.7761
3.3171
3.8443
4.7075
3.8824
3.4157
4.3886
2.6919
3.3145
3.4635
3.5350
4.5421
3.4030
4.3900
4.1886
3.2404
4.2218
4.0833
3.8102
3.3439
4.2708
4.1645
4.9492
5.0539
3.6606
5.0391
4.7052
3.5739
4.5386
3.6374
4.0792
4.6616
4.6874
3.1272
3.5944
4.0737
3.2784
