2.0139
3.2586
4.5923
6.1552
6.8187
7.9226
7.1628
7.3409
8.1012
9.2076
8.5060
8.8741
9.1034
8.2693
8.3073
10.3789
8.6004
7.5728
8.7013
8.0683
8.8856
8.6925
9.2145
9.6470
9.7616
10.4354
11.4527
8.3783
9.4055
8.4639
11.1610
9.1513
9.1947
9.4899
9.5083
8.4729
8.7661
8.2471
9.2715
7.3641
9.0742
8.8411
7.6525
7.7190
7.9717
8.2050
9.0618
9.1685
8.1566
10.7306
6.7891
9.2567
9.0712
6.5863
8.3290
8.6881
8.6892
8.2863
9.3048
7.8389
8.6361
6.5265
8.2630
9.6238
9.1724
8.8714
8.4625
10.3353
9.1681
8.5798
6.6550
9.8631
9.2374
7.7884
8.7646
7.4610
9.2061
8.5535
7.6756
7.0259
9.0544
7.1416
8.4241
8.2491
8.9695
8.4923
8.1682
7.7250
10.6770
7.9433
7.0895
7.5926
9.4670
7.2476
7.1244
6.9893
8.9994
7.8548
7.0213
7.8429
8.8096
7.0997
8.6816
8.1192
7.9193
7.9733
6.9099
7.5972
6.6895
7.5430
7.8218
8.8495
8.2860
7.6148
6.0952
8.5967
7.2775
6.4684
6.6153
9.0860
9.2386
7.6022
8.0174
7.7693
7.9911
8.5891
7.1910
8.0730
7.3635
8.1661
8.4224
8.1191
8.5950
7.5867
8.2967
8.4467
8.6298
7.3122
8.6012
8.5567
8.1457
7.9164
6.8694
7.4318
7.5638
7.1164
6.5999
7.1139
7.6509
6.5443
10.5246
7.9584
8.1055
7.7802
6.9320
7.8999
7.2357
9.4221
7.0474
8.0745
8.6845
8.1301
6.9227
6.8808
8.2248
7.3879
7.1703
6.5196
7.2637
6.3135
7.2609
7.5819
7.1024
7.6337
6.8251
7.7276
7.7201
7.7008
7.5900
7.2612
7.9575
6.9999
6.6816
8.1014
8.9726
7.3162
7.8579
8.2085
9.0086
8.1047
8.0482
8.5484
7.1214
7.5743
8.0083
6.8790
7.5223
8.7523
7.1198
7.2604
