1.5746
2.1976
3.2815
4.0780
6.7478
6.8202
7.1647
8.0060
7.5600
8.3352
7.8408
8.1188
6.7670
6.2346
6.9389
7.8454
8.0056
9.0006
7.9052
8.8830
7.9071
9.3014
7.4806
7.2267
8.0132
7.1521
7.9325
6.7299
6.4703
8.2204
7.4048
5.5591
8.6816
8.2389
7.8833
6.4975
9.0022
8.6842
8.2371
7.4296
7.9567
7.1615
8.3897
7.2645
6.5497
7.3855
7.1337
6.5213
7.8194
7.4556
7.5135
9.3345
8.5264
8.1419
7.4504
7.3688
8.2735
7.1448
7.6176
8.8304
7.1246
7.5468
8.2128
7.7132
8.0063
8.7566
6.6589
7.1573
7.9383
7.8624
6.8204
7.3958
8.0119
8.3033
7.0264
7.6470
7.4794
7.4971
7.5039
7.6809
7.0003
7.7015
7.6754
6.4484
7.0241
7.6637
8.4557
8.8595
7.6967
7.8360
7.8217
6.9283
7.5558
7.8665
7.7311
7.7391
7.0899
7.4824
8.2734
7.6128
6.3188
8.2605
7.2288
8.3055
5.9507
7.1304
8.6641
7.0434
6.4905
6.6339
6.9731
7.2434
7.5775
6.3858
6.6506
7.3896
6.7864
8.1752
6.5792
7.3017
6.6762
7.8253
8.1785
9.1004
6.7750
8.9228
7.0116
7.6030
8.1034
6.4509
8.0967
7.4886
7.2413
7.6680
7.9077
7.6804
7.4939
7.8993
7.6273
7.0857
7.1396
8.1751
8.1076
7.1414
7.5205
7.6879
9.0185
7.3842
7.4043
6.8305
7.5102
5.9655
7.6702
7.1415
6.8737
7.6695
8.4759
6.8341
8.5216
6.9364
7.8939
8.8578
7.2135
7.5703
7.7137
8.1383
7.3919
6.9511
8.2290
7.8477
7.6670
7.4307
7.4742
7.0450
8.1578
7.1135
6.8410
7.5872
7.2356
8.1823
7.5113
8.2679
6.8190
8.6413
6.4260
7.3327
7.0174
8.1809
5.8228
7.2942
7.3267
7.6280
7.4453
6.6863
5.9323
7.9162
7.8263
7.7095
8.0462
7.8626
