8.2027
8.9772
8.8038
9.1089
9.1653
8.2347
7.7179
7.7562
7.2721
7.8017
8.9525
8.4538
8.9556
7.8616
8.6216
8.9467
7.8863
8.5713
9.3289
7.5339
7.8081
8.2526
8.3719
8.1762
7.9386
10.1423
9.2211
9.7746
8.5786
9.9865
8.2105
9.0590
8.6375
9.0306
9.2248
7.6365
9.1712
8.2439
8.5910
9.2127
9.4645
9.7265
7.2947
11.6077
7.7992
8.7493
8.7598
7.9105
8.8662
9.1252
8.1654
7.5934
9.4926
8.9832
8.8562
9.5246
9.4858
8.5854
8.4995
8.9031
9.3021
9.2938
10.0270
7.5554
9.6053
8.8826
8.7745
8.3001
8.5510
7.5132
9.4304
9.0747
8.3568
7.2229
8.4404
7.8332
8.7675
7.9709
9.2043
8.6348
9.1414
9.1941
8.3415
8.7650
7.8905
8.4207
7.8712
9.1308
9.1639
9.9334
8.5225
9.4962
8.0511
7.9330
9.6225
9.0602
7.3239
8.0938
7.7724
7.9784
9.0816
7.7126
8.0490
8.6811
9.2278
7.8881
8.6897
8.5500
7.0820
9.5729
9.0137
8.9296
7.3453
7.8874
8.3446
9.1561
10.0350
9.2330
9.2418
10.0534
7.8436
9.2852
8.4769
8.9242
8.9837
8.4720
8.3528
7.9428
8.4622
8.0205
8.4200
10.3173
9.0044
8.3295
8.6113
8.4293
7.6397
9.8279
8.4453
8.8509
10.6440
7.9548
9.4024
7.8578
9.1387
8.1136
8.7211
7.1111
9.5001
8.8788
10.2020
8.7171
8.4858
7.7520
9.0083
7.6956
8.4729
7.8604
8.1679
8.8721
9.3477
9.8531
9.2974
7.9339
7.8419
8.3408
8.5848
7.0787
8.1944
8.6847
9.7075
7.7912
7.2570
8.2575
7.9100
9.3319
8.1549
8.3735
9.0343
8.4753
8.2221
8.1315
9.6026
9.7545
7.2799
9.2167
9.7422
8.5555
7.9990
8.3674
9.5657
8.0629
8.8878
9.0390
7.7236
8.3936
9.3799
9.8609
8.5843
9.0929
