1.4698
1.3153
3.0550
4.0390
6.3474
5.2051
5.7310
6.7017
5.8920
6.3415
5.8835
6.2910
5.9536
7.0073
6.8167
6.1442
6.5757
6.3640
6.7593
7.0969
6.7339
6.6491
6.4152
6.2805
7.2594
6.7229
6.7239
6.3283
6.9244
7.0529
6.8232
6.4493
6.3087
6.4647
6.7425
6.8809
7.1067
7.0790
6.5781
6.2853
6.9772
6.3883
5.8549
6.2014
5.6188
6.2029
6.7705
6.2616
6.6715
6.3689
6.7235
5.9782
6.7139
6.3809
7.4032
7.4407
7.1438
6.4778
6.4979
8.1536
6.3057
6.6681
5.8926
6.4879
6.7121
6.6991
6.7777
6.1044
6.7777
5.8263
7.3897
6.8396
6.1136
6.8766
6.7488
7.0161
6.7601
6.0833
7.4732
6.8508
7.5558
6.8479
5.7285
8.1156
6.1020
6.2921
6.9235
6.1545
6.8799
6.4600
6.5355
6.2502
6.9354
5.6031
7.1305
7.4182
6.5177
6.6325
6.9068
5.7894
6.0947
6.6046
6.2679
6.0527
6.7053
6.1879
6.4963
6.4117
6.0067
6.6876
6.3598
6.6197
5.8372
6.1001
6.2307
6.9686
6.5054
6.6585
6.5074
6.4716
6.3839
6.5661
5.5085
7.1203
6.2200
6.7537
5.8304
6.3868
5.7842
5.7524
5.7832
6.4064
6.4481
6.2665
6.6823
6.4334
6.3189
5.8856
6.1211
6.6792
6.2691
6.4132
5.8940
6.1433
6.3189
6.1345
5.6972
5.9031
5.8944
6.4373
6.9810
6.6629
5.9801
8.1980
5.2732
5.9354
6.7190
5.7721
5.9446
7.3811
5.8486
5.5438
5.3530
6.0721
6.3386
5.3008
5.8706
5.8101
6.1640
6.8582
5.8539
6.3284
5.6864
6.4729
6.0741
5.5597
5.5496
5.7748
6.7214
5.9162
6.5461
5.7047
5.9958
6.6533
5.4836
6.6325
5.6707
6.4805
5.5622
5.9878
6.1908
6.5125
6.1945
5.6569
5.7572
5.4435
6.0602
6.2252
5.4584
5.6022
