1.7555
1.9055
3.3090
5.4838
5.7889
6.1426
6.2926
5.5038
6.2690
5.6275
5.4397
5.7355
5.6670
5.6415
5.2348
5.6241
5.9963
6.2289
5.2248
5.8786
6.1931
4.8838
4.7423
4.8923
4.9411
5.1237
5.5279
6.2332
5.4723
5.1045
5.2124
5.2640
5.0402
5.3919
5.0052
5.2731
4.6771
4.7607
5.1292
5.3489
5.0759
5.3549
5.8665
4.8866
4.7170
4.2734
5.7350
4.9047
4.5598
4.7727
5.2744
4.3533
4.4475
4.8337
4.9234
5.1287
5.0551
4.5811
4.9247
4.4222
5.0046
4.2762
5.3172
4.9516
4.5517
4.9088
5.8483
5.0981
5.5384
4.6793
5.9727
5.4260
4.8126
4.7221
4.6889
4.7011
4.6876
4.9379
5.2453
4.7046
4.8350
5.2993
4.8925
5.2611
4.6877
4.7151
4.9180
4.6294
4.8561
4.7903
5.0661
4.9148
4.9914
4.3704
4.3136
3.9350
4.2805
4.7523
4.8290
4.9158
5.4162
4.8552
4.5507
4.7078
4.3989
4.3332
5.2645
4.3793
4.9830
5.2329
4.0433
4.5412
5.0244
4.4722
4.2164
4.9425
4.6334
5.1194
4.2044
5.6255
4.8585
4.2857
4.9077
4.6910
4.8106
4.6326
4.5736
4.9122
4.7744
4.3276
4.6527
4.3815
4.4037
5.1198
4.6870
4.9347
5.6995
4.4096
4.7599
5.3471
4.8608
4.9047
5.0403
4.9230
4.9411
4.4805
4.8251
4.8031
4.4800
4.1083
5.0830
4.4616
4.4372
4.4505
4.6319
5.1959
4.4993
4.0798
4.8745
5.5928
4.7091
4.1123
4.5594
4.5868
5.3759
4.2719
4.5273
4.3898
5.2797
4.9015
4.5092
4.8465
4.1461
4.6442
4.1084
4.6230
4.1550
4.6265
4.4902
4.2901
4.3532
4.3702
4.3665
4.6718
4.4707
5.1405
4.4383
5.5910
5.4890
4.4388
4.8704
4.1780
4.9001
4.6417
4.3810
4.5042
5.4213
5.1609
4.8617
4.7609
