17.8328
16.3341
15.5871
17.4151
18.4081
18.2149
16.4962
18.2927
16.6267
16.0221
16.4529
17.3083
17.0533
17.1220
15.1877
18.7691
17.5091
17.4711
18.2556
17.9532
18.3561
17.9331
19.5666
17.1949
17.0829
16.5231
15.7728
17.3258
17.5709
18.8595
17.2280
18.1868
17.6319
19.1458
16.4485
17.6183
18.8408
17.3533
17.4851
16.6858
16.6579
18.4308
16.6282
17.0440
15.3817
19.0967
17.3294
17.7153
18.3105
17.9843
16.5724
15.3634
15.3534
18.6383
20.0367
16.1953
18.9143
17.9038
17.6720
16.9512
17.0034
16.6857
17.7825
18.4786
16.7173
17.2886
15.6976
16.5621
18.2996
17.5663
17.2614
16.6824
17.1061
15.4191
19.5239
17.7416
18.2985
18.0939
17.8201
15.5799
16.5046
16.4124
16.7322
18.3466
14.9901
17.0543
15.1367
16.8831
16.5262
18.8996
16.7211
17.8577
17.3289
17.2583
16.9712
16.4617
17.6801
19.6195
17.8403
18.4559
18.1383
18.9004
17.4971
17.1485
18.5704
16.4322
18.2424
15.8568
16.6117
18.2196
18.1661
15.7657
15.7483
16.1525
18.3630
18.1467
17.2312
18.2459
16.3508
17.5419
19.8546
16.6594
15.4687
18.9203
20.0129
17.4385
17.1780
17.3241
17.1078
16.7678
16.5880
17.3942
19.1787
17.0753
18.6976
16.5153
17.0333
16.2312
17.8868
17.3081
18.3655
16.8641
15.6537
17.8291
18.5505
18.0385
16.9469
16.0550
16.8906
17.9282
17.1827
15.2517
16.7394
16.1090
18.3624
17.6834
17.8526
14.9500
17.4779
18.6091
15.1252
16.7621
16.1478
16.6078
17.8211
18.6316
18.2370
17.4813
18.0139
17.3776
17.9664
18.7167
17.6399
18.6650
17.4759
17.6310
18.8420
18.6398
16.4364
14.6956
18.2438
16.7496
16.9945
17.1693
17.8556
16.5374
17.2180
18.9235
17.1493
15.1814
15.5164
14.6391
18.1240
17.8822
17.2206
17.2758
18.3120
17.6312
17.0071
15.6506
