2.7145
2.4142
4.2547
5.3241
5.8699
5.6337
5.6421
6.3785
5.0185
6.0404
4.7897
5.5239
5.4677
5.2617
5.1142
4.8985
5.9444
5.3575
5.4748
4.1978
6.0790
4.8123
5.0608
4.7144
4.6653
4.6079
4.4087
4.2652
5.5520
4.6981
5.3469
4.8627
4.5273
5.6005
5.2176
4.5677
4.2737
4.1834
4.2619
4.2233
5.5008
4.6001
4.9445
4.4695
4.9185
4.9956
4.3037
4.6550
4.9075
4.2653
3.9012
3.9110
4.4400
4.4164
3.4499
4.4397
5.4275
4.3939
5.6383
3.7884
4.7045
4.7712
5.4041
3.8612
4.4151
4.1659
4.6213
4.0731
4.7335
4.3114
4.4328
3.6132
3.8195
4.1391
3.6786
3.9416
3.9923
3.2911
5.1403
3.9425
3.8450
4.8468
4.8099
4.1387
4.0907
4.3790
3.9148
4.4834
3.3621
3.4306
4.2417
4.2449
5.2095
4.2574
4.0803
4.2832
4.6244
4.2913
4.2268
4.2386
3.9674
3.8083
5.2423
4.7115
4.3455
4.8883
4.9088
4.6003
4.9600
3.6335
3.8729
4.3345
4.1946
3.2376
3.8330
4.0948
4.0603
3.9662
4.5742
3.7034
4.3314
4.5170
3.8626
3.6650
3.5681
3.7633
4.5747
3.5605
3.9788
3.2176
5.0378
4.5224
4.4462
4.3031
4.0703
4.1001
3.4313
4.1847
3.9896
4.2921
4.4125
3.9457
5.4362
3.8693
3.6118
3.6433
5.2105
4.2911
3.4135
4.1580
3.6888
4.5036
4.2912
3.9482
3.7943
4.1097
3.2910
4.4368
3.3661
4.8328
3.6341
4.5200
4.1968
3.8568
4.7778
4.1278
3.6380
4.5782
4.4980
4.4176
4.2097
4.1911
4.1972
4.3369
3.1972
3.5822
5.1381
2.8102
4.2102
4.0702
3.9196
3.7713
4.4215
4.5524
5.1490
3.9952
3.8729
3.9138
3.8912
4.8166
3.6154
4.1625
3.6977
4.3328
3.3350
4.2641
4.7227
3.7162
3.7266
3.5639
