0.1561
4.9780
4.2508
4.7102
4.9248
5.0078
4.7126
4.1625
4.1284
4.0926
3.7320
3.6196
3.4392
3.5645
3.2831
3.3631
3.2125
3.0229
2.8777
3.1565
2.9559
2.8251
2.9564
2.8314
3.0350
2.7307
2.7355
2.7875
2.6544
2.7875
2.6269
2.5979
2.5308
2.5336
2.5067
2.5159
2.4381
2.4480
2.6494
2.5851
2.5157
2.4821
2.6760
2.4993
2.4284
2.4517
2.4443
2.6172
2.5803
2.5163
2.3653
2.7306
2.3970
2.4780
2.3957
2.4690
2.4702
2.3060
2.4382
2.3529
2.3132
2.5431
2.3653
2.2340
2.4323
2.3486
2.5537
2.2463
2.1482
2.3695
2.1922
2.2327
2.5334
2.3286
2.1691
2.3372
2.2192
2.2317
2.3690
2.3936
2.3091
2.1371
2.1625
2.1407
2.2796
2.3785
2.1280
2.1304
2.2052
2.1113
2.2622
2.2755
2.3387
2.1924
2.1959
2.2269
2.3092
2.2420
2.1800
2.1648
2.2540
2.0494
2.2034
2.1622
2.2363
2.0366
2.1221
2.4264
2.1109
2.2253
2.2442
2.1707
1.8796
2.0185
2.1996
2.2132
1.9606
2.1267
2.2213
2.1696
2.2675
2.2174
2.1195
2.4339
2.1195
2.1244
2.2448
2.1792
1.8631
2.0979
1.9507
2.2651
2.2340
2.1060
2.2781
2.0566
1.9845
2.1451
1.9205
2.2285
1.9645
2.1384
2.1208
2.0203
2.0878
1.8882
2.0931
2.0543
2.1653
2.0634
2.0478
2.1095
2.0483
1.9069
2.0846
2.1260
2.1552
2.0045
1.9514
2.0314
2.1724
2.1280
2.1807
2.1208
2.1125
2.0770
2.1356
2.0035
2.0979
1.9574
2.1829
2.1568
2.0421
1.9536
2.0179
1.9503
2.0831
1.8711
1.9917
2.0879
1.9464
2.0264
1.9997
2.0842
2.0063
2.0461
2.0414
1.9857
1.9230
2.0049
1.9020
2.0597
2.0744
2.0361
2.0569
2.0789
2.0412
1.9882
1.9715
2.0699
