3.3248
9.5440
13.6189
16.6696
19.1936
21.0845
20.6028
22.3412
24.1594
25.1303
26.1294
26.5333
26.0724
27.5317
26.0458
31.9024
28.8178
33.8530
30.1596
31.8628
37.6592
32.5715
33.6524
37.8380
36.2878
32.7229
33.0079
40.4494
37.1257
37.8266
42.4584
37.2612
40.5637
39.8466
40.2856
33.9295
40.3800
40.8994
40.6698
42.2358
29.1557
37.6337
32.1881
33.1508
41.1132
39.9649
33.2669
39.2756
32.0814
38.3550
40.5980
37.4097
29.9887
37.1150
43.3039
38.6934
37.1285
43.4506
37.6181
38.1407
42.2528
42.6416
43.5846
43.1544
41.5221
33.2529
41.8141
44.4709
51.0838
38.5452
35.8461
40.6444
39.5617
38.7226
45.7880
38.9113
47.3670
40.6752
38.6839
48.2740
41.5033
39.5952
39.2910
50.7522
42.0341
43.0854
39.4113
38.1563
40.2179
35.6730
44.4478
43.1805
46.3088
41.1881
43.9685
40.5968
47.3363
42.5778
40.9075
37.0839
35.8414
49.7326
37.2714
34.0536
46.5224
37.0066
43.2994
45.2322
40.6340
35.9045
42.4999
49.6722
48.7686
46.4680
40.7042
41.7267
44.4970
44.5719
42.9426
61.5728
43.3053
39.3234
43.0188
40.6212
45.2465
40.0786
34.1656
32.0242
37.7432
41.7231
46.1029
45.8267
41.8081
37.6013
40.6955
41.2687
42.7166
42.2131
47.7248
48.8260
41.8923
50.1881
34.7036
37.7127
34.0356
43.3240
37.0995
47.1043
36.9781
41.6912
35.5654
41.3247
48.0342
44.9173
45.1164
46.2920
43.7094
39.9147
52.9995
36.4322
40.8561
42.4402
45.8186
35.9749
51.7376
37.9294
47.5968
39.3969
50.0041
32.7688
41.7187
44.7290
48.6921
56.5972
46.5240
41.9298
47.0345
53.0846
47.2259
40.0766
30.4669
43.9061
45.9688
53.5551
41.0756
47.2310
44.8901
46.7235
40.9593
41.4377
45.4426
42.0591
44.7428
47.5490
40.9715
49.5026
38.3991
52.5529
32.0314
44.2489
