5.2862
10.6313
17.2448
17.9785
24.1048
23.1143
27.2525
26.7433
29.5325
27.7503
30.2972
31.4000
32.4709
33.8228
33.7227
32.7183
33.1624
36.5421
32.8372
36.2080
34.0958
32.0416
33.5432
37.2805
31.9242
34.6368
38.0605
39.9181
35.8240
37.0699
37.2665
39.8771
41.6633
38.3551
38.2611
39.1220
38.2360
38.4351
43.4018
39.5681
40.5977
43.0956
43.0979
47.7640
43.6723
44.2268
42.0440
39.8158
40.6123
41.1692
41.7355
44.3081
39.6947
40.0976
38.9512
43.3899
40.8595
42.1798
41.6409
42.6550
40.5670
41.9878
38.6309
39.3245
48.6008
42.7271
38.5201
43.7337
39.7966
45.6983
39.3018
43.9845
41.4118
43.6657
43.1523
46.1747
46.4698
44.2415
40.8176
45.4311
42.6311
43.1823
46.4300
47.3957
47.6687
44.7420
47.7603
46.8479
45.8428
44.1682
48.5388
46.6111
45.5125
46.7616
44.0595
43.9280
43.1686
42.1575
42.1239
46.1523
45.7501
42.6180
48.5832
41.2043
47.2590
46.8159
50.1892
48.2189
42.0288
46.7733
43.6795
50.3405
43.8596
43.0164
44.5904
49.9185
46.3765
49.7850
48.6049
48.7497
48.3939
43.5010
43.8172
51.5381
44.9038
47.2379
47.2655
47.2300
44.1731
47.9962
54.9073
44.1060
49.0117
52.9688
44.8630
49.3072
51.0017
50.2655
49.5083
49.1275
46.0017
46.5007
51.3384
53.8046
50.1596
44.9499
47.7606
47.8137
47.0228
51.1947
49.6397
51.9841
51.0042
54.4501
53.6907
50.0097
50.6106
49.0031
52.2411
55.9924
50.8119
51.5047
50.6633
48.6129
47.4436
52.0762
48.2201
57.6031
45.9761
54.1274
49.1104
45.1983
51.7029
62.7752
52.3650
56.5415
49.3993
57.5131
47.2504
55.0748
54.0905
48.4341
53.0296
56.0603
50.9384
51.2173
55.2355
59.6763
51.2680
51.6351
52.8690
54.3701
56.0400
58.2844
53.9114
67.5636
53.5979
66.8053
57.8807
59.4844
