2.3815
3.1271
4.4310
6.0916
8.1599
7.4929
9.0513
6.5916
7.0030
6.1126
5.9307
6.8677
5.2176
7.2806
6.9452
5.3066
6.3139
6.5857
5.6287
4.4277
5.9312
3.6152
5.8636
5.0015
5.0310
4.9478
4.6417
4.3846
5.8192
5.9252
5.6053
4.6625
4.6987
5.6096
4.3603
4.5515
4.8939
4.1858
4.1786
5.0562
4.8088
4.3479
3.9781
3.9324
3.9711
5.9880
4.0262
4.2308
3.9923
3.8598
4.6141
4.4547
3.6741
4.0531
3.9327
4.1214
4.5493
3.3697
5.4348
3.9201
4.7644
4.5033
4.3115
4.4192
4.1128
5.0850
4.9550
5.1771
3.7099
4.2178
3.0540
3.7223
4.9288
4.1537
4.2207
2.7432
3.4548
3.7649
4.0898
4.1773
4.4542
3.6176
3.7593
2.9322
4.7009
5.2185
4.6311
5.0441
4.1480
3.6345
3.9619
4.4362
3.6345
3.9187
3.8840
3.2620
3.4067
3.8421
3.7041
3.0594
3.6791
4.2815
3.8487
4.2060
2.7946
3.6102
3.3826
3.5558
5.0699
4.0816
3.2526
3.7060
3.8685
3.4269
3.8381
4.3739
3.8037
4.4488
4.0599
2.8181
3.6884
2.4841
3.3517
3.1072
3.3629
3.4201
3.7226
3.3610
4.0967
4.0890
3.6989
4.5950
3.7741
4.4431
2.9585
3.1493
4.3163
3.5672
3.4394
3.7133
3.0721
3.2120
2.9016
3.2374
3.5061
3.9498
3.5750
3.3561
3.8535
4.0224
4.4680
4.9737
3.5610
2.8700
3.7630
3.6687
4.2332
3.0442
4.2114
3.4587
3.1035
4.4327
2.8512
3.3660
3.7725
3.7554
4.0677
3.1931
3.1468
3.6157
3.7199
2.5584
2.9351
4.6657
2.8462
3.9430
3.6669
4.4204
3.8170
3.7180
3.6482
3.8676
3.2005
4.7924
3.4615
3.3623
3.7373
3.4342
3.2735
3.0622
3.4764
2.5491
3.4060
4.0846
4.9879
3.5045
3.5856
2.9945
2.8377
4.2526
