20.5636
5.7942
4.9331
4.2531
4.3551
3.4181
3.6315
3.0991
4.5765
4.3631
3.1414
3.1845
2.6015
3.4778
2.5195
4.6910
3.6367
2.7375
2.7026
3.0458
2.6633
2.8251
3.8893
2.0975
2.9563
2.2193
2.3520
3.1184
2.1472
1.5071
2.4045
3.5012
1.3148
3.2489
2.7567
3.6293
4.0270
3.4877
1.4657
2.7030
3.4378
2.3996
1.4632
2.0997
2.2150
2.1956
1.8070
1.4900
2.6424
2.7983
2.6192
2.6577
1.1718
2.6486
2.9021
4.1425
2.7227
2.1236
5.4975
2.8525
2.3430
1.7754
3.0744
2.9534
2.2586
4.5464
1.6557
3.0196
2.3635
2.3164
1.9040
3.1602
1.0413
2.1794
1.7500
3.1039
2.1585
2.0755
2.7820
2.1446
3.6115
2.4097
2.2220
1.2926
2.4508
2.0416
3.5309
2.5185
3.3965
1.2769
1.9533
2.0111
2.7572
2.0339
1.9562
1.7173
3.2035
1.6106
2.1764
2.6777
2.0306
1.9245
3.0993
1.7282
1.7967
1.4644
2.2641
3.3836
1.5509
1.5079
3.2343
1.9921
2.4268
1.9801
2.7762
2.0299
2.7736
3.6005
2.1786
3.9724
3.0776
2.3601
2.4253
3.5430
2.6709
2.9508
1.4058
2.2941
3.2132
2.7744
1.4308
3.1650
2.0272
2.1094
2.7476
2.3609
1.7740
2.8436
1.6083
2.5383
2.3862
2.8008
2.0076
2.1962
1.8771
2.9296
2.0571
1.2783
1.5867
4.0161
2.4874
2.2891
2.6787
2.2332
2.4407
2.3088
1.4682
2.0096
3.7834
2.9099
1.3767
2.2393
2.7781
2.4231
1.7568
1.4513
1.4655
3.3402
1.7933
2.3159
3.5099
2.5895
1.2646
2.5330
2.5450
2.2280
2.4189
2.2032
2.5894
2.5177
3.0333
2.9517
2.1081
2.0366
2.2387
1.9978
1.5183
3.1704
2.2596
2.3510
2.3603
1.0804
3.0343
1.8018
1.3688
3.5914
1.9977
1.4915
2.0245
2.5829
