1.9186
3.2476
5.1658
7.1367
8.0490
7.8471
6.6553
7.8605
6.9766
5.9432
9.1101
6.6306
7.7883
7.5249
6.5268
6.2026
6.3726
5.7820
6.9972
6.2401
6.5940
5.4062
5.6582
5.2166
6.6305
6.0407
5.8623
7.1402
5.2114
5.0084
5.1030
4.2366
5.3148
6.1812
4.8775
7.6154
4.9075
5.4830
5.3642
7.2570
4.5855
5.6972
5.3137
6.7197
6.1440
4.7041
4.9857
6.0616
5.4435
5.6739
4.7179
5.5535
4.9973
5.1145
5.7077
4.3156
4.5789
4.0589
6.7377
5.0024
4.5935
4.1076
5.9864
4.5829
5.1769
6.1883
3.9795
6.2712
5.6101
4.9636
5.5079
5.6090
5.0515
5.8170
4.0542
4.3317
4.5936
4.8385
4.6441
4.6414
4.0962
3.9960
5.1283
4.1321
5.7236
5.2112
6.6760
4.1802
5.3097
3.4166
4.2977
4.5894
5.7685
5.5390
5.1113
5.3780
5.2348
5.2819
5.2982
5.0831
4.2823
5.4234
5.9847
4.9210
5.1618
4.3071
5.8423
4.2732
4.8406
4.1096
5.3088
3.7484
4.3006
3.5755
5.0297
4.3248
4.4722
5.9678
4.3224
4.1586
3.9827
4.4809
4.8444
5.3518
4.0802
4.6930
3.8078
3.6970
4.7874
4.3853
4.2646
4.5823
4.7728
4.7403
4.2979
4.2573
4.5527
3.4440
4.6483
4.3781
5.0115
6.4787
6.0069
4.5728
4.3326
3.2964
4.8522
3.7555
4.2449
3.9495
5.9066
4.0094
3.1639
4.1551
3.9845
4.7131
3.3888
5.7996
5.4566
5.0914
5.3865
4.3187
4.5033
4.4617
6.1336
4.3715
4.1648
3.2932
3.4747
3.6896
4.4548
4.2519
4.7339
3.1926
4.7264
4.5421
4.0765
5.3314
3.6162
5.7783
4.5753
4.5883
4.3191
5.9756
3.2213
4.2636
4.2036
3.6351
3.5051
4.5433
4.8063
4.8582
4.7539
5.5428
3.3983
5.5806
4.4970
5.0419
3.8646
3.5038
