10.2277
9.4374
9.8928
10.3298
9.1409
9.3674
9.3144
10.2121
10.1493
9.9027
9.3684
10.2467
9.3737
11.1226
9.4859
9.0971
10.1634
9.9667
10.0357
9.7912
9.9098
10.8670
9.3986
9.1351
11.4629
9.6016
9.8816
9.9184
10.9561
9.8783
9.8245
10.2836
9.5248
10.4031
10.1981
9.8562
10.5728
10.9761
9.5086
9.4901
10.2792
10.2314
9.4470
9.2288
9.5455
10.3383
10.6341
9.5036
9.5491
10.3120
9.9827
10.2636
9.3031
10.4947
10.2131
10.1402
10.4986
10.0932
10.7397
10.0002
9.6491
10.2455
10.5753
10.6173
10.8031
9.9941
9.6621
9.7274
9.4485
10.1046
9.5656
10.9601
9.7932
9.7489
9.8061
9.4779
9.2407
9.9070
10.6430
9.9471
9.9195
10.3435
9.9570
11.2010
9.5952
10.2803
10.0561
9.8513
10.1161
9.7851
9.7516
10.1138
9.3762
9.6675
9.7591
9.9187
10.7042
10.5218
10.3638
9.0613
9.2132
10.5319
9.8731
10.5135
9.3967
9.9897
10.0451
9.5511
9.9121
9.2914
10.3725
10.7042
9.6420
10.4918
10.3862
10.7659
9.7371
9.7122
10.7396
10.2527
9.3563
10.1478
9.1885
10.2462
10.1122
9.2337
10.3426
11.3555
11.0886
10.9379
9.1481
11.2652
10.5896
9.9920
9.8094
9.9227
9.7590
9.8361
10.0856
10.8956
10.7888
11.1226
9.9955
10.5617
9.2928
9.7051
9.2560
9.7684
9.5270
10.3251
10.4241
10.8722
9.2643
10.2061
8.6190
9.0735
9.3061
9.6998
10.7940
11.3070
10.1118
10.1029
9.2003
10.3837
9.2752
9.4392
10.4449
9.8721
10.4008
10.8466
9.9379
8.8004
10.1746
10.8016
10.0243
10.1075
9.1076
10.3895
10.5096
9.7579
9.1530
9.4992
10.4898
9.7339
10.6320
11.2764
11.3812
10.6543
9.4772
11.0311
8.8357
9.9380
9.9299
9.8227
9.6609
10.1170
10.3420
10.8170
11.1595
9.4596
