9.3973
10.1567
10.4003
9.2401
8.9086
8.0333
9.2656
8.4861
8.3066
8.8338
7.2697
8.0500
9.6064
8.6675
8.3335
8.7001
9.2445
9.4632
9.3147
8.3274
8.5069
9.1952
8.1741
8.1173
7.3425
7.4026
9.4346
7.4989
7.5437
8.7952
9.3304
8.0258
7.4109
8.3515
8.0550
7.6966
7.5052
7.6768
7.8288
8.3429
7.0814
8.2446
8.3201
7.1576
8.8333
7.7813
8.0123
8.1554
8.2709
8.4494
7.3624
8.4382
8.1288
9.1397
7.3139
8.9396
7.3181
8.5496
8.7804
9.9377
7.9591
6.8759
7.4285
8.2407
10.2843
7.8191
8.6183
7.6222
8.3788
7.3376
8.0736
8.5979
8.0499
6.8397
7.7697
7.4973
9.0252
8.4503
9.1904
8.7011
7.1401
8.3021
8.1724
9.6743
8.4345
9.8677
7.4136
7.2480
9.0838
6.1166
9.0810
9.8468
8.1339
10.5888
8.5798
8.3950
8.5892
7.6707
9.2219
7.6649
8.9232
7.9722
8.1179
8.9596
8.6512
8.4139
7.6660
6.7238
8.1982
8.7820
8.3570
7.4722
7.8386
8.6854
8.3669
9.7706
8.6013
8.4965
7.7975
7.8816
7.2249
8.5500
8.0092
7.9141
8.3577
7.6660
9.0400
8.7444
8.7037
8.9609
8.2159
9.0533
9.3921
7.2637
7.5802
7.8693
9.0614
8.8491
8.3251
7.5487
7.9223
8.1446
7.9009
9.1166
8.7799
7.0147
9.7866
8.8097
8.6096
7.7130
8.7341
7.3438
7.9822
6.9462
9.3229
8.7681
7.2527
8.5366
7.6811
9.4557
8.9806
7.6349
8.4169
8.7772
8.5189
8.5708
8.3607
7.1597
8.8822
7.6905
7.8482
7.9376
8.0060
7.2588
8.8007
6.9865
7.9366
7.9163
8.1422
8.7296
7.2509
8.6505
7.7381
6.3491
7.0237
9.2542
7.4519
7.4010
6.5261
8.5563
7.2181
9.0399
8.6631
7.8094
7.2648
8.5331
9.8611
8.9760
8.4460
8.5354
