1.3880
1.7800
2.4223
4.4955
5.4639
4.6635
6.1259
5.1609
3.3457
3.2416
3.0855
2.9226
4.0257
3.9999
2.9880
3.6078
2.3630
4.0718
2.8622
2.6370
2.4519
2.7915
3.0165
4.1647
2.4957
3.1762
2.5828
2.9719
2.0571
3.3642
3.4592
2.7032
2.7563
3.4784
2.7409
2.0920
2.1927
2.2685
2.7206
2.9914
2.4517
3.0664
1.8192
2.8298
2.5111
2.4975
1.9763
2.1792
1.5212
3.2064
1.8462
2.5237
2.2528
2.4254
2.1837
2.0651
1.5573
2.1592
2.1700
2.3470
1.9326
3.0558
1.7750
3.0286
2.1899
2.4301
2.4098
3.0603
2.3901
1.6643
2.7124
2.4530
2.0826
3.0738
2.4763
2.6996
2.5793
1.7832
2.3496
2.0980
2.6328
2.6194
2.9262
2.1340
3.2422
1.8920
1.8074
2.2870
1.5038
1.8087
1.8955
2.3587
1.7932
1.8888
2.2406
2.1249
2.3824
1.4528
2.0812
2.3208
1.8893
2.7068
2.5729
2.1851
1.6167
2.8688
1.7933
2.7370
3.7037
2.9618
1.5713
2.1178
1.3656
1.9608
2.7395
1.9968
2.7325
2.4900
1.9119
2.0619
1.6196
2.6508
2.5747
2.5800
2.6621
2.1367
2.2784
2.4542
1.6482
1.5487
1.9688
1.9059
2.3132
3.2706
1.3859
2.7494
2.7064
2.9770
1.9186
1.6794
1.4477
1.8866
1.8499
2.4908
2.3181
2.8223
1.6516
1.8714
2.5171
1.8610
2.4490
1.5218
2.3162
1.7208
1.8064
2.3973
2.1046
2.6454
1.8752
2.1961
2.1335
1.5911
2.1961
2.0337
1.9767
1.7811
1.8214
2.3761
3.1494
2.1910
1.9219
2.5603
1.1178
2.0038
2.3384
1.9284
1.7831
2.0498
2.0908
2.4864
1.9039
1.4744
2.1160
2.7879
2.0937
2.4478
2.2617
1.8197
1.7553
2.7145
2.4785
2.1775
1.9589
2.5987
1.3792
2.2540
2.2501
1.6699
2.5911
1.5584
