1.7908
2.2660
4.1977
5.4543
7.8739
9.0605
10.1698
11.7488
11.8569
10.6071
11.8090
12.8171
12.5276
13.2898
11.4358
10.9710
12.7581
12.8671
13.5507
12.7748
13.0483
13.0099
13.4261
13.6159
14.5765
11.9930
13.8325
11.7765
12.4918
12.8610
12.0714
12.4119
12.8530
13.0452
12.7282
12.2442
12.3237
12.9248
13.1824
14.0196
11.6429
12.4580
12.8271
13.2346
12.5702
10.9934
13.1564
12.5839
12.2284
13.1423
13.8566
12.1193
12.1518
11.9842
12.6073
11.3220
12.8178
12.1093
11.4163
13.3190
13.8268
12.4467
12.6607
13.7982
12.1656
13.3815
11.3244
12.3230
12.4930
13.4835
13.0747
12.5331
13.1174
12.8580
11.2681
12.0526
12.2710
12.2149
12.6117
13.4003
12.9502
12.8008
11.6097
11.5141
12.0224
12.9267
12.6987
12.7310
11.8781
11.1842
11.9299
12.8700
11.5117
12.0988
14.1652
13.1131
12.9411
13.0832
12.3546
12.3471
12.2030
11.7863
12.1545
13.2297
12.6149
13.6166
13.2265
12.1068
13.4590
12.8963
12.5769
12.9655
12.1859
12.8208
12.5196
11.8735
11.8037
11.2840
12.7667
12.2227
11.8092
13.1363
12.6944
13.1267
13.1899
12.2269
13.1235
12.3066
11.8637
11.5927
12.2261
13.6802
12.1599
13.2723
12.5751
12.4314
12.4075
12.3869
12.0408
12.6148
12.3245
12.4605
12.4012
11.4756
13.0973
13.5186
12.4888
13.3918
11.5999
13.6214
13.3453
13.0906
15.3390
12.7081
12.2168
12.7703
12.5675
12.5864
12.6834
13.5146
12.9403
13.7191
12.1055
12.4078
13.6600
12.2712
12.2670
12.9227
12.9148
13.0033
12.6287
14.0032
11.8983
12.6755
11.2200
14.4174
10.9217
13.3616
13.5837
12.0091
13.3059
12.8414
11.7142
13.2226
12.2700
11.8376
11.6693
12.2158
12.7411
12.4147
12.7917
12.5750
11.7553
12.0110
12.9251
13.6527
12.8313
11.5107
13.4016
13.1050
