1.8597
2.5997
3.9938
5.1406
5.7617
5.3291
5.8560
4.9394
5.3711
5.2616
4.2563
5.5276
5.5253
4.3218
5.0979
5.5104
3.8763
4.2346
4.1086
5.4758
3.5508
4.1934
3.0500
4.2202
4.7198
4.4134
2.9772
3.9138
4.0939
3.7704
4.0294
3.9614
3.8333
3.6168
3.9718
3.6820
3.9575
4.3525
4.2704
4.8939
3.5183
3.9413
3.0119
3.7062
4.9658
4.5981
3.9255
3.5748
3.6810
4.6290
4.2511
4.2725
4.0937
3.5868
4.3345
3.5349
4.2383
4.4097
4.2632
3.8553
3.5505
3.1230
5.3074
3.4978
4.2321
3.2607
3.7492
2.6939
2.7743
2.5266
3.0913
2.8721
4.0138
4.7244
4.7336
3.3670
3.1520
5.1756
3.3598
4.8340
2.8711
4.1745
3.8184
3.5117
4.2179
3.5392
3.1750
4.5095
3.5720
3.1117
2.6332
3.1910
4.9372
4.3907
3.7243
3.6754
4.1458
3.1877
4.4541
3.9753
4.1656
3.2938
3.6088
2.9002
4.0417
3.3670
3.7625
4.0983
3.0302
2.6884
3.4754
4.5694
2.9041
2.9300
3.5253
2.9416
3.2046
3.3954
3.9038
4.5207
3.7545
3.2986
3.0330
3.7128
3.2976
3.7089
3.4789
3.8260
3.4670
3.7090
2.6390
3.5340
3.2277
2.3997
2.4331
3.3241
3.0936
3.3299
3.5396
3.2231
3.2667
2.8097
3.9453
3.0720
3.0695
2.9028
4.5217
2.2854
3.8530
3.1161
3.3366
2.7269
2.7160
4.3169
2.5719
3.4012
2.3054
3.9310
3.2327
4.0773
3.3594
2.7870
3.1927
3.4660
3.5940
3.0501
2.9246
2.8320
3.5420
3.1628
2.6121
3.3797
3.2539
3.1823
4.0140
3.2115
2.1063
4.2936
4.0973
4.0468
2.9660
2.9420
3.7654
3.6991
2.6984
2.9731
3.5155
4.0694
3.2856
2.7961
3.4368
3.4213
2.8710
4.1542
3.3147
2.8584
2.9305
4.0276
3.9050
3.0778
