11.6287
8.0192
6.7907
6.5879
6.5143
6.4899
5.4501
6.7514
6.2865
5.7502
6.5037
6.3899
6.9190
7.8213
6.2787
7.6017
5.6322
7.5500
6.5886
6.0973
7.8694
7.2322
5.7752
7.2992
6.2366
7.2419
6.2532
6.5270
7.8332
7.1284
6.0880
6.3129
6.4200
6.3482
6.4591
5.6853
6.4745
6.1844
5.7429
6.2903
6.6589
5.8790
5.6112
6.0674
5.8929
7.0401
5.7781
6.9531
6.4955
5.3897
7.4705
6.2728
5.9306
5.7661
6.1284
5.9327
6.6002
6.8205
6.7735
5.0257
7.1483
6.9862
6.4159
7.4934
5.9608
6.9339
5.7500
6.5482
8.0769
6.9194
6.2538
6.6944
6.9750
7.1289
6.4984
6.7509
6.9427
6.5335
6.7285
7.1795
6.4772
6.1027
7.9442
8.4260
7.5142
6.1281
6.1718
6.6706
6.9229
5.4030
5.6986
7.2601
6.6705
7.2214
7.0470
6.5626
5.6429
6.9217
7.8836
6.4178
7.2470
6.3853
6.6046
6.8494
6.6152
6.0353
6.0620
5.8387
5.4761
6.1280
6.9347
7.1314
6.3344
5.7664
5.9712
8.3367
6.3460
6.7414
7.7112
5.7527
7.3851
7.2219
5.5834
6.0274
6.4990
7.5780
7.0109
6.8479
6.1427
6.8633
7.8321
6.8595
6.7249
6.9949
6.3099
6.1104
7.5524
6.5120
7.3841
5.2896
6.1057
6.0277
8.3151
6.8458
6.8731
7.7475
9.1365
7.0099
6.8163
6.3144
6.3529
6.1498
5.8623
5.4621
6.9180
5.8650
5.5937
6.4545
5.6727
7.8903
5.0666
5.4523
6.1253
6.2270
5.1202
7.2072
7.1796
6.0402
5.6851
7.6225
7.3257
6.5804
5.7882
7.0705
6.4708
6.1554
5.9847
6.8709
6.3486
5.2469
5.8513
6.4732
5.8955
6.9607
7.0392
8.6390
5.3372
5.7970
6.1355
7.8056
6.0472
6.2030
5.7507
6.2221
6.2003
5.6238
5.9343
7.7575
5.9397
6.8266
