3.1784
5.7119
9.0700
11.1326
12.5111
12.7182
12.1097
14.1073
13.3478
13.0033
14.3412
12.6907
12.9214
12.7086
14.2433
12.5455
12.5731
12.4241
12.8832
11.8249
13.4121
13.5015
11.3172
12.4388
11.9827
13.5528
11.7037
12.0536
11.2739
11.3482
13.4101
12.6824
12.4774
12.3950
12.4806
11.9753
11.9738
11.9065
11.9625
11.6433
12.4056
11.6075
11.0171
12.5483
11.3767
10.9812
10.9103
12.4995
10.5914
10.7529
11.9933
10.8607
12.8810
10.5842
9.7243
13.0907
9.8137
11.7642
12.3471
12.4762
11.0290
12.8881
11.2171
10.7420
12.2102
12.2072
11.1428
11.4828
11.0514
10.5641
9.4953
12.9933
10.0490
10.1414
12.2800
9.5125
10.7885
10.5533
10.3322
12.1006
10.7302
9.7527
10.8411
12.5880
9.7969
9.5714
12.6016
11.6564
10.3373
11.3666
11.6592
10.4910
10.9014
11.9138
10.5196
11.3433
11.5334
12.2297
10.6489
9.3304
10.9075
11.9398
10.6819
10.3896
9.7790
8.9810
11.4954
10.5370
9.6599
9.9914
9.2441
9.8763
10.7215
10.5668
10.5547
10.5439
11.5891
9.9224
10.5196
10.7089
10.5060
10.3383
10.0308
9.7651
10.5032
10.5543
9.7292
10.9817
9.4495
11.9413
10.0843
9.6846
10.5803
9.8123
9.2980
10.4455
10.5488
9.5948
10.8107
10.2013
10.4269
11.1750
9.5909
9.5176
10.7553
10.1979
8.9581
10.5377
9.7431
9.1731
11.1349
10.5477
9.6885
9.4079
9.1377
10.1366
8.9479
10.6840
9.7281
9.0674
10.4416
9.8674
9.2736
9.9659
9.9399
10.8733
10.3026
9.8545
11.0683
8.8841
9.1175
10.1297
11.7734
9.4368
9.5868
9.4119
9.9406
9.2788
10.1707
9.8341
10.3069
7.7188
9.9614
10.2150
9.2581
10.0073
11.0331
9.7657
10.3320
10.7240
9.7090
10.3054
8.5671
10.6092
11.0786
11.1225
10.0949
10.6392
12.0236
9.2321
