21.8306
16.3850
15.6662
15.6341
9.7706
10.5019
12.5967
12.4652
11.4223
11.6821
11.5077
14.6755
13.4594
13.0315
12.8739
13.5188
13.1259
11.5311
13.0053
11.0539
13.6526
14.2838
13.6208
16.1462
13.4241
11.2720
13.0200
13.3132
12.6834
11.3257
13.5393
13.6391
12.5354
13.8377
14.4210
11.2587
13.8178
13.4237
14.2861
12.5975
14.1929
13.0481
13.0028
12.8313
12.1297
13.2267
13.8400
13.3220
14.2938
11.2882
12.8682
14.6734
13.4674
14.3390
11.2253
12.1715
9.8906
15.3582
12.4316
14.8724
13.9388
11.1606
10.7602
13.8542
15.4582
15.1004
11.0173
14.6108
13.3656
13.6619
14.5842
13.3921
14.0673
13.6821
12.6022
12.1675
14.5804
14.8474
13.3919
13.7580
11.5632
11.5278
14.3653
11.9686
12.5387
13.8475
13.2057
13.8162
11.9039
12.1720
11.8547
13.2421
13.2380
14.2767
15.2213
12.6776
12.1446
14.5369
10.1264
14.6977
15.6441
15.5217
11.0396
14.0104
12.5850
11.8099
13.1322
14.0274
11.8227
13.9117
12.1727
13.5323
12.7998
12.3091
13.8569
12.8572
12.3119
14.3471
12.6379
13.5944
11.7822
10.9003
10.9657
14.5898
10.5264
12.5538
12.6291
12.9126
12.9151
12.8819
12.7363
12.8209
12.3959
12.7428
14.3081
13.0776
14.2433
14.9422
11.4209
13.1240
13.3687
14.2965
13.0880
12.7246
13.2949
14.3508
13.6116
12.0321
13.1751
12.6662
12.1461
10.6811
11.3518
14.7914
15.2326
10.9742
13.1893
12.0208
13.5706
13.4885
15.3206
11.9270
12.2790
13.7113
15.6974
13.5163
14.7752
14.8633
13.4670
12.5955
12.8283
14.0716
13.4844
12.8317
13.5834
12.1480
13.9966
13.7899
12.5668
14.9157
14.0367
13.8682
15.1874
14.7845
11.1214
13.5221
12.6032
16.0168
14.5571
13.0802
13.2649
11.8837
12.9801
14.0726
14.2529
12.5699
13.1714
10.6457
11.8154
12.9194
