2.1730
4.4260
7.0553
8.9349
10.4073
10.4948
10.7127
9.6715
11.7343
10.9412
9.4504
11.9328
11.6580
9.5151
10.9668
11.3606
9.2519
10.5448
9.6662
10.2029
10.5126
10.8647
11.5880
9.6430
11.7636
10.2211
9.0292
9.2954
8.5008
9.4888
8.9143
8.9421
11.2498
8.9074
9.7558
9.8072
9.4491
10.7909
9.4806
10.4692
9.9456
9.4793
9.9835
9.0223
9.0053
9.4786
10.2724
10.1787
9.6213
10.5634
9.2760
10.1716
10.4285
10.3281
9.3413
8.1633
9.3860
9.2479
11.3233
9.1126
10.1866
10.0696
10.1255
9.2870
7.9693
9.2931
9.2837
8.4148
9.4150
9.7658
9.5622
8.2678
11.3078
9.7122
9.5015
8.4953
9.5122
8.5089
8.7726
8.8549
8.6574
8.1197
9.7915
10.0148
9.4410
10.4303
8.6359
7.8209
9.3280
8.9639
10.1162
8.6514
8.5295
8.2787
9.3803
10.9047
8.2561
9.2148
9.1850
7.9891
8.7412
9.9137
9.1801
10.0394
8.7358
8.4287
8.4539
9.3156
8.5939
9.3146
7.7075
8.3879
8.7439
9.0835
8.8817
8.8192
8.4281
9.3889
8.6355
8.4279
8.1361
8.7151
8.1503
7.9299
8.6155
8.6894
9.3102
9.4057
8.9121
10.0445
8.5128
9.2627
9.2716
8.5646
8.4393
8.4050
8.8325
7.6943
9.2720
8.6843
8.5805
8.6635
7.9390
7.9482
7.7894
8.7269
8.2339
7.9599
7.8632
7.5556
9.3727
8.9503
8.2027
8.8837
8.7725
8.4586
9.7156
7.5775
9.3571
7.7964
8.0714
8.3453
8.8008
8.5333
8.5462
8.1891
8.7705
7.1602
7.8266
8.8739
9.3241
9.5698
7.4756
8.2288
7.3010
8.8933
8.6818
8.8734
9.3847
8.8030
8.9640
9.1102
8.5097
9.3665
9.0299
9.0810
7.2563
7.4362
9.0878
9.4944
8.5424
8.3794
8.1626
7.8203
7.7987
7.4866
8.0746
9.2738
8.1000
8.4717
