2.2349
3.7243
6.0072
8.1747
7.2387
8.9881
12.5044
12.8255
12.7253
10.8228
11.1820
12.4682
10.3441
12.7382
12.8781
12.4264
15.5750
14.7191
16.1211
12.4006
12.1252
15.4747
14.9948
12.3372
16.8076
14.2378
15.8240
12.2975
14.0175
12.6285
12.8487
14.0138
12.6405
14.5354
12.2679
17.0519
13.7842
11.7261
14.4872
15.1048
15.5518
15.0098
18.6356
13.2247
12.8298
14.9572
13.4871
13.1063
13.7968
14.3999
13.9124
12.7205
14.9643
14.8891
18.6175
13.6993
14.4824
13.9140
16.6997
14.0968
16.2378
14.1182
13.8170
15.8956
15.2233
14.3215
13.2753
13.1145
16.5964
15.1862
13.7101
13.7936
13.4856
16.3697
15.9222
16.0270
15.1174
12.5081
20.5016
12.5663
18.2924
16.2716
16.9347
14.9110
14.1772
16.2134
15.9264
17.6963
14.5989
15.0026
15.5252
15.5126
16.2787
13.3387
15.4872
13.7360
12.7995
13.4757
16.5004
19.3323
18.2323
16.5810
16.7768
16.1986
15.1636
16.1763
16.6509
18.8945
17.4206
18.2774
14.3832
15.0203
14.5227
13.8650
14.5108
16.2326
15.5150
16.0933
17.4620
17.3254
19.7306
20.9028
15.3679
16.1688
15.3195
17.1035
18.9328
15.6371
17.1690
18.7063
17.0309
16.6410
17.9167
17.6130
17.9725
17.9189
15.1273
16.4723
16.8618
14.9415
16.4250
14.9867
14.8263
17.4772
17.1467
17.1960
18.2819
17.0994
15.9238
14.3944
20.3690
17.4463
19.5952
15.9114
16.7830
18.3544
15.5718
16.7247
20.7777
17.2643
17.5559
16.7605
17.2901
15.1713
17.1363
16.4854
19.7711
15.7486
17.6094
14.9536
16.7486
21.6700
15.6821
23.3418
17.3607
23.1533
21.5976
17.1872
16.1130
21.0667
22.5055
19.4537
23.7317
19.9534
22.0337
20.6723
18.1380
17.0479
16.4553
16.5692
22.0041
22.5938
15.2986
21.8728
19.5761
19.0033
19.1940
15.3367
17.2218
21.0461
