2.2575
4.5800
4.0721
4.1290
3.4586
3.0781
3.2478
2.5345
2.9814
2.6027
3.1902
3.1105
3.4532
2.5488
4.1069
2.7012
3.4471
3.5564
3.1345
2.5044
2.4497
1.9279
2.3531
2.2846
2.3098
2.7605
2.8434
3.9716
2.6923
3.1252
2.5392
3.5371
3.2813
2.4613
2.7068
2.6274
3.6011
2.4253
2.3389
1.7835
3.0309
1.5597
1.6833
2.2008
2.3608
2.2802
3.1129
1.6959
2.3195
3.1679
1.9593
2.4969
2.7896
1.4032
3.6491
1.5226
2.4606
2.6078
2.6797
1.8536
2.1910
2.7749
1.6011
2.3785
2.1789
2.6578
1.9565
1.3322
2.4982
1.5269
1.9266
1.6242
1.9504
2.0278
1.5952
2.0481
2.8654
1.7604
2.5252
1.7358
3.0802
2.3959
2.8578
1.6745
2.4848
2.1880
3.0926
2.0379
3.0408
1.6307
4.0331
2.8548
2.4750
2.6527
1.3369
1.2461
1.3656
2.4010
1.7137
1.2155
2.3542
2.3192
1.3253
1.7693
2.2845
1.6547
2.5855
2.4559
2.1047
1.5404
2.0063
2.3058
3.1076
2.0353
1.4059
3.1815
1.5411
1.0892
2.3513
3.7525
2.3770
1.8428
2.4687
2.6671
1.9307
2.5910
1.6464
2.9708
1.9964
2.0731
2.1675
2.0399
2.3292
2.5647
1.4683
1.5089
2.3115
1.4309
1.5429
1.8704
2.0411
1.6715
1.2330
1.5388
1.6085
1.5045
2.1149
2.7051
1.7973
1.4960
1.5293
2.1799
1.8837
2.9848
1.5502
2.7149
2.0396
2.6767
3.5369
1.6169
2.9405
2.0382
1.4061
2.2696
1.2167
1.4863
4.3933
3.7144
1.9529
2.2425
1.5212
2.6558
1.3252
1.2266
1.5015
1.6936
1.5940
2.4626
1.6289
2.6103
1.8818
1.9206
2.1929
2.1532
2.2012
1.5498
1.3133
1.5259
2.1797
1.4800
1.8500
1.4176
3.6456
2.9835
1.0930
1.5882
2.8903
1.6072
1.5867
1.7940
