3.0443
4.4044
7.8049
11.1872
12.5116
12.8806
11.7651
14.2796
13.6713
11.7618
13.9437
15.1008
13.0198
14.4375
13.7737
13.1403
15.0256
12.5446
13.2922
12.5773
14.1999
14.2592
12.7059
13.4084
13.1812
14.0714
11.8063
12.4406
12.5571
13.4139
12.9616
12.4140
14.6071
11.4970
13.0504
12.3708
12.6378
11.0262
13.1608
12.2421
11.2495
12.8604
12.9500
11.5058
13.0942
13.6487
12.6650
13.2557
12.2869
12.7463
12.4575
12.0200
12.1585
12.2984
12.7888
12.0308
12.1805
13.1280
11.8706
13.6782
12.2934
13.0887
12.1144
14.0316
12.7145
10.8468
12.9594
12.3971
13.5579
11.5610
12.8457
11.1541
11.6750
13.3190
11.0025
11.1363
12.6968
12.0033
12.1158
12.4337
11.6753
11.0134
12.3313
11.0544
10.7842
11.4671
11.7999
10.8334
10.8521
10.5984
12.2435
12.4095
13.2085
10.8160
10.2740
12.1247
12.3453
12.7618
11.3354
11.0057
11.6261
10.7251
11.5369
11.9106
12.5999
13.6230
12.8291
14.6799
11.6487
13.2712
10.3255
10.0431
10.4236
11.5916
10.8758
11.2393
11.7448
12.6322
11.6556
12.2176
11.6018
10.4623
13.9144
12.3905
11.2890
11.9840
9.9670
12.9239
12.7770
11.0170
11.3139
10.4968
11.5338
11.9955
13.0159
11.8488
12.6708
10.8469
12.2931
10.8437
13.1901
11.9601
11.1715
11.9937
11.6646
11.2635
11.3709
9.4964
10.9362
12.6850
11.0880
11.0733
12.0373
10.9354
10.1030
10.7577
12.1195
11.2276
11.5516
10.5283
12.1154
13.0026
12.7041
11.2350
12.2155
12.0929
11.1074
12.2686
10.3124
12.5818
11.5897
12.9454
11.1839
10.2624
11.5337
11.1380
12.7319
10.7088
9.5962
12.6054
10.1783
11.2107
13.5934
10.7728
10.0799
12.6347
11.4158
10.9260
11.4039
12.2005
12.6820
10.3417
11.7429
11.5303
11.5615
12.5431
10.4210
12.1910
11.5336
11.8931
