5.0815
5.7589
7.1014
9.1380
11.5233
9.2621
11.7893
13.2805
11.9108
11.7634
13.2969
12.2225
12.7885
13.2654
12.5808
13.4938
13.2040
13.9364
13.5006
14.8872
14.4013
16.6805
12.0912
12.0195
18.9897
13.6224
14.6289
15.7493
17.0511
15.9099
14.1522
13.0518
17.2708
15.5647
14.6334
13.5806
16.0847
17.4181
16.6521
15.7344
17.1823
13.5811
15.7404
14.7501
14.2081
17.6532
14.8081
18.3286
16.4679
15.0840
17.0382
17.3083
17.6001
17.4793
15.8515
19.2909
17.6978
19.9730
15.3281
17.4507
17.5936
18.5755
17.6434
17.3353
18.1227
19.4067
20.7738
17.8988
20.5217
18.6117
21.2887
23.8923
20.9407
19.4613
18.4795
24.4069
16.9468
20.6248
19.5811
21.5624
20.5646
19.1495
22.7871
23.3350
18.6722
20.9047
18.4103
24.3328
21.3752
21.7875
18.9502
18.6586
24.3041
23.7721
18.7897
20.7797
22.1725
23.3342
21.3141
25.9225
21.4528
18.3168
21.2156
20.2284
24.7561
28.2864
19.2663
19.9649
20.1604
21.6913
20.3157
21.6765
24.0859
19.4345
21.1570
20.8497
22.8624
19.8119
25.4237
24.3382
22.6737
21.4202
20.1971
21.6571
20.4583
23.8017
23.3114
19.6643
21.9471
21.3236
23.8250
26.6125
18.7162
20.3387
21.9505
27.7592
20.8612
21.7279
22.2202
23.1316
27.3325
24.0657
24.4113
24.4598
20.3794
24.2387
23.5547
23.2746
21.8911
24.6093
22.1395
20.8935
21.2034
20.2729
22.7248
25.7319
22.8688
18.1796
21.2434
28.6632
22.2294
26.3342
23.4780
23.5982
25.4477
21.2661
20.1561
22.1161
24.8433
24.0709
17.3998
26.8236
22.4550
24.2901
24.4005
21.9010
21.7889
25.9781
21.4316
22.9603
25.6685
23.0664
26.0131
29.8263
21.9173
24.1219
25.3199
23.8482
24.7560
24.6683
19.0862
21.0934
20.1969
19.2266
21.8990
20.4005
23.7716
21.5163
22.4657
22.9972
