2.6354
4.5734
7.1069
6.1031
6.8015
5.8742
4.8472
5.5491
5.5732
4.6060
6.2826
3.8917
4.3783
3.1806
4.5476
3.7556
3.5488
3.4895
3.3009
3.5684
2.8274
3.3755
3.4012
2.7773
5.2599
3.2376
4.1221
2.2738
3.7235
3.2129
5.4275
4.3107
3.8634
2.8058
3.1458
3.3885
2.3949
2.5850
2.1159
3.8852
2.9531
3.5427
2.1851
4.6671
4.3053
2.6716
2.2624
2.5413
3.5427
3.5567
2.3795
4.2926
3.5235
4.2256
3.2088
3.0474
2.5694
2.2285
2.4969
2.7342
2.2716
2.0040
3.4008
3.2036
1.1103
3.8504
5.1493
2.8471
3.7358
3.9437
2.3132
1.8132
1.2825
2.4946
2.5848
3.4019
4.3153
3.5299
3.3429
2.6688
2.2084
2.7574
4.2731
4.0803
1.3837
2.2700
3.3845
2.8963
1.7914
2.1634
2.0770
2.6747
1.6522
1.8257
2.6952
4.2282
2.8744
6.3551
4.3187
2.0976
2.4535
3.1789
2.2306
3.3365
2.3342
3.3691
2.6228
3.8420
1.8709
2.0149
1.8795
2.4648
2.1542
2.3218
2.3435
3.5403
1.9193
3.2231
2.9122
4.1893
1.4668
2.0879
1.8275
4.2631
1.4803
3.1779
2.0759
3.5920
1.3992
2.2704
1.7804
2.2709
3.1757
2.9726
3.3089
2.2438
1.9427
1.7351
1.5628
2.1026
1.6439
3.3864
2.9417
2.5189
1.1063
1.6740
2.3244
3.0115
2.3345
2.4492
2.0409
2.2273
1.9446
1.9544
1.4129
1.9610
1.7752
2.1511
1.4276
3.2782
2.3065
1.8186
1.7546
3.2140
1.9472
2.7496
1.4750
3.2984
2.9488
3.6972
3.6028
2.0952
1.3747
2.9649
1.6171
1.6441
3.0662
4.9772
1.4761
1.4616
2.1598
2.7853
1.7156
1.8689
2.1727
2.4503
2.7221
3.2761
2.1194
1.2738
1.7981
2.4909
1.3627
1.3754
2.2358
1.4203
1.6886
1.4344
1.6964
2.6862
