2.7252
4.0724
7.9951
6.5848
8.9862
8.1456
8.6066
8.0914
7.4651
7.6554
6.8319
6.4662
6.7427
6.0668
6.5327
6.2046
6.3086
5.9466
5.7069
6.3268
5.5501
5.8466
5.6448
6.0338
5.6188
5.5500
6.0732
5.2065
6.2611
5.8897
4.8380
5.8379
5.1801
5.5161
6.1744
5.5564
5.7499
5.9963
5.5674
5.6664
5.7644
6.1988
5.6003
5.3438
5.9573
5.8902
5.7659
5.1187
5.9854
5.9462
5.3838
6.4175
6.2734
5.4799
5.9233
6.2465
5.4652
6.2379
5.5369
5.4761
6.3714
5.1889
5.5013
6.3667
5.6639
6.2219
6.6175
5.4214
6.0188
8.0017
5.8536
6.3303
5.9086
5.6556
5.2842
5.6089
6.2119
5.7549
5.5262
5.7110
7.1636
5.1734
5.3443
5.3928
6.4086
5.7571
4.7779
5.2423
4.9759
5.1791
5.4267
4.2773
3.9831
4.5354
4.1307
4.0550
3.2388
3.5841
3.4909
3.1200
3.4399
2.9794
3.6078
3.5964
3.5859
2.3761
3.5402
3.4161
2.7844
3.3030
3.1215
3.8354
2.9285
3.5800
3.3391
2.9636
2.4541
2.8982
2.8578
2.9361
3.1836
3.0661
2.8105
3.6879
3.3952
4.4905
2.6687
2.8410
2.8289
2.9462
2.6927
4.6725
3.8435
2.9126
2.8791
2.3652
2.9452
4.1263
3.3065
3.3095
2.9810
3.4977
3.5631
3.5542
3.1326
2.6700
3.2268
3.2330
3.8923
3.7540
2.8776
2.7457
3.1694
3.5924
3.3230
3.4079
3.0508
2.6799
3.0819
3.2430
2.4198
3.0551
3.1090
2.9809
2.8635
3.0615
3.1017
3.2551
3.1874
3.5012
3.1169
2.7251
4.0188
2.9558
2.8681
2.4476
2.9810
2.5090
2.7454
2.8424
3.2943
3.1228
3.0426
2.9750
3.6312
3.2922
3.3866
3.0507
3.4169
2.9926
2.6748
2.7349
3.1314
3.7959
2.5831
3.0089
2.9167
2.6796
2.3618
2.9446
