2.7252
3.2574
5.8549
5.8954
7.0683
6.8884
5.9558
5.2500
8.2982
5.9545
5.2899
4.8663
5.0611
4.4154
6.2166
5.4269
4.6218
4.3100
4.5050
4.8901
5.6530
5.7917
4.6632
4.7171
5.3997
5.4139
3.2801
3.8499
4.0683
4.4796
4.6496
5.0267
5.3731
4.4353
4.4440
4.5325
4.8305
4.7467
4.2821
3.5021
2.9010
4.7211
5.1126
5.0344
4.3251
3.3569
4.2665
5.8412
3.7768
4.7823
3.7161
4.3411
4.3162
3.4415
4.1626
4.2747
3.2312
4.3742
3.7967
4.2655
3.8061
3.7268
3.5022
4.9609
4.9289
3.9247
3.3406
4.8845
6.1467
5.2173
5.2502
3.0466
4.0117
3.0340
4.1173
3.9386
4.0548
3.4354
4.6181
3.8820
5.8811
3.6947
4.0765
3.5807
4.1520
4.5620
3.2336
3.9350
3.2470
3.8959
3.7231
4.7488
3.2678
3.3616
3.6479
3.3259
2.8017
3.6141
3.0278
3.8701
4.4881
3.0112
3.9583
4.5991
3.6701
2.9655
3.1826
3.6798
3.9349
3.6243
3.6711
5.0830
4.1742
3.9792
3.4894
3.0678
2.6765
3.5174
2.9585
3.4775
3.5101
3.1802
3.7583
4.0451
3.9046
5.5770
2.9014
3.4341
2.7857
3.1446
3.0914
5.3714
5.8541
2.9154
3.0431
2.9882
3.1620
3.5818
3.4796
4.2219
3.1162
3.9688
3.7027
3.6584
3.4934
3.5599
3.1923
3.4814
4.0836
4.4905
3.3747
3.5513
3.8403
3.5508
3.7939
4.8474
3.3959
3.2254
3.8423
3.7544
3.1908
3.8937
3.6388
3.8414
3.3965
3.3307
3.4205
3.0913
4.1780
3.8220
3.2048
3.3928
4.1657
3.1234
2.7817
2.2445
3.5522
3.8352
3.3615
3.7809
3.1985
4.6387
3.8261
3.3255
3.4114
4.4161
3.8717
3.0443
3.5317
4.0460
2.8865
2.9989
2.8267
4.5876
2.7057
3.6545
3.6461
3.8239
2.7135
3.4245
