5.7755
6.4345
11.8970
13.5743
16.2105
18.7968
18.1682
19.3472
20.2829
21.1999
21.3637
21.8661
23.6785
23.3341
22.3936
26.5316
22.7545
26.5142
26.0879
28.7208
27.8430
29.3837
29.2653
28.7330
28.6308
29.6855
31.2121
29.6835
31.8765
33.9089
29.5921
28.6236
34.2244
31.6759
33.5312
35.3953
34.6061
34.1791
34.0399
31.2193
36.7754
34.4084
35.5579
37.5105
38.1607
37.4976
36.1780
36.7771
36.7698
34.9651
34.9523
38.9722
34.2377
34.7591
34.5720
38.5934
34.5294
41.3192
37.5350
37.7331
39.7889
38.6719
39.5155
37.5938
39.9755
36.8165
35.1911
41.3678
38.9855
37.2729
42.9752
42.1430
37.3740
41.9442
40.8174
39.8680
40.0140
42.5381
42.2934
39.6552
40.0843
39.5758
39.2926
37.9755
36.9419
39.2759
36.6036
42.3065
42.9465
43.4852
38.8060
41.0208
43.4589
42.1615
46.5548
42.0228
43.4438
44.6108
46.8783
43.5292
43.4087
39.1897
43.5720
41.5037
42.0348
37.1933
49.2070
42.6061
39.2803
46.0802
46.5489
45.1075
45.1312
40.9401
41.0889
43.7221
42.0165
41.0065
41.2841
42.7354
39.1820
41.1872
45.3613
41.6105
42.6784
43.5216
42.1142
51.3038
46.2281
47.7416
43.5323
44.9789
43.0940
41.3827
49.2000
43.3117
45.2551
48.4013
45.5999
44.3569
48.0162
49.5701
42.5690
46.6624
42.6443
51.1937
49.6519
47.0189
42.0320
42.6912
41.2336
41.9903
46.4830
45.1899
49.9446
48.0063
46.5126
51.2691
44.0276
44.7932
49.7755
47.4624
47.5240
51.3883
47.7224
44.6616
44.2510
50.8466
44.1502
55.0267
47.3507
43.9597
48.9948
50.0833
47.5416
43.0832
54.4843
43.5506
47.7993
53.8355
46.5309
53.3105
49.1555
47.5214
54.2025
47.1494
38.3920
51.6634
46.3417
52.6704
42.8606
60.6057
49.4717
46.4115
52.0947
46.3048
50.5322
56.3984
47.4758
46.5744
