3.0516
4.3674
5.0867
6.0163
8.2343
7.9873
10.1067
9.3818
10.7433
10.6929
9.1477
11.3669
13.7714
11.2359
10.8077
13.1457
13.9537
11.5594
11.9535
11.9083
13.5326
12.6484
13.1829
14.5627
15.5074
16.1183
13.0182
16.8409
12.9913
13.7058
13.8524
16.1893
15.9426
18.0906
13.2223
16.7120
13.6998
15.5724
14.5204
14.8832
18.6944
17.6142
13.8564
13.8360
14.9083
18.0466
14.2711
14.3225
13.7113
17.8607
17.5211
15.4085
17.6228
16.9211
15.5423
14.3235
18.7718
15.5170
16.9903
17.0398
17.3529
16.1519
13.4842
16.5360
14.1094
15.9505
12.8942
17.4928
15.0530
13.9941
15.0879
13.9416
19.7672
13.9594
13.0864
17.0526
14.1213
14.2384
12.2293
17.3001
12.6042
14.8676
13.1501
16.3795
15.2677
15.0059
16.6894
12.3728
15.5035
14.4661
13.1037
13.9214
11.7396
16.3003
16.4481
17.1701
15.8390
13.6027
14.6408
13.7193
14.9216
16.2782
14.3275
13.9707
16.4256
20.1064
16.1406
13.3961
15.3484
13.4974
16.7710
14.6524
12.5538
16.7228
14.5210
14.6078
14.6675
13.4945
12.7374
18.0779
17.6812
12.2279
15.9416
18.2530
13.6214
15.4400
17.5287
14.7614
14.6864
15.1556
15.5323
16.0029
16.2875
13.5129
15.1689
16.8125
15.8161
16.3821
14.5393
13.8283
16.4127
15.4605
14.4257
17.1329
12.8996
14.7616
16.5281
17.0046
16.2055
17.8986
20.8158
18.6492
16.1930
14.7812
17.2845
18.1579
16.2927
19.9398
16.0210
18.2051
15.8935
18.1862
16.2538
18.3625
16.8135
18.0797
16.4687
15.2421
14.0956
14.8796
16.0625
17.3093
15.6379
20.0232
18.1518
17.7254
17.5597
16.0842
17.2007
19.5752
17.8384
19.0846
14.7745
21.8824
18.4474
16.1036
14.6792
16.3949
13.3109
13.6343
19.3920
14.9979
16.3313
15.9983
16.6793
19.0121
14.6889
19.4845
12.7674
16.3094
