1.2523
6.8735
6.6577
7.2783
7.2624
10.6831
11.0746
11.6730
12.0734
11.9786
12.5906
12.5287
12.9092
12.7027
12.6240
13.2172
12.7960
12.8038
12.9019
13.2917
13.6078
13.1064
13.9355
13.3708
13.5785
13.5749
13.5984
14.0646
13.1862
13.7811
13.8092
12.8642
13.9083
13.6028
13.7333
13.9118
13.4186
14.3504
14.0867
13.5599
13.9954
14.1629
13.4970
13.6400
13.5889
13.7159
13.4348
13.7868
13.7215
14.0341
13.7655
13.8028
13.7407
14.3384
13.6977
13.9581
13.4606
13.7625
13.7497
13.7630
14.2983
14.4338
13.7554
13.9869
13.8159
13.8184
13.7773
14.0352
14.1653
14.2995
13.8781
14.6172
13.7258
13.6734
13.6451
14.4737
14.0006
14.3092
13.7170
13.7497
13.7585
13.9926
13.9050
13.7088
14.0134
14.1066
13.6191
13.8874
13.8598
13.9726
13.6118
13.7800
13.7544
13.7209
14.1906
14.0574
14.3934
14.2527
13.7806
14.6990
14.2049
14.2973
14.6250
14.6918
13.4788
14.1123
13.9075
13.8966
14.0246
13.5369
13.9493
14.6800
14.2651
14.0274
14.3928
13.9990
14.2592
14.0506
14.4624
14.3907
14.8635
14.1348
14.5595
14.1561
14.4837
14.2005
13.8243
14.2921
14.0590
14.1243
14.2449
14.3488
13.9783
13.9719
14.4118
14.3609
13.6929
14.4909
14.8045
14.1746
14.3068
14.1058
14.0371
14.6564
14.6498
14.5467
14.2428
13.6289
13.9940
14.8241
14.4610
14.6713
14.4112
14.0282
13.7840
14.5121
13.7632
13.8845
14.0263
14.2054
14.0067
14.4126
13.7382
14.1653
13.6797
14.2179
14.3104
14.1386
14.4491
14.1070
14.4125
13.8659
14.3807
14.4736
14.0704
14.1917
14.1875
14.2015
14.0306
14.3616
14.3374
14.2179
14.0605
14.0544
14.2678
14.4901
14.3395
14.3047
13.7345
13.9593
14.1625
13.9553
14.6108
15.1436
14.1657
14.4831
14.4124
14.6835
14.1936
14.0148
