2.3758
3.0478
5.3150
7.2011
5.7684
5.7419
5.7930
4.9093
5.7112
6.6187
5.3885
5.5990
5.4978
5.0911
5.7891
4.4974
4.7231
4.0917
5.8548
3.6153
3.7412
5.3607
4.6882
3.7912
4.7687
4.6662
5.3888
4.3379
4.0990
5.5135
4.1061
4.5293
4.2253
4.6876
4.4736
5.1176
3.7425
3.7254
3.4177
4.7372
5.3557
4.9239
3.8838
3.6196
4.6008
3.5510
4.4139
3.6189
3.7474
4.7982
4.5583
4.4759
4.5855
3.5454
3.7204
4.0700
4.4451
6.6734
5.2707
4.7708
5.9135
4.0490
4.2130
4.6801
3.2655
3.9744
3.7407
3.8941
4.1219
4.2231
4.4136
4.0755
5.1389
3.9650
3.0976
3.5563
3.8664
4.2570
3.5912
3.4358
4.0083
4.4344
4.6049
4.5584
4.9875
3.6603
3.2779
4.0199
5.5702
3.6099
3.8487
3.3017
3.7667
4.2174
3.9663
4.0395
4.3898
4.0043
3.5959
4.2788
3.8999
5.4071
4.3252
3.9243
2.8732
4.7986
4.9554
3.4168
3.9612
4.0574
3.4685
4.4930
4.2555
3.4512
3.1709
3.1550
4.6393
3.6972
4.2019
3.8719
4.5511
3.3156
3.5259
4.1134
3.3562
2.9304
4.0425
4.7106
4.0810
2.8740
3.3715
3.8813
3.6294
4.1290
3.7324
4.0605
3.2060
3.1514
3.3191
4.0501
3.7534
3.7623
3.3063
3.4579
3.7830
3.9980
3.7113
3.5007
3.3205
4.3749
3.2190
4.7157
2.7370
3.9403
4.7295
4.7275
3.3202
3.1432
4.3247
3.8632
3.5570
3.4048
2.9473
3.6750
4.5083
4.7844
4.0228
3.6749
2.8210
3.4708
3.3678
3.4653
3.8773
4.0467
3.2584
3.7612
2.6723
3.6404
4.1115
3.4168
3.6607
3.4330
3.9434
3.9963
4.0354
4.7918
4.4018
3.8293
3.0861
4.0160
4.0325
5.5634
3.0191
4.5276
3.5250
4.1179
3.7539
2.6292
2.9718
3.8497
