13.7742
6.6228
9.2364
7.0739
7.3274
6.8187
7.2663
5.6686
4.7887
7.5021
6.2030
8.3884
9.3755
9.0527
9.7211
7.0267
10.4175
5.0301
9.5024
7.9162
7.1991
8.1653
7.1778
6.3554
7.9918
8.4982
5.8423
6.9906
7.5531
7.4894
9.0235
5.6026
7.7331
8.3367
6.4224
4.9939
5.8564
6.6478
9.4847
7.1260
4.4770
7.4781
8.9727
6.7803
7.7915
6.4792
9.2122
4.4484
4.5347
9.9301
6.0688
8.2873
7.1523
4.4557
7.1513
7.1369
6.0764
8.0670
7.9885
10.7498
7.1519
11.9914
7.6421
6.2408
3.1327
7.4644
7.5625
8.9149
5.0891
6.9032
9.9313
8.2633
7.6795
6.3809
6.7477
5.0112
5.8966
4.8552
5.6522
3.7386
7.2163
4.1938
7.4735
6.1205
4.6286
5.8517
6.4834
5.2406
5.3497
7.7947
7.2152
9.2723
7.3743
6.7765
7.0387
6.9356
6.3651
4.8365
7.7663
6.8531
8.6313
8.4945
9.7466
6.6224
7.1975
6.7856
4.3066
7.2118
9.3389
7.7417
7.6364
5.0634
4.9182
5.0138
8.1630
6.4560
7.1483
10.4625
7.2239
6.4785
6.0933
4.5787
7.5252
8.2708
7.1750
6.0018
10.1854
5.3029
9.9119
7.3309
7.4365
8.1289
8.2351
7.2565
6.9456
7.5630
4.6740
5.9770
3.5893
7.7889
6.1333
5.4019
7.8521
7.9509
5.6913
5.4211
7.6997
4.5967
5.8609
7.7983
9.8602
8.5688
7.8674
7.3493
5.6087
5.4899
6.4553
7.0985
5.0218
9.1684
10.2863
6.3808
7.6618
7.9070
7.1300
7.3179
8.1973
6.3149
5.1271
5.7021
7.7074
6.8927
7.7968
9.1639
7.8453
5.6311
7.5201
4.3180
7.5395
8.8585
8.2760
6.7631
5.3302
7.8396
6.3805
6.6584
9.8603
6.4108
8.4486
6.6167
5.6954
7.2719
11.4862
6.6288
5.3208
6.9840
6.4896
6.2097
7.7595
6.5630
