1.7166
18.7238
18.2615
18.1210
18.9931
18.5479
19.2421
19.0371
18.4960
18.9299
18.8441
19.0528
19.2315
19.3622
19.0383
19.1950
18.9041
18.5868
18.6041
18.9148
18.7122
19.3634
19.3132
18.9962
19.1403
18.9939
19.6338
18.8263
18.7019
19.2882
19.0331
19.2753
19.7082
18.9299
19.3383
19.8100
19.8497
19.6775
19.4105
19.0669
19.4397
19.0612
19.7989
19.3485
19.0261
19.5333
19.7374
19.3461
20.0708
19.4147
19.5878
19.3335
19.7485
19.6011
19.6784
19.2513
19.7574
19.9244
19.5329
19.5739
20.0569
19.6989
19.5248
19.1088
19.3236
19.1325
19.8547
19.8527
19.6385
19.7050
20.1263
19.3782
20.2787
19.6062
19.9726
19.9498
19.5678
19.2458
20.4016
19.8803
19.3381
19.6376
19.4548
19.3016
19.2107
19.4280
19.3629
19.7872
19.4745
19.6531
19.3636
20.3243
19.5525
19.3467
19.4938
19.8069
19.4770
19.7788
19.3704
19.4614
19.2140
19.6637
20.0569
18.9907
19.7966
19.6425
19.9394
19.7967
19.5804
20.1301
19.9236
20.0067
19.4349
19.8513
19.4220
19.8122
19.7106
19.5947
20.6329
19.4875
19.3155
19.1645
19.4923
19.8296
20.3023
19.3857
20.0386
19.4534
20.4690
19.7635
20.3913
20.3109
19.4356
19.1920
19.7918
19.9415
19.4200
19.4368
19.4402
19.8456
20.6058
19.6331
19.3614
19.1543
19.3173
19.9401
19.3130
19.8284
19.0441
19.5010
20.2873
19.8343
19.0541
19.2712
20.4651
19.8836
20.4613
19.9580
19.4809
19.7923
19.9321
20.5233
19.4958
20.1746
19.9437
19.6900
20.2509
20.4862
19.9193
20.0588
20.4092
19.2951
19.6827
20.6785
19.8614
19.8986
19.9719
19.3680
20.0963
19.4954
20.0423
19.4671
20.2883
19.8364
20.1031
20.2454
20.4094
19.5175
20.5865
19.3776
19.4204
19.8924
19.6612
18.9266
20.1543
20.1359
19.9325
20.5049
19.8787
20.1835
