10.9348
7.1559
9.5375
7.5332
5.8062
6.6846
5.7064
6.4259
7.2900
8.7755
5.4704
7.8302
10.0798
6.6973
6.2531
11.2721
8.0677
10.2173
6.0273
5.5938
6.9675
7.5033
5.9128
9.1427
8.5816
7.2686
6.1160
4.9732
6.8030
7.4674
8.1844
8.4731
6.7357
6.4350
5.8971
5.0932
6.0986
5.6309
7.4741
9.4936
4.3764
6.1589
7.8398
8.4555
7.8693
6.0932
7.3832
7.5893
9.8120
4.7835
8.7094
8.8327
5.9284
7.1407
9.2562
9.4903
9.7594
7.1447
6.3316
7.5477
6.5168
6.0380
5.8412
7.5386
5.8739
7.9132
6.8007
5.5509
6.6092
8.4159
6.1347
8.7873
8.4620
9.1117
6.3455
4.8377
10.2821
9.6678
8.0020
6.7000
10.2767
8.2357
6.0507
7.5846
10.2918
6.4906
9.1568
5.5261
8.4957
6.7568
7.5949
6.4379
7.6728
5.0482
6.1030
6.3565
8.2814
7.9713
5.1296
6.3109
7.7236
7.7063
8.7160
8.1765
6.1493
7.5083
8.8224
7.1264
6.5398
4.7129
7.4859
8.7101
5.5464
6.6526
6.5654
4.4606
6.0848
8.5905
6.7549
7.4558
10.4879
5.5158
6.2647
9.5816
6.6445
5.2746
5.8679
8.3043
4.9974
7.5558
8.5059
5.2577
6.0105
7.0965
7.0029
5.1560
7.5656
5.6298
9.5060
4.8009
6.9838
5.3069
6.9245
4.7418
8.6254
5.3617
8.2244
6.6027
8.8269
7.2099
7.7523
8.2851
6.2399
7.3450
9.6248
6.2864
5.5769
6.7582
7.8513
8.6012
7.1742
6.9405
5.0359
6.0047
8.6698
6.6884
7.9581
7.5329
6.8735
6.0136
6.9017
6.4916
7.7133
6.5481
6.3366
8.1530
6.2187
7.4914
7.4545
9.7581
6.2620
5.8244
6.4084
5.7094
6.6645
6.8174
6.1120
7.6405
7.7531
5.1361
7.1477
6.0562
8.0253
7.4092
6.4563
6.0408
6.6389
6.9898
8.5512
5.2337
