3.3732
3.8702
6.2925
8.7043
9.9933
9.7211
9.8224
10.1810
9.3946
8.3449
9.9481
8.4349
8.3058
7.6209
8.8554
7.9389
8.2413
7.9292
7.1600
8.0809
7.4823
8.3223
6.6422
7.1418
6.2633
7.5966
8.4808
7.4070
7.0966
7.7275
7.9626
7.6398
6.9785
6.7665
7.0935
7.4128
7.6758
7.8323
6.8833
6.2829
7.0341
6.2760
7.1349
7.0517
6.9946
6.6249
7.0208
6.1435
6.5681
6.8719
5.8911
6.7496
6.5705
6.5142
6.5589
6.2017
6.3243
6.5060
6.3319
6.6173
6.9527
7.0753
5.6157
6.0182
5.6746
5.5698
5.6444
5.6040
5.7321
6.0720
6.6299
5.9440
6.2562
5.6570
6.4541
6.2353
5.6328
7.2854
6.1146
5.8746
6.2468
5.9594
7.5482
7.0948
5.3023
6.0505
5.3765
7.3442
6.3092
6.1357
5.6258
6.7533
6.9939
6.4010
6.5777
6.6914
5.6383
6.9863
6.3866
6.9984
7.5842
6.0147
5.4877
5.6305
7.1448
5.7307
6.0263
5.6975
5.8401
6.2761
5.1833
7.5066
6.2596
5.4149
6.3292
6.0582
5.9945
5.1167
4.9470
5.6088
6.3526
5.4714
4.6817
6.7287
5.6976
6.8860
4.9401
4.7474
4.8541
6.4841
5.0979
5.2490
5.9644
6.4820
5.2357
6.4469
4.5291
5.0599
5.8692
6.1150
6.2903
6.3254
5.5006
6.0684
5.9473
6.2774
5.8048
6.1406
6.0171
5.3832
6.7833
5.9535
5.7243
5.5825
5.0089
5.5903
5.9178
6.1607
6.2129
8.3743
6.4294
6.1970
6.3558
4.8397
6.2131
4.8635
5.5987
5.9545
5.3353
5.7261
6.2869
6.0131
6.0278
5.5094
6.6932
5.5011
5.6313
5.0860
5.9451
6.7217
6.5182
5.7510
5.3861
6.6544
5.5675
5.8724
5.4461
5.6086
5.2337
5.8490
6.6712
6.1017
5.7417
5.4062
5.5385
6.1049
7.1943
5.8199
6.1396
5.9216
