11.8725
11.1332
14.0919
10.7676
14.1657
15.7088
14.2080
15.1205
16.8882
15.8907
13.4772
15.6326
14.3569
15.8764
13.7302
14.2161
14.9816
15.2089
16.6672
16.5148
13.4612
16.6724
14.7414
14.1703
15.3969
15.5904
15.6146
15.1735
16.6819
15.4310
14.4801
13.8189
15.8152
14.5553
12.0715
16.0438
16.3607
17.2015
14.6428
16.7316
15.0476
14.8792
15.8199
15.7816
14.7183
15.7346
14.7670
14.4503
14.3322
13.5169
16.2443
17.5054
14.7500
13.7213
15.5287
14.8623
15.4361
14.4603
15.7573
16.7387
13.4231
15.0489
15.7755
15.8745
15.6800
15.5548
13.5919
12.0095
14.9130
13.3033
12.0795
14.2826
16.9185
16.0961
15.2898
14.9757
14.9326
14.4329
16.0327
12.9362
15.3636
14.3097
16.1480
15.2757
14.7776
13.9892
15.9078
16.2244
14.4285
14.9079
15.0470
15.0786
16.1224
15.5200
15.6663
13.3918
15.9417
15.5571
15.7407
15.4793
15.5516
16.4576
15.0712
16.7174
17.1161
14.7633
17.1493
13.6080
15.7946
16.6803
13.6915
15.3379
15.3240
15.7488
15.5028
14.9490
15.3209
16.2879
13.5886
15.3617
13.4744
13.8833
17.0003
15.2140
14.2392
18.0738
15.0254
12.7675
15.4111
13.8364
16.0115
15.3284
14.5655
14.6358
16.5493
14.3753
16.0806
15.5684
14.9011
15.7522
16.9978
14.4456
14.3998
15.6558
14.8542
17.1416
17.1172
15.8018
14.5018
13.8195
14.7552
15.3989
13.7271
17.5761
14.5031
15.9018
14.2660
13.9645
14.3431
15.2342
15.2647
17.5793
13.7886
16.2903
13.7431
14.7254
14.9469
16.4567
14.0913
17.4284
15.7016
16.2645
14.2428
13.2196
14.3397
14.6752
15.0183
15.6366
14.3182
15.2372
17.5380
15.4318
15.5472
17.1628
13.9229
14.4977
13.8925
13.7935
14.0764
17.3796
15.7771
16.0141
13.9280
13.9342
16.2869
14.1098
14.3103
15.2275
17.6118
18.2454
