13.7283
8.7366
7.2372
7.2222
5.0924
3.7767
3.5223
5.4634
4.2473
5.4667
5.3440
5.1679
5.2598
5.1508
3.9276
2.6300
5.0508
4.7192
4.8186
6.7231
4.0722
3.4683
4.1570
4.5461
3.5208
2.5263
4.6646
4.2366
4.5947
5.5537
4.7985
3.1986
3.8891
2.9068
2.7282
4.8122
3.8371
3.3982
2.5205
6.5401
3.2594
4.6560
5.0988
4.3334
4.3682
2.6238
4.2416
4.4833
3.8940
4.5741
3.5313
4.2855
3.7798
3.1493
3.2227
5.3734
4.3238
3.7240
6.0301
4.0672
3.3925
5.3330
5.2473
4.4160
4.1965
5.3761
3.0654
5.6403
6.2151
1.8545
2.7314
5.9615
3.3571
5.2178
3.8715
3.2301
3.7508
3.1022
3.5860
5.9643
3.6139
4.0580
4.7384
4.2629
3.6364
4.0308
3.2128
6.0201
5.2640
4.6854
4.4304
3.1959
3.2782
5.7172
4.0552
3.7371
4.4193
5.6254
4.5223
4.9554
3.5588
3.5935
4.7413
3.6935
3.0714
4.2666
4.2852
3.7165
3.3627
5.0151
3.1522
5.1101
4.0149
3.7254
3.0729
2.4134
3.2369
3.1385
4.2741
4.2407
6.1084
5.0550
4.4056
4.8729
3.3632
3.8169
4.2016
5.6069
5.4808
3.4366
3.6670
4.0806
5.1830
3.3574
2.6281
4.0823
3.6264
4.0121
4.3011
4.5036
3.9598
5.1412
4.8971
3.7062
4.2314
3.4418
2.9896
3.4379
4.4819
3.4665
4.0309
4.3524
3.2026
5.7497
4.2697
3.2115
3.1661
2.9267
3.8671
3.8766
4.1292
5.9878
3.9253
2.9607
5.0829
3.3759
3.5801
4.1290
3.8833
3.4714
3.4022
4.0180
4.4477
4.7290
3.1330
4.1546
2.0233
4.7688
5.4066
4.0872
4.5778
5.7449
4.1944
4.0808
3.2960
4.6468
4.0880
2.9351
5.0705
2.6666
5.2572
4.8359
3.5336
4.5963
2.1646
3.4984
3.2370
3.9698
4.4399
2.4102
