3.6060
7.1115
10.1208
10.4482
10.9183
14.2416
14.0440
14.8580
17.8002
14.3139
17.6215
19.0027
18.6189
18.6932
17.0846
21.3698
21.1174
19.0691
21.2077
22.7919
17.3728
18.2216
19.9631
20.6285
20.2598
20.0738
19.9627
20.6820
20.7305
21.4952
24.0100
25.0412
23.6226
21.8840
22.4882
19.6950
20.1166
22.5511
24.2831
22.6305
22.3162
24.5869
24.6416
18.5118
22.4822
22.8746
31.4031
21.5723
25.9836
19.9924
23.4914
26.1612
23.6964
21.7328
23.2562
23.5817
22.4418
22.5390
22.2148
25.0646
24.6212
35.6536
26.7666
20.5517
22.6049
18.8582
23.8213
26.1721
22.4348
24.0461
25.8501
22.7558
26.1093
28.1300
18.7523
20.4067
21.6804
22.9062
18.9805
27.0068
23.5356
23.9821
21.6485
19.3533
28.9303
26.0900
24.4271
18.5050
27.2524
23.4913
24.0894
20.7709
18.6464
15.8164
29.7926
20.7678
21.3001
19.9824
20.1853
22.3641
22.4897
21.7816
26.7121
20.7401
19.6433
32.2421
23.1708
25.5041
20.8459
19.1546
23.7326
25.1060
20.3177
24.6694
18.2868
21.1161
26.3948
33.0167
22.4490
27.3508
27.1171
20.8146
18.2392
27.7053
23.8097
22.6929
19.8990
23.6042
21.4550
22.8191
21.2575
27.7031
29.0168
23.2018
22.2242
20.5598
27.3870
21.5231
29.5645
22.0610
20.4821
24.9639
28.7356
19.3646
22.9679
27.3138
22.0064
25.5071
22.3202
26.8714
36.2270
24.7515
29.3764
23.0751
26.7386
24.7483
32.1495
21.4689
26.7249
24.0971
26.3404
29.2172
20.2497
23.2877
24.8314
29.3442
30.0052
35.2396
20.6407
26.1091
33.1748
33.5655
29.1604
21.6446
23.2877
33.8902
25.1828
28.5403
25.8007
21.7676
30.1835
31.6551
29.8889
16.7012
25.5059
26.3355
27.9580
34.6133
23.0101
30.4993
29.4926
27.2974
22.9325
25.4789
22.9476
28.6480
32.1248
29.7771
28.7878
24.0369
