11.7000
9.2858
9.7380
7.3419
9.7830
8.4457
10.1299
9.6099
10.0574
8.8513
8.7088
9.0609
8.2480
8.5853
7.4011
9.1025
9.1078
9.6121
9.5725
9.5683
8.2981
9.9389
8.7160
9.2326
9.6399
8.5152
8.5603
8.6623
8.8091
8.9572
8.1519
6.6952
8.5153
8.4262
8.4788
8.5155
8.7216
8.4926
8.5906
9.0779
8.4480
9.2154
9.1710
8.8064
8.4497
9.3498
9.1447
6.9320
7.5608
8.3465
8.7770
9.6593
9.1289
8.8828
8.5075
8.2901
8.6573
8.5687
8.7083
8.9622
7.8003
8.3946
10.1073
9.2882
8.8920
9.0028
8.2281
8.3572
9.0711
8.2309
8.4440
9.0609
8.9900
9.1153
7.8171
9.2447
9.0955
8.1348
9.0557
8.9324
7.5485
8.1948
8.7321
7.9949
8.6684
8.1611
9.4373
9.8810
8.5165
8.6320
8.0820
8.0302
9.8287
8.4810
8.6230
7.8113
9.0219
10.1544
9.0822
9.7764
7.5667
8.7933
8.5278
10.3660
8.8377
9.1111
9.1052
7.8005
8.7299
8.4145
8.1617
8.6861
9.7554
7.3684
7.5774
8.1786
8.4740
9.8888
7.4171
7.8319
7.7969
9.1328
9.3818
8.2611
8.2715
10.9843
8.2848
8.5331
9.3736
8.2435
8.6790
8.4304
7.9092
8.3855
9.9075
9.2621
9.5781
9.3519
8.0992
7.7435
9.3781
8.9709
9.5518
8.4544
9.2163
9.7406
10.3973
9.3086
7.9361
7.4530
8.1321
7.7113
8.7302
9.3179
7.9451
9.7073
8.8449
7.6997
9.4966
8.9733
8.6514
10.1700
8.3546
9.6812
8.9071
8.7784
8.1212
8.8023
7.8004
8.6079
8.2410
9.3181
8.4261
7.1235
8.5878
8.3929
8.4288
8.6676
7.9456
9.5864
9.5803
8.6575
8.9132
11.1992
7.4535
7.3155
7.7443
8.5396
6.9366
9.8443
8.7948
8.7455
7.9027
7.6945
7.9516
8.6453
9.2627
8.5394
9.4693
10.1019
