1.3971
8.0066
7.4618
7.3938
7.2129
7.1368
7.0363
6.9663
6.7871
6.7841
7.0559
6.7787
6.8114
7.0028
7.0460
6.6967
6.8840
6.6920
6.9410
6.6094
6.4781
6.9129
6.8605
7.0899
6.7121
6.5688
6.5584
6.7691
6.3991
6.6062
6.6666
6.5557
6.6506
6.1444
6.3714
6.8806
6.5491
6.2520
6.4040
6.6555
6.5261
6.3967
6.8964
6.4235
6.5522
6.6000
6.4970
6.3752
6.4368
6.8611
6.9221
6.9780
6.7026
6.7834
6.8100
6.6886
6.4424
6.1611
6.6395
6.6846
6.2658
6.6799
6.4492
6.5669
6.4773
6.3828
6.7850
6.4038
6.3730
6.2509
6.5679
6.6136
6.7752
6.1596
6.4603
6.8278
6.4022
6.9399
6.2717
6.6894
6.4566
6.4959
6.9495
6.8345
6.3223
6.6124
6.4962
6.6499
6.3011
6.6498
6.4148
6.6133
6.4560
6.4599
6.5854
6.6250
6.2872
6.8382
6.1404
6.5978
6.6375
6.6530
6.5948
6.2532
6.4607
6.4651
6.4595
6.3762
6.4978
6.1661
6.5947
6.1696
6.4834
6.4480
6.2108
6.4644
6.6313
6.5894
6.2530
6.7700
6.4851
6.3315
6.4842
6.1506
6.4486
6.5691
6.0734
6.5414
6.2575
6.4610
6.4762
6.0142
6.6637
6.4772
6.2694
6.0527
6.2542
6.3963
6.4933
6.0713
6.7994
6.5436
6.8245
6.7347
6.3367
7.0767
6.3089
6.6600
6.2606
6.3965
6.3936
6.9311
6.3511
6.3562
6.2842
6.6672
6.7715
6.6243
6.4187
6.8360
6.3453
6.6951
6.7278
5.9429
6.3839
6.7322
6.5788
6.1147
6.4611
6.4511
6.9059
6.2798
6.9569
6.5957
6.3169
6.5886
6.6493
6.6509
6.2346
6.2573
6.5715
6.7732
6.0946
6.6166
6.3477
6.7578
6.3267
6.1135
6.5008
6.3882
6.5620
6.5120
6.8601
6.3154
6.1922
6.7568
6.7564
6.4434
6.6270
6.1278
