1.8238
2.5342
3.9892
4.0977
5.1068
4.6538
4.6189
4.2221
4.2027
4.2593
3.6544
4.0806
3.2655
3.9356
3.2306
2.9101
4.9736
4.0596
3.9127
3.8936
5.0858
3.1796
4.0709
3.2744
3.2482
4.8229
4.1479
3.3210
3.7075
3.4831
3.5142
3.4651
3.1299
4.0493
3.1347
3.8610
4.1242
4.0108
2.9199
3.1749
3.6344
4.3163
5.3200
3.5610
4.1105
5.7742
2.5785
3.4913
3.5813
3.7984
3.4047
3.6191
2.8867
3.4626
4.6205
3.9445
3.3908
3.0303
3.1851
2.6216
3.2876
2.6749
2.6054
4.9114
3.4716
3.3213
3.3376
4.1023
2.9762
3.3637
3.6358
3.8883
2.9958
2.9794
3.8566
3.6348
3.2678
3.3954
3.3219
3.0541
5.5729
3.0487
3.7300
3.5715
3.5729
3.3340
3.6760
3.8006
3.8653
3.1741
3.7670
3.9328
2.8163
4.9125
2.7821
2.8351
4.0386
3.6941
4.1702
3.0296
3.1192
4.4758
3.6532
4.0361
2.3243
4.3124
3.0734
4.5572
2.8353
3.5070
2.4787
2.9651
2.9986
3.1805
2.5788
3.2224
2.8465
3.5071
3.5529
3.2740
3.5648
2.6350
2.8835
3.3446
3.8285
3.1572
3.6478
3.6229
2.8255
2.8039
2.9078
3.4812
3.3757
3.6285
3.2826
3.6890
2.4668
3.4020
3.8841
3.0044
2.6473
4.8827
3.1224
3.2360
3.8575
5.0146
3.9680
2.8211
3.0901
3.3376
4.3493
3.1283
3.1849
2.8417
2.5405
2.4208
3.5975
3.0283
2.7407
3.4845
3.9047
3.3917
3.6035
2.9702
3.5640
2.7092
3.0980
2.6310
2.8942
2.6956
3.2597
2.8306
3.9698
2.8617
2.5066
2.6074
2.4583
2.6071
3.2601
3.9069
4.0997
2.4546
2.9584
4.2144
4.1450
2.8348
2.3612
2.6653
2.5037
3.1915
3.3727
2.1264
3.0257
3.4428
2.8301
6.0685
2.7628
3.0764
3.3228
2.5015
