2.8186
3.7466
6.3460
9.1351
13.5470
18.4029
18.5381
18.0824
20.1057
19.1776
20.0368
19.4126
20.7904
20.0355
17.5436
19.4282
19.0631
19.9654
20.2876
22.9786
21.3502
20.4269
20.9797
22.5959
20.4345
23.0028
19.7922
19.2867
21.1130
20.3113
18.7824
19.8614
19.3161
21.1325
22.2114
21.3176
21.4618
20.8242
20.3353
20.3672
21.0459
20.4196
20.3990
18.9787
21.8347
20.7896
19.4162
19.6780
18.5597
19.7278
19.3191
20.4751
17.9342
19.7925
18.7715
18.5461
20.6831
17.0370
19.1551
21.7902
20.3994
19.0165
20.0134
20.7006
19.3191
21.0662
19.0770
17.6366
20.0383
20.3491
19.1918
17.8668
18.8148
19.5922
20.0139
19.4913
20.6094
19.5279
19.6604
19.2359
18.8572
19.0979
18.3132
17.9635
20.6208
19.8443
17.8020
19.1184
18.2850
20.9674
18.1728
19.9378
21.3833
19.6811
19.3199
19.8125
17.6804
18.8334
19.3974
18.6668
17.5331
18.6044
18.9265
18.5572
16.7649
18.9907
18.7994
18.0572
18.0404
19.5499
17.3759
20.0962
18.6655
18.6793
19.6643
17.6167
18.8723
18.1139
18.2205
19.6266
19.1460
17.6279
20.5728
17.7113
19.6551
19.2846
19.4071
20.4020
16.9858
18.2191
21.8241
19.5357
19.2422
19.3916
20.5452
17.4936
19.3660
19.8995
21.3988
17.9864
17.4926
18.9430
19.6174
17.5097
17.7815
20.0069
17.6039
16.8921
20.0199
19.5343
19.8614
18.8811
18.0876
18.3077
17.7078
17.6327
17.4315
19.4025
18.6973
19.6221
21.8679
19.4116
19.4254
18.2690
19.2557
19.8899
19.8474
18.9569
18.4205
17.6832
17.5181
18.9496
18.3868
20.1362
16.6467
19.1189
20.7611
19.3000
19.0211
19.6802
17.1759
16.9460
17.7932
20.0663
19.0386
20.3162
17.9209
16.7794
19.2915
17.1847
19.4109
17.4278
16.5194
15.5933
17.9042
18.0272
17.9165
18.6073
17.8078
20.0777
