1.6514
16.6495
17.0434
17.7087
16.4762
16.1663
17.2865
16.9991
17.3358
16.9547
17.4689
17.2505
16.8375
16.9592
17.5606
17.5153
17.0379
17.4989
17.4173
17.0847
17.4682
17.2261
17.8725
16.6999
17.2860
17.8953
17.2176
17.1369
17.7608
17.1651
17.1658
17.7991
17.4633
17.2331
17.1106
17.3565
18.0879
17.3870
16.7820
17.5173
17.3998
17.1149
17.6355
17.0752
17.7847
17.5793
17.7725
17.4688
18.1213
17.3830
17.4100
17.4839
16.4994
17.7988
17.2673
17.6340
17.8502
16.9059
17.2077
17.4953
17.2112
17.6106
17.4225
17.6222
17.0489
17.8266
17.7385
17.5332
17.3621
17.3871
17.7001
17.4285
17.2698
17.5461
17.6265
17.7863
17.4909
17.6680
17.4030
17.7219
17.5817
18.1234
17.5667
17.5694
17.4260
17.8457
17.8168
17.4200
16.9956
17.8215
17.5835
17.5585
17.7716
17.3863
16.7892
17.4512
17.7482
17.1580
18.0018
17.3237
17.5761
17.4119
17.3987
17.3630
17.2843
17.6831
17.5370
17.5639
17.9587
17.8653
17.1806
17.8559
16.9623
17.6152
17.5560
17.4002
17.6943
17.7529
17.7988
16.8833
17.3295
17.5890
17.7576
17.3522
17.0132
17.2776
17.8165
17.2886
17.4821
17.7713
17.8984
17.8969
17.5759
17.5852
17.4025
17.5865
17.9113
17.8321
17.8059
17.4816
17.6485
17.9081
17.4580
17.6172
17.8815
17.5206
17.0836
17.2327
17.7863
18.0778
18.0507
18.0899
18.0094
17.4899
18.1403
17.5139
17.7705
17.4335
17.9142
17.6707
17.6687
17.4941
17.6178
17.7301
17.2290
17.6823
17.1374
17.4364
17.7287
17.7250
17.6650
17.2427
18.4996
17.9887
17.5124
17.8208
17.5527
17.3726
18.1621
16.4872
17.5508
17.8788
17.1202
17.6192
17.3427
18.0880
17.8657
17.6795
17.9586
17.2088
17.4295
18.0274
17.5259
18.2905
17.7891
18.2142
17.6377
17.5612
17.8786
17.7306
