2.0842
5.0948
3.8179
3.3799
3.2425
3.0461
2.9764
2.7736
2.8934
2.8845
2.7535
2.6009
2.5187
2.6757
2.5623
2.6044
2.5377
2.5972
2.3782
2.5480
2.4394
2.3851
2.4017
2.4870
2.4464
2.4007
2.4011
2.3816
2.4595
2.2653
2.2775
2.2555
2.3229
2.4365
2.5071
2.3077
2.3201
2.3297
2.4269
2.3639
2.3921
2.3694
2.2815
2.4106
2.2105
2.3566
2.2520
2.2003
2.3703
2.3696
2.3507
2.2647
2.2796
2.2625
2.3086
2.2909
2.1991
2.2547
2.4964
2.2179
2.3193
2.2848
2.1621
2.2703
2.3437
2.3284
2.2447
2.2898
2.2363
2.2522
2.3233
2.2785
2.2118
2.2087
2.1544
2.2861
2.2626
2.2239
2.1441
2.2410
2.3110
2.2934
2.2315
2.1544
2.1898
2.1397
2.4308
2.2751
2.2264
2.1748
2.3586
2.2640
2.2946
2.2481
2.1467
2.2845
2.1869
2.2131
2.2373
2.2472
2.2226
2.2016
2.2131
2.1989
2.2112
2.2956
2.1472
2.2259
2.3341
2.2631
2.2069
2.3036
2.2505
2.2024
2.2063
2.1462
2.3075
2.3014
2.1790
2.1195
2.2318
2.1677
2.3525
2.2896
2.2440
2.2294
2.3265
2.1781
2.2618
2.3071
2.1691
2.2814
2.2657
2.1973
2.1940
2.2376
2.1812
2.2460
2.2609
2.2726
2.0807
2.2446
2.2854
2.1856
2.2446
2.1096
2.3914
2.1607
2.2375
2.3055
2.2622
2.1581
2.2359
2.1981
2.3808
2.0754
2.1643
2.1481
2.2366
2.1075
2.2337
2.1119
2.2285
2.2421
2.2110
2.1321
2.1667
2.2695
2.1568
2.1153
2.1662
2.3012
2.2015
2.1683
2.3407
2.1933
2.2881
2.2464
2.2064
2.2374
2.2845
2.2256
2.1965
2.2456
2.1299
2.1381
2.0946
2.3303
2.2141
2.2114
2.0891
2.1757
2.2359
2.0932
2.1318
2.2687
2.2726
2.0797
2.2025
2.2023
