18.1581
9.0776
5.7986
4.1961
4.7019
4.6938
3.7700
3.4881
4.0910
3.3076
2.7645
3.9572
2.7938
3.6969
3.9440
3.7358
4.0895
2.3466
3.1837
3.4008
3.0306
2.8594
3.5575
2.7254
3.4182
2.4239
2.8732
2.9037
2.1940
2.2521
3.8706
3.1566
2.6014
2.4947
3.1042
2.2109
3.1780
2.9341
2.0549
2.1484
4.8386
3.4603
2.3509
3.4381
2.9809
2.3945
4.0462
2.7162
3.5962
3.2954
2.4098
2.8843
2.8467
2.1379
2.9576
3.9401
2.4640
2.8152
2.3267
3.3829
3.3529
3.1953
2.9084
4.2711
1.9689
2.6808
2.9467
2.9911
2.2995
2.0479
2.3230
2.0626
1.9638
3.0051
2.3275
2.5804
2.3058
3.1730
3.7507
2.2762
2.8260
2.3837
2.6224
3.5596
2.8510
2.4461
3.1439
3.5840
2.7958
3.0337
2.5692
3.0333
2.2911
2.2203
2.7918
2.4299
2.8179
3.2185
2.8302
2.2950
2.2258
2.9061
2.0836
2.3825
2.5948
2.4387
2.9767
3.1585
3.9650
2.8722
3.0840
2.2388
3.0529
2.9018
1.9632
2.3158
3.2121
3.3317
1.7987
3.1882
2.0562
2.6214
2.2966
3.3705
2.4101
1.6251
2.8255
3.2322
1.1916
3.5479
3.3804
2.7840
1.5620
3.3433
2.4126
3.1849
3.4497
3.1286
2.5786
3.7325
2.8029
1.8732
2.2856
2.9550
3.5140
3.3455
2.1777
2.5724
2.2642
3.1934
3.0408
3.4419
5.6066
2.8246
4.2950
2.4725
3.3589
3.5409
2.7692
1.5582
1.6995
2.9778
2.7376
3.3801
3.5665
1.5432
2.1927
2.7537
2.5139
2.5119
2.1235
2.7582
2.9652
2.2479
3.7601
2.4884
3.8420
1.9698
4.0906
3.0663
2.2499
3.1308
1.6058
3.3376
2.3567
4.7605
3.8325
2.2865
3.7524
2.5277
3.1473
4.0746
2.9632
1.7334
2.7320
2.5497
3.1655
1.3053
2.0737
1.8590
