2.6677
3.3762
5.0421
6.9634
7.6765
8.1411
8.0215
8.0918
7.5340
6.5296
8.1569
7.0404
5.3867
6.8588
5.8594
5.4216
5.3272
4.6506
5.0023
6.1763
6.2390
5.3955
5.0545
6.5362
5.1642
6.7426
4.4468
5.1719
5.0842
5.4024
5.5379
4.9340
5.9142
5.4636
4.9330
7.4989
5.1286
5.0432
4.6869
4.6478
4.3928
4.6446
6.6083
5.6479
5.3997
4.9861
4.6844
5.8923
4.3894
4.8389
5.6800
4.8882
4.1611
5.3600
4.7893
4.4641
5.9275
4.0483
5.0498
5.6449
4.5657
5.1286
5.8827
4.7780
5.8874
4.4632
4.6429
5.3666
5.3771
4.7572
5.6055
5.0443
5.4674
4.7305
4.5208
4.0553
3.8529
4.7496
5.2827
4.5121
3.7817
3.9980
4.4155
4.2244
4.5562
4.4802
5.2858
3.8968
5.1086
4.4275
5.0392
5.1030
4.5389
4.5223
4.7838
4.3869
4.1265
4.3238
3.7049
3.7827
4.7997
4.7859
4.1168
4.7060
3.5406
3.7708
4.6766
4.1782
5.1732
4.4950
3.9983
3.9274
4.6537
4.8181
4.3988
6.2848
5.7409
4.2986
4.2341
3.9485
4.5146
4.6042
3.2841
5.0936
4.2693
3.6281
5.6809
4.4760
4.7600
4.7046
4.9648
4.3531
4.0495
5.0560
4.7350
4.0415
4.2271
3.7259
4.7054
4.6020
3.8017
4.5622
4.3749
3.3718
4.0810
4.3791
3.5844
3.8819
3.3491
3.3603
4.3301
4.3610
3.5708
4.7343
4.9481
3.9809
6.2759
4.1310
3.4880
5.4417
4.6819
5.3844
5.2791
4.5606
4.1514
3.8687
3.1262
4.7507
4.4302
3.9105
5.0446
3.8284
5.6930
3.5099
3.6575
3.5925
4.1920
4.0744
4.0236
3.7765
3.7423
4.9531
4.0744
3.6108
4.4168
5.3530
3.3121
4.6982
4.6976
3.3035
3.7230
3.4451
4.0352
3.6008
3.1107
3.3528
3.4572
4.8260
5.1893
3.8509
