2.1220
3.6411
6.1391
7.4831
8.1960
9.2004
7.1282
8.3618
7.3288
9.6259
6.7789
8.2657
7.6375
6.4549
7.8048
7.9434
7.7998
7.7372
8.1836
7.1821
8.0155
7.5556
7.2697
6.7875
7.3297
7.2445
7.1700
8.3065
7.5088
8.1651
6.2623
6.4335
7.4836
7.7512
8.0843
7.0969
7.4208
7.6218
7.7104
6.7782
6.5141
7.3105
6.7507
6.8345
7.3584
7.1917
6.8586
7.1823
6.9458
7.2459
6.9826
7.3051
10.0334
8.1133
5.7146
5.2365
7.1019
6.0761
8.1074
7.2409
7.2515
7.1988
6.8127
7.1109
6.2085
9.9284
6.9880
6.3915
8.6372
6.9206
7.2130
6.5034
9.0224
6.5474
5.5978
7.1988
6.5438
7.0115
7.3324
5.7839
7.4091
6.5263
6.8040
7.0620
6.0597
6.2018
6.3879
7.9190
8.1213
7.1806
6.0934
5.8439
5.8648
6.8864
7.0034
7.3873
6.8665
6.7858
5.0590
6.7023
7.1659
6.2334
6.6990
7.7518
8.3132
6.3022
6.1912
7.7073
6.5223
6.4679
6.7275
5.8355
6.7901
6.4070
6.5754
6.1995
6.3405
6.7556
6.4224
6.6174
7.5512
5.6574
8.1892
7.2324
6.0568
6.7682
6.4887
6.1076
7.8741
5.4180
4.2043
7.1477
5.4487
6.8985
5.6847
7.5658
5.9786
6.4999
7.1439
6.6937
5.4306
7.7790
7.5248
6.7208
6.6648
6.0101
6.6902
7.3836
6.9435
7.0868
6.6156
6.3331
7.0124
5.1742
7.9599
6.1048
7.0215
7.0723
7.3617
6.7259
6.2935
5.9546
5.9757
5.6000
5.8636
7.3976
5.8015
7.0660
6.2344
5.4665
5.8382
7.3277
6.5150
6.0531
7.6031
8.0906
6.1857
6.9670
5.1783
5.9246
6.0444
6.6123
6.5882
6.5443
8.4233
6.6171
7.8909
7.0250
6.1331
6.0721
5.6137
5.6437
6.0078
5.6426
6.5286
6.9525
7.1140
5.4855
5.8239
5.6454
