17.4162
7.9580
7.4006
5.4390
6.2298
5.1385
5.4728
5.6578
5.3498
5.8808
5.4485
5.2635
5.0931
4.9478
5.8705
5.7188
6.3943
4.4926
6.1160
5.2988
4.6502
4.6023
5.0321
4.6564
5.5112
4.8729
4.8872
4.5318
5.0096
4.0818
5.2113
5.1993
5.0941
4.5989
4.3306
4.5112
5.0855
5.4071
6.0367
4.9587
4.8513
4.9319
4.2524
4.3006
4.3862
4.6392
4.8971
4.6650
4.1947
4.3111
4.2805
4.2877
4.5958
4.5398
5.2005
5.1007
4.1202
4.7475
5.0313
5.3055
5.1978
3.8867
4.0850
6.0300
4.8350
4.3362
5.8137
4.5056
5.3789
5.0854
5.8337
4.3760
4.3788
4.6562
4.2904
4.5309
4.6170
4.3912
4.7366
3.7867
6.3887
5.4606
4.9325
6.2759
3.9896
3.7347
3.6707
4.3349
5.2779
5.3402
5.0022
4.9086
3.5530
4.1763
3.9774
3.1805
4.0427
4.7030
5.0776
4.2749
4.1749
3.7528
4.2112
4.5642
3.5047
4.6626
4.5839
5.3226
4.8455
4.3035
4.5485
3.5792
4.6505
4.2004
4.8603
4.6934
4.2644
3.6498
4.5077
3.9953
4.1944
4.6904
6.3554
3.4250
4.0324
2.9169
5.1685
4.6692
4.7686
4.6343
5.9159
3.5124
3.8091
5.0022
3.5047
4.7260
4.7076
4.4032
4.3035
4.6150
5.2567
5.6267
3.6007
4.8129
4.8706
4.0608
4.1135
3.5975
3.7393
4.5277
4.5249
4.0857
4.0283
4.9528
3.1263
4.5850
3.8368
4.0835
4.5801
4.0321
3.2324
4.2193
4.7148
4.2599
4.4659
5.1902
4.7384
4.7475
4.5439
4.4128
4.5987
4.8758
5.1406
3.4363
5.4563
5.0800
3.8230
5.2026
6.6180
3.7211
4.3005
4.9640
4.1162
4.8647
5.1109
4.1652
3.9026
3.7720
5.1521
5.0390
3.5249
5.4401
5.2911
5.9236
4.1171
3.9935
4.6480
3.7916
5.3286
4.8026
