2.0550
2.0479
2.5064
3.2250
3.5925
3.3727
3.8813
3.7213
2.7847
3.1568
3.5693
2.6735
3.0959
4.3476
2.9818
3.3336
3.1800
3.5921
3.5767
3.1421
3.5135
3.4481
3.7983
2.7122
2.8659
2.6971
2.2762
3.5878
2.7974
3.0027
2.4785
2.9338
1.8223
3.0083
2.5675
3.0883
1.7690
2.6713
2.2251
2.1744
2.4487
2.2296
3.0234
2.5451
2.6687
2.8694
2.3294
3.5787
2.0829
1.7701
3.2455
1.8968
2.3083
2.4048
2.1189
2.8865
2.3528
1.8323
2.0484
3.0573
2.0477
2.6037
2.0385
2.9781
1.8787
2.4407
2.1416
2.8389
3.2446
1.7159
2.8913
2.7828
1.6567
2.3489
2.3754
2.6312
2.4129
1.3107
1.8681
1.5860
1.5662
1.7933
2.3893
2.8764
1.9527
2.5130
1.6203
2.1075
2.3047
2.0941
2.2449
2.6858
2.9402
2.0531
2.2340
2.7473
2.1155
2.6548
2.2634
2.2974
2.5220
1.8150
1.7335
1.5972
2.4943
1.9842
2.7592
1.9409
2.2237
2.2184
2.2449
2.5307
2.0984
2.0038
2.2362
1.5988
2.9965
2.0626
1.4563
2.5264
1.7904
2.0558
1.9736
2.7210
2.3882
2.1308
2.1695
1.2248
1.7514
1.8952
1.9083
1.6930
2.0449
2.4404
2.2676
2.5729
1.5212
1.8170
2.5163
2.3879
2.5921
2.2043
1.7667
2.1776
1.7898
2.1871
1.5795
1.6077
2.4255
1.7980
1.3121
2.3900
2.0379
2.0874
2.1448
1.3385
1.8403
1.9512
2.0360
1.9184
1.4639
1.6932
1.9841
2.0376
2.0422
1.4301
1.7645
1.7926
1.8554
2.4982
1.5645
1.4224
1.7373
1.9312
1.9328
2.2158
1.2612
1.4498
1.5353
1.6155
1.7148
1.8312
1.7309
1.6970
2.1831
2.1841
2.1572
1.5425
1.3794
1.5534
1.6146
1.1787
1.1384
2.0137
1.7780
1.6681
2.8764
2.0057
3.0685
1.8784
