18.0603
8.6680
7.7824
7.1249
6.4832
7.6921
6.0975
5.8674
5.7654
6.9627
6.6387
4.6990
7.1559
8.1911
7.0163
6.3532
4.9937
7.7656
7.7588
7.3560
4.7544
6.5236
8.8179
6.6246
7.1084
5.7168
6.3398
7.2075
9.1105
6.5913
10.1497
6.5117
6.0244
6.6954
6.5468
4.9157
5.1891
6.5368
8.1534
4.7192
4.9314
9.1606
9.8886
6.0865
5.8496
6.4112
9.2095
5.1145
6.0850
5.0223
8.1093
7.3870
4.1759
8.6782
4.6585
6.4620
5.5377
5.4861
6.8590
4.9385
6.9984
6.5582
6.5037
7.4019
7.1572
5.6176
4.9443
8.5316
6.6012
6.7654
6.9330
6.8837
6.8082
6.1836
7.9689
8.2662
6.6017
5.6410
8.9627
6.3430
4.7767
3.1492
5.4017
5.8658
5.0287
6.2940
5.2293
4.2840
7.0323
5.0376
5.5796
5.2208
6.6850
7.3182
7.5255
6.4863
7.1037
4.4909
7.7165
10.5421
6.0069
6.6199
8.7923
5.5152
7.2668
4.8339
6.6584
4.4763
4.1544
6.9780
7.8847
6.2225
9.0698
6.3221
7.1943
7.4619
5.0718
4.5815
9.4889
5.7216
7.0401
6.4521
8.3682
6.4838
5.7342
6.7726
8.5116
7.4292
4.8073
7.7525
7.8826
5.2677
5.6904
5.3352
4.9245
5.6453
5.7754
6.7739
5.4933
5.2219
6.1590
8.8939
4.8558
4.4523
6.4156
7.2521
5.8691
7.3704
5.2297
8.3093
9.2491
6.5164
6.2887
5.8784
6.9174
4.4816
6.4947
7.1608
5.2175
6.3935
3.8760
5.0081
7.5208
8.3031
6.4497
8.0804
7.1225
5.1538
6.0581
7.5832
7.2477
6.4819
4.0901
6.3368
7.5910
6.9838
8.3087
6.4230
6.8906
6.9433
6.8511
6.2904
9.4761
9.8808
5.3408
5.2956
4.7633
5.5413
4.8793
7.2442
7.6578
5.1663
7.6460
6.3833
6.4016
6.1146
5.8173
7.5130
7.5101
4.7378
