2.9891
3.7764
5.5733
7.5937
11.3560
12.5435
13.9279
14.2982
14.3814
13.5273
16.2785
15.5108
14.1707
15.5111
14.7230
14.2167
12.9281
16.0227
15.1528
14.8483
16.4661
14.7294
14.0571
14.3782
12.7726
12.6491
14.3498
14.7726
13.0643
12.6526
10.9513
7.3748
6.0096
4.9123
5.8202
4.3133
5.9878
5.1690
5.8250
4.6301
5.0662
7.5400
5.2155
4.7037
5.6044
5.7103
4.5521
4.4187
4.3115
6.9665
4.4055
4.3570
6.5630
4.1992
4.7007
4.7961
5.0878
3.9061
4.0614
6.1899
4.4715
4.6085
5.4592
4.2861
4.4845
4.7108
4.8388
5.8078
3.3700
5.7160
6.6333
7.8672
3.9122
4.5514
5.6573
3.8355
5.3569
4.8524
4.2495
3.6739
6.8703
4.4495
5.8002
4.9849
3.7241
3.7160
3.8248
4.6754
4.1898
6.5254
3.5995
3.8937
4.1357
4.0648
4.2008
5.3135
3.8320
4.8775
3.7982
4.3055
3.8589
4.4340
3.7715
3.7045
3.4778
4.1055
5.1007
5.5229
4.8253
4.4699
3.0191
5.0716
4.2339
6.0433
5.0225
3.4691
4.8837
4.2281
4.9517
6.7812
3.2430
4.0768
3.7601
4.9433
4.9669
5.2643
2.8754
3.5583
4.9004
3.5349
3.1718
5.9267
4.1222
3.6838
3.9332
3.8890
4.5478
3.9570
3.5952
4.7638
4.1942
4.0279
4.3440
3.7712
3.4440
4.4774
4.9773
5.3679
3.8224
4.0310
5.7477
5.1379
3.7338
3.4796
3.5083
3.9076
4.0167
3.9955
3.7847
4.3595
6.0597
3.7716
4.1368
4.0888
2.9412
4.8836
4.3367
4.2792
4.4005
4.6513
3.8284
4.1672
2.9192
5.4051
3.4285
2.4187
2.7434
4.5914
3.3198
3.7602
3.3632
4.3122
3.7489
5.1129
4.7000
3.3500
4.1207
6.2139
3.3091
3.5045
3.5334
3.5654
3.5762
3.9047
3.3273
3.9658
2.7821
2.9301
4.2409
4.0761
