1.8223
3.1726
5.1090
7.4987
5.9484
7.2054
9.2972
6.5782
7.6287
7.6322
7.3317
7.4633
6.1787
7.7783
7.2500
5.6410
6.2976
8.0958
6.9599
4.9780
8.0848
7.6789
7.3068
7.7391
5.9029
6.9641
6.2812
7.1611
7.9911
6.0075
4.8717
6.9892
6.3995
7.8555
6.1024
7.7864
6.6549
7.4543
5.7624
5.7487
8.1580
5.9541
7.4543
6.0122
5.6123
7.0318
6.1408
9.4360
9.5207
5.9591
7.9269
7.0940
6.6314
7.6731
5.5657
7.3186
5.6663
6.6376
6.3547
8.6902
5.3543
5.4891
4.2298
7.5831
7.1385
6.1065
7.3945
8.1532
6.1836
4.5195
7.9734
6.9697
4.3376
6.8717
5.7374
6.2626
7.6530
5.4764
7.1970
6.6931
7.4667
5.9428
6.4811
4.3680
6.1511
6.4856
6.6555
6.6383
6.0616
6.8405
5.1618
6.3510
8.1681
10.5615
8.4379
6.4994
6.7863
8.4343
5.6778
9.4580
4.1174
6.3756
4.4620
5.1814
5.1538
4.8930
7.5977
4.6974
4.3888
4.2468
5.2258
5.6035
6.1118
9.9673
6.2657
6.2364
8.3331
5.9985
6.3873
8.7651
8.1244
6.0749
7.1760
8.1431
4.7193
7.3456
5.9970
9.0832
6.0290
6.5803
6.8285
8.3929
5.9606
4.5551
6.8116
6.4136
8.2746
6.7724
4.4368
6.7676
4.2620
4.8764
6.4305
12.8417
3.9537
4.5103
8.1018
7.9378
7.0148
5.1513
4.0243
6.5660
8.0328
6.3711
6.9523
7.4361
6.8340
4.0967
4.7012
7.1977
5.2244
8.2548
5.5430
7.6882
3.9403
7.9738
6.1292
6.9564
5.7668
4.5454
6.1189
4.8809
6.3928
5.9584
6.5375
7.0187
6.1849
4.6636
6.2358
7.7007
5.5446
7.5428
4.6138
5.4029
6.7751
6.6549
4.9700
5.7788
6.8561
7.2214
5.4606
7.1912
5.4116
8.4981
5.9169
5.6720
6.1009
3.6619
4.4768
6.6528
