3.5188
8.2432
6.5698
11.4161
9.1443
4.7981
6.5398
5.9153
6.8542
7.7673
8.0140
6.2953
6.2532
7.2590
7.3863
6.3080
5.9405
7.4597
6.2681
5.1044
9.8107
8.5030
6.2573
6.2991
6.2245
7.1062
6.8355
5.9202
5.2448
6.1439
5.7613
6.2000
6.2552
5.9825
5.4265
5.6727
6.1235
6.6632
6.8488
6.1209
6.5014
7.3319
6.9030
5.3446
5.0285
5.8346
6.4485
5.7957
6.3308
7.6813
6.0084
6.4169
4.8082
5.6822
6.7044
6.3940
6.7547
6.0725
8.0260
8.4304
6.9277
6.4964
6.5595
7.7881
7.0751
5.5924
6.1454
9.2332
8.4353
7.3215
6.4101
5.0629
6.1661
7.3112
5.8417
5.4638
6.5614
5.7657
6.0539
4.8229
6.8540
6.1417
7.1521
7.3378
6.0615
6.9138
6.4113
6.9584
5.2155
5.9966
6.6598
6.7074
7.2159
6.2032
6.0385
7.4217
7.5590
6.6196
6.3573
7.5154
7.3031
6.8638
6.0706
5.5673
6.0964
4.9242
6.6126
7.3025
6.7253
5.1645
5.0270
5.2010
5.7547
7.3900
5.6208
6.2218
5.7917
5.2740
7.1621
7.3893
8.7772
7.0966
7.0916
8.6058
6.2159
7.3504
5.7564
6.0608
5.8606
6.8586
6.3682
8.1646
6.4934
7.3133
7.9733
6.0263
5.2885
6.6604
7.1398
7.2721
5.4227
6.4071
7.0728
7.0802
5.2122
7.3009
5.8443
6.6276
6.6613
9.0192
7.8882
8.7117
5.5170
6.1690
6.4202
7.5449
8.3453
6.7771
5.1673
7.2494
8.5816
8.6205
6.0374
7.9755
7.7447
4.6755
6.7112
6.7893
5.5146
5.7514
7.3701
5.4295
7.4776
7.2382
6.4644
8.2346
8.0819
6.8340
6.8806
7.3192
7.4772
7.5755
7.6249
8.1455
9.9788
7.0556
6.0317
5.4523
7.4380
5.2178
5.5135
9.0330
6.5325
5.4136
6.7011
7.2628
8.1108
8.6336
6.9417
7.7168
