19.7395
9.3693
7.7005
6.3664
5.7576
6.4537
5.8472
5.6252
5.3903
5.3023
5.5359
6.1153
5.6679
5.3505
5.3653
5.2391
5.4887
4.6653
5.5202
5.3987
5.1081
5.6253
4.3256
4.5206
5.1014
5.2518
4.4560
4.9429
5.4670
4.7576
4.0205
4.9396
4.3154
4.8437
5.2140
4.4835
3.6194
5.2467
4.7963
4.2160
5.3047
4.9315
4.6282
5.4415
5.1741
4.0722
4.5728
4.3880
5.0610
4.5534
3.9306
4.5525
4.4996
4.9328
4.6121
5.1139
4.8694
3.8180
4.6481
6.3990
5.3932
5.1159
4.2220
4.3427
5.2141
4.9320
4.3968
5.0852
4.4259
4.5899
3.6387
4.3458
3.7377
5.1777
4.0359
3.4671
4.1740
4.7743
4.9254
4.9884
5.1317
5.5083
4.1508
5.1273
4.4515
4.2402
4.9702
3.9693
4.8034
4.8644
4.7522
4.8426
4.1302
4.7332
4.8325
4.8711
4.7448
3.8585
4.6840
4.0474
4.6805
3.8782
4.5067
4.6627
3.5885
6.1114
3.8554
4.4049
4.8320
4.7677
4.6861
4.1438
3.7860
5.0691
4.6855
5.1969
5.0646
3.9586
3.6763
3.8430
4.0990
4.2933
4.7689
4.5374
5.4812
3.9662
4.8803
4.1846
3.6151
3.7398
4.6936
4.6385
4.6845
3.2316
4.3100
4.0465
4.1323
4.2860
5.5600
5.2175
4.0487
4.4501
3.6919
5.0974
4.0400
4.0999
3.9624
4.1147
4.4424
4.4318
4.5311
4.1022
4.4527
3.9017
3.5548
4.1118
3.5039
3.8077
4.1069
3.7364
4.0613
4.2317
3.6649
4.6712
5.1570
3.5480
3.9537
4.4631
4.3420
4.2036
4.4013
5.1209
3.1658
3.7740
4.2840
5.7215
3.8771
4.2534
4.2963
4.3381
3.2018
5.4615
4.6322
4.3073
4.3768
4.6791
4.8681
4.1146
4.5675
4.1821
4.6745
4.7910
4.2427
4.3887
4.1269
4.7054
4.1198
4.5061
4.7796
4.2976
