2.7687
2.9428
4.5412
7.1196
7.4000
7.0872
7.8921
7.3031
6.9464
5.9392
7.9068
6.5656
6.1318
5.6968
5.5919
5.2918
5.6560
6.3855
5.7302
5.2001
5.1921
6.3907
5.1332
4.4669
4.5354
5.4105
5.5356
4.8280
5.0448
6.6976
4.6542
4.8161
6.0529
4.8393
4.1600
4.3625
4.6213
4.6939
4.9047
4.2747
5.7134
5.4251
5.4918
5.3090
5.5340
4.8595
4.1550
4.7184
4.0393
6.6559
4.5912
4.0108
4.9961
4.3771
4.5057
4.7827
5.1524
5.3446
5.0440
4.5506
5.5582
4.0634
3.6840
4.0880
5.0870
4.0090
4.7033
4.6106
4.2734
5.4856
5.6616
4.4794
5.7095
3.5390
5.3092
3.9648
3.4483
5.0092
4.1111
3.6083
4.2035
4.0210
3.7879
4.1419
4.6821
4.9283
4.2691
4.1341
4.1957
4.2276
4.9553
4.4034
3.9010
3.7387
3.8374
4.1345
4.5632
4.8253
4.1035
3.6865
3.7987
5.2934
4.5091
4.5051
4.4272
4.7680
3.8539
3.9223
4.6501
4.5027
4.9286
4.3333
3.8779
4.7874
4.0217
3.9600
5.0083
3.9562
4.2520
4.6769
4.4396
3.6839
3.9546
3.4298
3.2069
3.5545
5.4696
3.5835
4.0845
5.2328
4.0295
3.1516
3.9977
3.3198
4.2942
3.9140
3.4364
4.3779
4.2424
4.4264
4.5582
3.9450
4.0440
4.4708
3.7886
3.4247
4.4779
3.3766
3.5979
4.3304
3.8925
3.3370
4.3930
3.5342
4.1085
3.4271
3.8053
4.7930
4.7930
3.6155
3.7252
4.8491
4.0171
3.8141
3.1761
3.5662
5.7831
4.0229
3.8434
4.0819
4.0516
4.0745
3.4623
3.8509
4.0185
3.2898
4.1055
3.6873
3.7401
4.9776
4.0588
4.1472
4.0094
3.6399
3.2209
3.3293
4.5468
3.9819
3.2537
3.2860
4.3840
4.1055
3.6268
4.0727
3.9720
3.4293
3.5656
4.2482
4.3961
4.4345
