3.0575
4.0216
6.0415
6.9274
7.3813
6.6005
7.3004
8.2826
7.0959
6.4171
7.3521
6.5025
8.1982
7.2479
6.7213
6.5571
8.2083
6.2984
7.5907
5.8267
6.6042
6.9181
6.8695
6.0420
7.0671
7.7001
6.3518
6.3899
6.9548
5.4955
5.7623
5.7594
6.5494
5.0854
6.8033
5.7001
6.9260
5.1279
5.0310
6.9609
5.0617
4.9555
7.6410
5.5034
5.7939
5.0143
5.1509
4.6101
5.4978
5.7883
6.8254
5.5243
5.0873
5.3056
6.2827
6.1943
6.5804
4.9264
5.4179
5.9499
5.7825
6.4485
6.4732
6.6060
4.9730
4.8748
5.6612
5.3421
5.0886
6.1028
5.9572
3.7486
5.0383
6.4300
5.7032
5.1751
5.3897
6.3076
5.8845
4.8814
4.5460
4.7668
5.0834
4.8466
5.6733
4.2807
4.3909
5.0703
4.2382
4.1451
4.8214
4.4190
6.3074
5.7224
4.4824
4.6708
5.8982
5.9039
6.2556
3.6411
4.3405
6.4993
4.0040
4.7203
4.6103
5.0759
4.6238
5.7655
6.0953
5.3596
4.9510
5.1353
5.2709
4.3404
4.5974
4.8069
5.3099
5.1629
4.7665
4.9524
4.9720
4.9880
4.3457
5.0034
5.4911
5.1132
4.4016
5.5357
5.1606
4.2983
5.0432
4.4105
4.1180
5.2865
4.5134
5.9927
6.2912
4.7470
5.3375
5.3221
5.3508
4.5072
4.0565
4.2049
4.8948
4.1540
4.6330
5.1600
5.6539
4.2466
5.3138
5.7688
4.0759
6.3819
3.8710
5.7261
4.9660
4.1387
4.9778
5.1454
4.3019
5.9937
5.4456
4.6946
4.1676
5.3087
5.7163
5.3455
3.8729
6.7842
5.3352
4.6136
4.5211
4.7294
5.4152
4.6952
4.8865
4.3261
4.3522
3.7272
5.0762
4.5650
6.3009
6.0723
5.8308
3.5824
5.8406
4.9002
5.2556
3.7341
5.2391
4.5732
5.4563
4.3062
3.5987
4.4687
5.4549
4.2875
5.2204
5.1084
