2.3339
2.8653
4.1386
6.2792
7.5375
7.7876
6.9834
8.0561
6.0447
6.5321
7.8720
6.3986
5.8985
8.3934
8.4716
7.0365
5.2657
5.5780
4.9823
6.2311
5.1625
6.3409
6.6062
5.4656
5.9158
5.7980
4.9993
5.3822
4.4510
6.2655
5.7880
5.3787
6.3312
4.8975
4.7270
7.4049
4.1678
5.0749
4.0050
4.8677
5.0496
4.5718
3.8515
6.2498
4.6214
4.9234
7.0226
5.3436
6.2406
5.0177
5.7836
4.0935
4.5241
4.7329
5.2090
3.2298
3.2753
3.9394
3.7772
3.6423
3.5761
4.0988
6.0251
4.6329
5.0017
4.1466
4.7567
5.3742
3.6495
4.8846
4.3258
4.7013
3.6782
4.5678
4.3662
3.8654
5.1873
3.7149
5.3068
5.0153
3.6212
4.3524
4.9263
5.3510
4.7173
4.5003
4.0100
3.4048
4.5294
3.8756
4.0211
5.6964
4.0621
3.3431
5.5093
4.8466
7.3738
3.3802
3.8978
4.8423
5.2795
4.6555
5.8116
5.6308
3.0189
4.7108
3.8325
5.1592
4.3019
3.5257
4.4236
3.4890
6.5286
3.6300
3.4003
5.2668
3.7949
3.4370
4.2024
3.7878
4.6242
4.2731
3.3616
2.6158
4.4232
3.6668
3.6117
4.1441
4.7672
3.6457
4.9627
2.7568
4.5966
3.4261
3.8130
5.4770
3.8524
4.6095
4.7298
4.6008
6.3564
3.2628
4.9748
3.8124
4.3918
3.8448
3.7021
4.3183
3.4674
3.0888
4.6505
4.9405
4.1601
5.2611
5.0281
4.4464
4.5208
3.6600
4.2788
3.6131
4.1423
2.9768
4.1224
3.9173
5.0031
4.0872
3.2760
3.6610
3.3867
4.1141
3.7336
3.5602
4.9115
5.1432
3.0067
3.7723
3.2534
3.4499
4.8476
4.1018
3.5771
4.6566
3.2683
4.4039
3.4652
3.6977
4.0075
3.3708
3.8987
4.2339
3.0547
4.3938
3.0160
4.8649
4.8218
4.4043
4.0197
4.8832
3.2806
4.2835
