17.5039
21.4183
21.1896
21.3362
22.6633
19.8181
20.0407
20.3334
23.1666
19.3565
20.3092
22.0262
21.3633
22.1784
18.0064
20.5647
19.7968
18.8759
19.5820
19.6817
24.7102
19.5401
21.0610
19.7524
18.6890
21.4280
22.3014
24.7589
19.0936
16.7485
20.1594
20.2534
18.5101
22.3297
21.4968
20.4485
20.2690
20.9871
19.7942
21.9831
21.4129
24.3433
20.9134
19.0345
19.9282
22.0520
21.2178
18.4887
20.9200
20.3449
22.2986
18.5112
20.3382
22.7152
19.6219
19.0295
19.9462
19.8667
21.6647
20.0667
20.4955
17.6947
23.9233
20.4650
21.0306
19.5477
19.0005
21.0287
21.4264
21.6350
21.7964
20.2459
18.8881
20.1604
21.4475
22.7864
20.0555
20.9228
19.9558
17.9964
20.7857
22.2056
22.8080
21.5991
18.9160
21.4070
21.2570
19.7868
19.2753
22.9037
21.4530
23.4027
18.4435
22.5990
19.3165
20.2844
19.7970
20.3822
19.3244
20.7004
19.9024
19.6778
18.6709
20.6016
21.4793
22.0271
17.2548
19.5262
20.7471
21.8602
21.6409
22.7154
19.9527
22.0571
24.7548
21.2005
21.6084
19.9539
23.5713
23.0124
18.0215
19.9539
18.6505
23.4493
21.2383
19.5488
20.1048
17.8670
20.2883
21.4622
19.6014
19.6485
19.1539
20.7102
21.3364
17.0284
21.1864
18.8862
20.7780
18.4023
19.9205
22.3763
22.0419
19.0817
19.9669
17.3444
23.5631
20.2620
21.5132
22.3042
22.5643
19.9789
17.8737
19.1594
19.5266
19.9379
19.8659
19.3804
19.7946
21.0204
19.6248
19.9956
20.8491
21.6109
20.7844
20.2637
19.4565
19.3749
18.1452
22.4697
20.0282
19.9280
21.1749
18.3156
21.6874
18.2312
19.6911
20.2084
20.8692
22.4941
18.8854
22.8354
19.9881
20.8589
20.0581
20.1183
19.8137
21.0971
17.5296
20.1338
20.8396
18.1588
23.5800
19.9767
19.1234
17.6725
21.1278
20.2310
25.2711
19.5827
