2.7938
4.3765
7.1245
7.3332
7.2500
7.4170
5.3736
4.8413
5.5969
4.7244
4.3042
5.8208
4.3692
5.7628
5.9153
5.9660
5.7670
4.0418
3.9111
4.0659
3.5915
4.2530
5.6269
4.1414
4.4201
2.6903
3.3329
3.1811
2.6526
2.2848
4.8336
3.2681
2.5064
2.9259
4.1370
2.2710
3.7168
3.2377
2.2341
1.7243
5.0304
3.3226
2.4404
4.2323
3.7153
2.2359
4.3752
3.0808
4.2794
3.9181
2.7630
2.5170
2.7403
1.7021
3.3405
2.8372
2.4853
2.6319
2.1191
4.3777
4.2034
3.6763
2.9845
4.2318
1.8228
2.7386
2.9389
3.0879
2.4678
1.7079
2.2546
2.5825
2.4297
3.3653
2.9511
2.0506
2.8802
3.1473
3.9063
2.3103
2.7590
2.7940
2.2451
3.5469
2.6433
2.0681
2.6810
4.2482
2.9675
3.6693
2.3222
2.8876
1.6041
1.1774
2.1750
2.5064
2.1768
2.9046
2.8003
1.9835
1.7984
2.0131
3.0402
2.8565
2.8494
2.5055
4.3387
2.8079
2.5409
3.4648
2.4423
2.5313
4.0041
2.9704
1.0869
2.6909
3.9463
3.4103
1.6047
3.3342
2.2293
3.4463
2.1386
2.4940
2.5439
2.3482
1.7875
2.6769
1.0946
3.2026
3.6951
3.7438
1.1124
3.7104
1.9174
2.0545
3.5784
3.9800
2.1023
3.3433
2.7188
1.3329
1.8832
3.3804
3.4487
3.6630
2.6740
2.6492
2.5040
3.1403
3.0735
3.8990
5.2721
2.7290
2.6095
1.6399
1.6229
3.3036
2.2471
1.4424
1.5960
4.0128
3.3281
2.4539
3.8035
1.2120
3.0902
2.2758
2.6904
3.5405
2.7348
2.0849
2.5186
3.1853
4.5210
1.4924
4.3906
0.9744
4.4960
2.3395
1.8588
2.0992
1.1634
3.1673
1.9675
2.8721
4.3320
2.3824
3.6285
1.7385
2.0841
2.3255
2.8729
1.1180
3.1009
1.9978
3.8875
0.9238
2.5776
1.1526
