16.4072
11.6446
8.1221
7.7981
7.1480
5.2542
5.0946
4.3879
5.2451
5.0329
5.3961
5.4127
4.5382
4.6002
4.5007
4.0891
4.1354
4.3874
4.4174
4.5876
4.6050
3.9791
5.1146
4.6243
4.8412
3.6235
4.6113
4.5933
4.7947
4.0892
4.8585
5.4545
4.5586
3.8393
4.9010
3.5791
4.0904
3.2369
4.6691
3.4653
4.4310
5.6340
4.3210
3.4768
3.8921
4.5820
3.6785
3.3626
3.4150
5.3428
3.5556
3.9720
4.7835
3.4950
3.2211
3.7818
5.0261
3.5655
3.2511
5.0356
4.1436
4.2209
4.6547
3.6309
3.8013
3.9838
4.3617
4.6993
3.6273
4.4024
5.4540
6.2499
4.2158
4.0159
4.5191
3.3341
4.5730
4.2850
4.6218
3.0934
5.8384
3.7810
4.3708
4.6063
3.2984
4.2869
3.9150
4.6434
4.0620
4.7403
3.1900
3.8635
3.9442
3.2735
3.9095
3.7413
3.6243
4.6233
3.5192
3.9512
3.6232
3.7905
3.3537
3.1072
4.2764
3.9212
5.2374
5.1132
4.4501
3.5716
3.2249
4.3569
3.6513
4.8143
4.6989
4.2981
3.8258
3.3407
4.2944
4.8804
3.6668
3.7399
3.4496
4.7356
4.4457
5.7943
3.5399
3.5194
4.0400
3.8374
3.0699
5.3767
4.0356
4.2207
4.3654
3.5573
3.6287
4.9054
3.1586
4.1356
3.5723
3.8209
3.4699
4.4172
3.5926
3.7218
3.6178
4.4999
3.5890
4.0120
6.3765
5.4651
3.6620
3.1832
4.1907
4.6118
3.5976
3.6033
4.5479
5.3485
5.9556
3.2843
4.6883
3.6241
3.3064
3.9309
4.5604
3.7689
3.9281
4.5158
3.5154
3.6529
3.3641
5.2577
4.4238
2.6851
3.8625
4.3565
4.6779
2.9332
4.1340
4.1629
4.4606
4.5903
3.7565
3.3551
4.3961
4.8925
4.4997
3.1272
3.2795
3.3639
3.8269
3.6020
4.9585
4.3326
3.7009
3.1922
4.1669
3.8904
