3.4006
5.7994
6.8955
7.2395
6.1559
5.0106
4.5312
5.4411
3.6485
5.3630
3.5757
4.9270
5.3200
3.0880
3.2918
6.0207
3.2660
2.6806
3.4002
3.4768
4.1672
4.0270
3.6218
4.6149
3.8958
2.8563
3.0755
3.5083
2.7598
3.3664
2.9912
4.7056
3.0468
3.4198
2.7980
3.2342
2.6720
3.6390
3.4702
2.8459
3.6069
3.6449
3.6753
3.7588
2.4863
2.6368
3.0448
2.8010
2.8920
3.5744
3.8837
2.7445
3.3183
2.6863
3.7364
4.2433
3.3787
2.6291
3.4300
2.5896
3.9616
2.6546
2.7585
3.5021
3.7373
3.2828
3.0615
4.8475
3.1881
3.0210
3.4516
4.2876
2.7917
2.9905
2.8359
3.0251
2.7770
3.6897
3.1708
2.4369
2.7729
2.4972
2.8316
2.6583
2.5651
3.8927
2.7109
3.7284
2.4876
2.5446
3.4283
3.3480
3.3968
3.5821
2.4237
3.5197
2.8201
4.2246
3.9820
3.3749
2.4386
2.7088
3.5287
3.3637
3.1414
2.3826
2.5995
3.6287
2.3728
2.6700
3.8850
2.2074
2.7181
2.3155
3.1740
4.5798
2.5959
2.4074
3.3661
3.6382
2.2952
2.5774
2.4220
3.0609
3.3600
2.4108
2.8401
2.4195
2.3778
2.3835
2.2842
2.3843
2.1789
2.6766
2.4546
2.9318
3.0100
2.6395
2.4076
2.5103
2.3962
3.1072
3.9991
2.7271
3.5859
1.9970
3.1118
2.2120
2.3931
2.9510
2.2993
3.2961
2.1484
4.6868
2.9303
2.3863
2.2062
3.7508
2.5681
2.8866
2.1576
3.5564
2.9077
2.1503
2.8701
2.4967
2.9475
2.7054
2.4479
2.5160
3.2199
2.0577
1.9961
3.5441
2.4132
2.2827
2.2691
2.2233
2.0586
2.2661
2.3314
2.4958
2.1580
2.6516
2.1339
2.6235
2.7546
2.8540
2.0245
2.1309
2.4302
2.5661
3.5722
2.0569
2.0432
2.3044
2.2858
2.9665
2.3130
2.5179
