3.1712
4.2076
5.5416
7.8122
10.0013
10.5453
11.7991
11.2973
12.8246
12.5579
15.2585
14.6086
14.9308
15.0972
17.0694
15.2378
14.9317
16.6514
17.6982
18.0133
18.1546
19.0963
19.2606
15.3395
21.8414
19.5137
23.3245
18.9669
19.3604
20.9529
15.6854
21.5359
20.8467
20.5422
23.2004
20.2781
20.3965
19.9367
20.4623
23.9469
21.9669
23.4069
21.3030
17.5530
21.6367
23.1335
24.3787
21.5066
22.2033
22.7246
22.3436
22.0538
24.6856
21.8468
23.3766
22.4542
24.1096
27.0177
22.2069
23.3231
25.1076
23.0852
24.0560
28.7478
25.7552
23.2691
21.9044
26.8397
25.5758
24.0228
25.5486
23.1584
25.0743
28.7871
25.9711
27.6037
23.5087
25.5943
28.2409
24.8353
25.1133
24.1845
25.5663
29.7127
29.4281
25.2273
26.8449
32.2896
24.7045
28.9050
21.7505
27.7260
27.6727
24.1347
24.1415
27.9962
28.1987
22.8354
26.9942
30.4815
29.5567
25.7957
23.0210
23.8886
25.2598
29.0163
25.0887
26.9044
30.3841
29.3411
30.1345
27.5339
29.2756
31.0281
33.5378
27.6372
27.3544
31.1451
34.7000
27.5280
25.3210
32.7440
33.9188
31.5749
29.3222
26.0178
28.3417
27.9908
30.9049
31.1938
28.9785
32.1839
28.3089
31.1047
33.2128
34.7976
32.7162
28.9957
29.9463
34.1532
29.1313
32.4656
32.0096
33.2801
36.0009
25.9182
33.9193
31.6926
25.3019
31.1785
29.4316
31.2219
34.5300
31.7721
32.5935
29.8779
34.4901
34.1219
31.5169
32.7724
32.1054
29.0583
30.8227
38.9154
29.2949
32.6500
34.1116
34.5403
31.6737
39.9971
33.4195
27.8295
29.3674
27.6376
33.1478
33.0319
37.0420
38.0341
29.6356
37.3654
32.6137
30.7961
28.1315
33.5582
36.5725
30.5735
35.8398
39.1508
43.6276
32.1215
35.3292
32.3346
38.8696
35.0507
31.6415
31.2557
37.2678
39.8867
38.4007
36.6786
