3.1824
4.7865
6.6382
7.3734
7.1838
7.2259
7.0485
6.0611
5.7981
6.5391
5.7508
6.4291
5.6432
6.5164
4.9394
5.1839
5.7431
5.4745
4.1553
5.0309
5.0963
5.8675
5.6326
5.3821
4.7640
4.8511
4.6819
5.1357
4.4933
5.6468
4.5221
4.9700
4.8845
4.5337
5.2508
5.2719
4.1248
4.1001
5.4460
4.9903
3.6734
4.6768
4.7335
4.2737
7.2888
4.0003
4.3793
5.0225
5.1694
4.2954
3.5219
4.5738
6.6197
4.2659
3.5483
4.5393
4.1953
4.7548
4.9290
3.6262
3.7210
4.3588
3.7126
4.1801
3.7104
3.5048
4.0137
3.7936
3.2501
3.5916
3.5957
3.2140
4.4929
5.0777
4.1312
4.9600
4.0036
4.9166
4.7213
3.9352
3.7639
3.3139
3.3872
3.1915
3.5029
4.6035
3.9616
4.2545
3.7586
3.5783
3.2372
3.6107
3.4664
4.2189
4.9811
3.2879
6.4435
4.2205
3.6429
4.7605
3.8261
3.7469
4.2790
2.7759
3.8101
4.4350
3.5176
3.5602
4.4464
4.1266
3.0369
3.1531
4.3259
3.9825
3.2466
3.1257
3.9179
3.9398
4.5608
2.8950
2.5197
3.5669
4.6867
3.6147
3.7714
4.4965
3.6262
2.9990
3.1892
4.3827
3.5302
2.9882
3.3831
3.8480
4.9641
3.6335
3.9082
3.5689
3.1699
4.2291
2.1984
3.2484
5.0104
3.4976
5.7250
5.3639
4.1092
3.9363
3.8921
3.7342
3.2505
4.0774
3.3920
3.9457
5.2312
4.8037
3.4527
3.1644
3.2205
3.4020
5.0694
4.8979
4.4592
3.7861
4.5747
3.7612
4.1122
3.5344
3.4327
3.1807
3.6005
4.5812
4.3102
2.7866
5.0996
3.0621
4.3303
2.9394
3.6609
4.2939
3.8969
3.1950
3.6912
4.0471
4.0500
2.9902
2.9465
3.9519
3.9093
2.8836
3.9057
3.3004
3.2897
3.8208
3.0021
4.2067
3.7719
2.8539
2.8164
2.8519
