1.3333
7.9300
7.0443
6.3648
6.3319
5.9800
6.2331
5.9404
6.0778
5.9543
5.9782
5.8494
6.1614
5.9190
5.7664
5.6366
5.7347
5.9202
5.6833
5.9421
5.7066
5.8339
5.7322
5.5432
5.8213
5.8289
5.9356
5.6176
5.5313
5.8067
5.7360
5.8703
5.6443
5.6747
5.8949
5.7176
5.8389
5.4227
5.6917
5.6266
5.4372
5.7526
5.9038
5.5645
5.7217
5.8729
5.6468
5.6544
5.4885
5.5267
5.9055
5.6254
5.8956
5.5936
5.5332
5.7192
5.6048
5.4403
5.4924
5.8037
5.5715
5.7231
5.4775
5.5533
5.6011
5.8829
5.6720
5.5550
5.5029
5.4790
5.6669
5.3846
5.6567
5.8145
5.6131
5.5838
5.5261
5.4591
5.5854
5.9179
5.5512
5.6371
5.6308
5.7121
5.8421
5.5591
5.5488
5.6261
5.6265
5.5779
5.6442
5.5496
5.6321
5.5198
5.5706
5.6287
5.4631
5.6878
5.6208
5.5118
5.6728
5.6510
5.4517
5.5028
5.6831
5.4120
5.5891
5.5190
5.6521
5.5785
5.5461
5.6645
5.7475
5.6272
5.6090
5.6422
5.4922
5.5221
5.4409
5.5976
5.7246
5.5394
5.7776
5.5763
5.4541
5.5572
5.7228
5.4770
5.6126
5.6566
5.4102
5.5987
5.4109
5.7088
5.4813
5.7228
5.3984
5.4916
5.4219
5.2223
5.6034
5.7228
5.4316
5.5371
5.6779
5.7328
5.4015
5.5696
5.3574
5.5068
5.5036
5.7865
5.6061
5.5613
5.7051
5.5962
5.5433
5.4988
5.6031
5.4882
5.5665
5.5732
5.2833
5.6542
5.5737
5.6892
5.4605
5.4944
5.5334
5.4655
5.7032
5.4670
5.4051
5.8039
5.4815
5.5451
5.4532
5.6050
5.5133
5.3705
5.6075
5.4858
5.5889
5.6845
5.3792
5.6597
5.3554
5.4993
5.8187
5.6098
5.5271
5.3407
5.6015
5.3890
5.6633
5.5642
5.3683
5.5146
5.7806
5.5417
