8.9164
6.8109
7.8684
8.1784
6.7145
6.9670
5.4379
5.7929
8.0878
7.8504
7.2158
6.9973
8.3122
6.7585
6.9979
8.5553
7.2489
7.7395
5.8859
6.3975
6.2169
7.1812
6.0011
8.5540
8.1257
6.1697
6.5886
6.3648
7.3093
7.0465
6.2345
7.5795
8.4712
6.3390
5.8824
7.5024
6.1308
6.3411
7.6561
7.7635
6.3130
5.7945
7.3296
8.1076
7.0305
6.9132
8.1590
7.2279
7.6515
5.6353
7.1039
8.3658
6.1406
6.5674
8.0653
7.6556
8.5471
6.4960
7.1053
7.6613
7.0562
6.4294
6.9347
6.6191
6.0515
6.0053
8.5048
6.1096
7.5008
6.7933
6.8025
8.5493
7.7379
7.7789
6.8171
5.9015
8.8066
8.5380
7.9258
7.6326
8.2574
7.3651
6.3655
7.2129
8.9796
7.6841
8.4752
6.0255
6.9712
6.2583
7.4311
6.0425
7.5239
6.9013
7.8394
7.0602
6.7954
6.9968
6.6172
8.1069
7.0291
7.0137
8.5798
7.2768
7.6155
7.5070
7.9358
7.4146
7.0186
6.3874
7.7808
7.2968
6.2704
6.6571
7.0767
6.2247
6.8114
7.0730
6.9043
6.9845
8.2104
5.5780
6.6272
9.1850
7.5269
7.1660
6.5208
7.3702
6.7647
7.2913
8.4717
6.6192
5.0645
6.7179
6.8498
6.8874
6.7736
6.3205
9.2612
5.7389
7.3015
5.7082
6.2308
6.2190
7.7577
6.2538
7.5700
6.3895
6.8606
6.4211
7.0231
7.3604
6.0543
7.4979
8.5010
5.7474
6.1773
6.5936
7.1170
7.8441
7.5774
6.8247
5.8457
7.1282
7.8691
6.8195
7.5122
7.5396
6.0708
7.2382
6.1626
6.4396
7.2016
6.2865
7.4498
8.3758
6.6039
7.5386
7.7021
8.4751
5.5968
6.1000
6.3303
5.7537
6.5439
6.7312
6.3642
8.0408
7.0279
7.7241
6.1657
7.5210
8.4660
7.6304
6.7969
7.0523
6.3627
6.2257
7.0571
6.4287
