21.4358
22.2831
24.4158
20.6559
24.7206
21.1056
24.6630
23.2759
24.9581
25.1266
22.9976
22.5391
26.0730
24.6887
22.8176
27.9211
23.8791
23.9366
26.9122
27.3590
26.2299
26.4826
27.1387
27.0114
24.8146
25.0827
23.0735
27.3883
22.1282
25.5350
23.6897
26.5093
24.1793
27.6842
23.4191
25.9048
25.2890
24.9981
23.8812
25.7223
24.1802
25.2461
24.2753
22.7234
22.0476
24.0322
26.8719
23.9018
26.6443
24.5872
22.3180
26.0525
26.6166
26.0310
24.2745
23.8366
26.2563
24.7074
24.6170
24.6606
22.6447
23.2734
22.8953
22.1535
25.3558
22.6495
23.5920
24.8471
21.2976
25.2321
21.5417
24.3855
26.5424
26.5573
24.2144
25.4370
26.0177
24.0471
24.2700
25.6152
24.5987
24.9178
24.5212
25.9406
25.8073
24.2110
25.7552
25.9812
22.6452
23.9484
23.5970
27.6402
24.2361
24.3507
25.9385
27.8314
24.1626
24.6298
23.9043
23.8385
23.9796
23.7619
24.0539
25.8652
23.5616
23.6441
24.9466
27.4356
24.2440
24.7708
24.9479
24.7484
22.8114
24.8075
25.0996
23.2781
23.3776
24.6250
22.8358
25.7719
23.2942
25.0613
23.4419
24.9131
24.5089
23.2672
27.4838
23.2214
22.2734
22.4177
22.6919
24.3467
23.2211
23.9409
23.1997
22.9942
25.2670
25.0739
28.1011
23.5534
24.3703
21.6314
24.6134
23.7596
25.9466
24.1626
24.3562
22.4510
26.6733
23.1637
24.3898
24.0926
23.5305
22.9856
24.1223
24.0711
24.1668
25.1220
24.1551
24.3329
26.6917
25.2249
25.3371
24.4958
24.9864
23.9062
25.6376
21.0371
23.8202
23.3674
23.7508
21.9886
24.9043
26.8354
26.3842
23.9976
23.0998
24.6060
23.3453
22.1054
23.0819
23.4241
25.8852
23.9243
23.5820
21.6884
23.5674
24.3822
27.0577
25.2915
23.2107
25.8968
22.0490
25.1461
24.3121
24.6870
26.7815
23.3831
24.1996
23.7179
