21.4358
11.4735
8.9007
11.0763
9.7400
9.1940
8.9714
6.8360
8.1895
8.6308
8.6831
6.9391
8.8871
6.9006
9.5707
6.9536
7.7071
7.1568
7.1625
8.1927
6.8924
7.7535
7.4712
7.6031
7.5870
7.1805
6.0946
7.5323
7.6599
7.9168
6.2391
7.6810
8.4895
7.9443
6.4991
6.6254
7.9370
7.4055
7.0935
6.4329
6.1718
6.4835
6.7195
8.6411
5.8875
5.4742
6.1416
6.6436
7.9742
5.2327
7.0925
5.9482
7.3693
7.0838
5.9559
6.4358
6.6811
6.2828
7.0480
8.4529
5.9686
6.4114
7.0663
6.9311
6.3804
7.0612
6.6600
6.8559
6.9999
6.3163
5.6373
7.3284
6.9934
7.8899
7.6655
7.5302
8.8919
6.8071
6.2697
7.2144
7.5192
7.6369
6.1406
6.6758
7.1061
7.2032
6.8919
8.2580
6.8502
6.1657
7.2712
7.0671
7.1132
5.7224
8.9989
5.9737
6.1776
8.2593
5.8697
5.4009
4.4504
6.8650
7.4473
7.6675
6.8150
5.9149
6.6892
8.6564
6.9764
6.5295
7.6746
6.2016
7.7120
7.0581
5.6751
7.5131
7.4190
8.0243
5.4149
9.0926
7.2032
6.0317
6.8589
7.1557
5.0005
6.3721
8.8407
6.5677
5.8470
5.6131
6.5711
5.7659
6.3179
5.7082
5.5802
6.3594
6.1318
7.1733
7.2856
5.7071
8.3548
7.0410
7.3251
6.6543
5.5677
5.9443
6.6705
7.2714
5.1586
6.7823
6.0791
5.9694
6.1272
6.7240
6.3744
8.0874
6.6243
5.1066
5.1971
8.1163
5.5934
4.6845
5.4734
5.0444
6.5744
6.9062
6.2026
8.2959
6.5615
6.7471
6.3054
5.2274
6.0666
9.7931
6.9617
6.0677
4.7539
6.6006
5.6275
5.8046
6.3086
7.5926
5.8668
5.8951
5.9084
6.5448
7.0224
6.1083
6.6513
4.4235
6.3229
8.0380
6.7811
5.1351
4.6441
4.9906
7.4929
6.0088
6.3624
5.8991
