1.8854
2.7398
3.8567
3.7544
4.0953
3.5617
3.1683
2.4063
4.0572
4.4240
2.7434
3.0560
2.7120
4.1825
2.3117
3.6524
2.4829
2.5633
3.7659
2.7047
3.4028
2.5856
3.6619
2.1039
2.7281
2.6495
2.5396
2.2713
2.0370
2.7063
2.4454
3.0122
2.6340
2.3971
3.6879
3.3064
2.3327
3.3141
2.8602
2.5308
2.5235
2.0313
2.4571
2.3618
1.9823
2.6426
2.2095
2.4036
2.3974
2.2465
3.0710
2.2025
2.3492
2.0658
2.0691
3.2974
2.7405
2.0026
3.6192
2.1784
2.5597
1.9279
2.9390
2.1696
2.5964
4.2893
1.7283
2.6003
2.6869
2.5437
3.3534
3.3785
1.7401
2.4868
2.1932
2.4104
2.2925
2.2504
2.2364
2.6697
2.5337
1.9919
2.3758
1.8431
2.0897
1.6290
3.2333
3.2748
2.6400
2.3042
2.8914
2.6625
2.0113
2.5903
2.0753
2.4292
2.4476
2.5980
2.0902
1.9735
1.9202
2.7712
2.1114
1.7266
2.0015
1.8239
3.2752
1.7433
2.1001
2.7149
2.2182
1.9073
2.1879
1.6717
2.2232
2.0868
2.5162
1.9141
2.2471
3.0825
2.6439
1.9855
1.8955
2.5285
2.0091
2.3377
1.9197
1.8876
2.3504
2.2970
2.1078
1.7502
1.9839
1.7141
2.2102
2.0665
1.7752
2.0463
1.9045
1.9974
2.3584
2.6630
2.2182
2.0132
2.5657
2.1049
1.6605
1.9283
2.3838
2.0638
1.9953
2.7027
1.7877
2.3529
2.1573
2.3327
2.1824
2.0450
2.7656
2.2250
3.4201
2.8479
1.9027
2.2395
1.7804
2.3587
2.1658
2.3660
2.1369
2.5706
2.5166
2.0596
3.0261
2.4290
2.0534
1.7379
2.7397
2.1436
2.4671
2.0802
2.8670
1.8814
1.7695
1.7200
1.8651
2.1914
1.8017
2.7702
1.8492
1.8891
1.3298
1.9758
2.7847
2.4798
1.6326
3.4146
2.0492
2.4958
1.9710
1.8528
