4.2507
5.2884
8.1002
9.4091
11.5577
11.2298
6.6001
6.7884
7.5849
7.6008
5.9631
6.5897
7.6230
7.0049
6.7854
6.5914
7.8943
7.7627
6.6846
6.3426
7.8554
7.1896
5.8012
6.9709
7.4310
6.6494
8.0881
7.5000
7.3776
7.6209
6.7683
7.0961
5.9125
6.9164
7.2550
8.1407
6.7865
6.5495
7.7231
7.3423
8.1440
8.3369
8.6702
8.8789
8.3341
7.0561
7.6983
7.7386
7.3398
7.5794
7.2481
8.7334
9.8410
8.0483
8.1037
7.6085
8.5914
7.5507
7.5823
7.7725
7.8942
8.8433
7.4195
6.8927
7.6075
7.2953
6.9693
6.3923
7.0165
7.4910
8.0032
7.3051
8.3099
5.8561
6.9395
6.6371
8.4577
7.9667
6.5926
8.4877
8.0012
10.3027
9.1059
8.7285
9.7709
9.4245
7.1807
8.5237
8.1510
6.6672
7.5826
7.2404
7.5640
7.8084
10.1235
8.1687
9.0239
7.7346
7.7303
8.8886
7.3490
10.6493
8.0961
8.0941
8.6605
9.5813
9.1918
10.7977
8.8230
11.1528
8.3946
8.1963
7.8486
8.5006
6.4165
8.2931
8.7019
7.2683
6.8860
6.7945
8.2485
8.5854
8.0999
8.5020
7.5516
8.5245
9.2766
8.6246
8.0745
12.4310
10.3699
7.4512
8.0396
7.5614
8.8990
11.7915
10.1264
8.3602
7.0856
7.2144
10.4183
8.4129
6.5533
8.5265
7.2866
8.7711
7.0473
7.3490
8.0900
9.2564
9.5624
8.7727
7.1019
12.1696
9.5285
7.5331
8.7739
7.2403
8.0103
9.0281
6.9102
9.0120
12.2236
9.4869
11.1045
11.0313
8.2823
8.7324
7.2090
8.4665
9.3229
8.7079
11.0390
7.9676
9.0316
9.6682
7.6214
8.7931
9.7427
7.0489
8.6906
7.5287
9.2409
10.2013
8.5227
8.9302
7.8104
9.8313
6.4903
8.0588
7.8164
7.5960
7.4524
7.2081
6.4198
5.9234
10.1469
9.5380
7.7618
8.3182
