19.1909
8.9076
7.7303
8.7660
7.5828
7.7866
7.6432
6.9675
6.4005
6.7769
8.2053
7.2560
8.1478
8.9537
7.5945
7.3597
7.2607
7.2345
6.7300
8.5656
7.3665
8.0973
7.7283
7.9788
7.4085
7.2684
7.7465
7.3217
6.8803
8.5186
7.4495
7.6354
7.0602
6.9976
7.3330
7.5607
8.4167
7.7995
7.6285
9.0209
6.9777
6.8546
7.7771
7.3822
7.2350
7.4943
7.4207
7.7948
7.3783
7.6933
7.0543
6.3497
7.9951
7.5793
7.9652
7.0719
8.2462
8.2830
8.0200
7.5776
7.3271
7.1040
6.6896
8.0177
8.1107
7.6732
7.6911
7.5928
7.0314
7.8682
6.8966
7.8370
6.6657
7.7285
7.7285
7.1667
7.5328
7.3202
7.7473
7.1700
7.4420
7.5345
7.3818
7.6293
7.4277
6.9602
7.8003
7.3147
8.1909
6.8684
7.3794
8.4913
8.0078
7.0104
6.4092
6.9632
6.9667
8.2319
7.7709
7.2070
6.6120
7.6266
7.1300
7.3208
7.2410
7.1755
7.5836
7.2037
7.2474
7.1011
7.8166
7.5879
6.3663
6.8891
7.7624
7.5693
7.1577
7.3330
6.7893
6.5529
6.5431
6.7829
6.7513
7.9128
8.0197
7.2713
7.6172
6.6544
7.2709
7.8098
6.7155
7.8710
6.6262
8.0027
7.4018
7.3243
6.9867
8.5928
7.9767
7.4638
7.5522
7.0004
6.6236
7.3693
7.6529
7.1426
8.0333
6.7976
7.3405
6.8894
6.8375
7.4578
7.6942
6.9387
7.0718
7.6232
7.0891
7.8466
7.1127
6.8951
7.4609
7.3446
7.4078
7.8012
6.9105
6.9768
7.6771
7.7411
7.1906
6.9666
7.8644
6.6005
7.3786
7.2070
8.0838
7.0243
7.3531
7.9490
6.6965
7.1793
7.2916
7.3504
7.2504
7.8112
6.5681
6.8645
8.1502
7.6695
6.9321
7.3805
7.0360
8.0799
8.2467
7.4002
7.0723
7.9601
7.1776
7.8630
7.6124
7.1864
