2.5095
4.8252
7.4444
8.7841
9.6360
9.3336
9.6495
9.7347
8.5973
7.9089
9.7978
12.8923
8.4455
7.9733
9.5142
9.2389
10.6842
8.5006
8.4322
7.0057
7.0724
7.6624
6.8876
7.8314
7.0765
7.2139
7.2575
5.9032
7.7777
7.5648
6.9538
6.4064
6.8681
7.8352
6.9979
7.1824
7.4512
6.1176
7.9659
6.7644
5.2263
6.9414
5.6216
8.5574
7.8434
6.4914
5.9187
5.3531
5.8425
6.1855
5.9070
8.3654
6.1688
5.7640
6.5965
5.8839
5.9652
6.1063
5.2556
7.1766
5.7771
5.2801
5.6546
7.2480
6.9971
6.1881
5.5194
6.0085
5.4375
6.5798
6.7442
6.5176
5.0284
6.2537
7.4158
6.1748
5.6560
6.9144
6.3988
4.4216
7.0067
5.5059
5.5283
5.2403
7.1269
7.6220
5.4491
6.4027
5.0681
7.7850
7.2229
4.6367
5.8399
8.3364
5.6257
5.7690
5.5161
7.1405
5.9375
6.7993
4.9631
7.0802
5.6120
5.5325
5.7818
5.8028
6.7383
5.1579
5.5251
5.2523
5.1191
5.3783
5.3108
5.5052
5.6082
4.7802
6.4295
5.3720
6.3274
6.7419
5.8179
5.0090
6.4070
6.5590
4.6505
5.6167
5.0927
5.7038
6.0253
4.8449
5.3515
5.7577
5.0450
4.9031
5.2946
4.9360
5.1856
8.0136
5.7850
5.5055
4.9295
5.0037
5.5165
4.7524
6.4444
4.8888
5.5999
4.4335
4.4796
5.6562
5.4161
5.9373
6.4954
6.0286
5.7060
5.0206
4.6256
6.0270
5.2019
5.8242
6.0302
6.4669
4.4853
5.4902
4.3043
5.7357
4.4492
5.6934
4.5378
4.3392
6.3877
6.2825
4.0874
5.6341
4.0414
6.7906
4.7232
5.7419
5.1613
4.5706
5.7703
5.1561
4.4436
4.3029
4.4400
7.2335
5.4303
5.0928
4.6048
4.6855
4.8604
5.0687
5.5273
5.0129
4.8112
4.5184
5.2390
5.1739
5.5861
8.7668
