3.0906
4.8016
5.4264
7.8320
9.2851
10.4426
13.0929
11.1083
11.1556
10.4279
10.7356
13.0582
13.1894
11.3265
10.8075
10.0102
10.6870
11.4285
9.4631
13.7590
10.4158
8.4095
11.2241
10.2629
10.4342
7.5641
10.9665
10.2923
10.5659
10.9747
9.4070
9.1853
8.4310
12.5393
9.7271
10.5476
9.8654
9.0456
7.9996
9.4364
8.2376
10.2417
8.8418
10.7979
10.0933
9.2325
9.8902
8.0496
13.5753
9.4011
11.1222
10.8745
8.5795
9.0884
9.4686
9.7865
9.1571
8.3511
9.3878
9.9363
8.1220
9.6397
10.4515
8.3356
8.2605
8.3409
11.0860
8.8940
9.6499
10.0709
7.2921
8.7506
7.1351
10.7241
8.4230
8.9639
10.8386
8.0217
10.1371
11.0914
8.8326
9.1095
9.5845
9.4061
8.4640
7.3360
8.6048
8.8156
8.2996
8.5820
8.9449
8.8799
8.5896
9.1069
9.5275
10.2428
8.7437
7.7792
8.2813
7.9066
10.9030
8.4125
7.6002
9.0802
7.6785
10.0479
9.3174
9.1132
8.6354
7.9256
7.7249
7.8506
8.3935
8.8009
8.6365
9.0341
7.7938
7.1175
7.8985
7.4668
8.5833
8.4402
9.6754
8.3416
9.1752
7.6345
7.1665
9.6998
9.2106
9.9817
10.5642
7.6490
8.2319
9.1781
9.4942
8.5670
6.8311
6.7264
7.6438
6.6943
8.9432
8.2436
8.9242
7.4761
10.8270
9.6993
11.3315
9.2977
7.5794
9.6164
8.4670
12.4491
7.6376
7.3487
7.8823
10.3004
9.6525
10.5523
7.1550
7.9008
5.9687
10.4673
7.3730
7.1199
8.7909
8.1172
9.3470
7.3459
7.4628
8.7695
6.9047
8.4549
9.7931
7.1012
9.7265
10.6796
8.6433
7.5228
8.3829
7.7244
8.1268
8.4848
12.2799
8.2300
9.8388
10.2694
8.6759
8.4041
8.4853
7.4258
7.9233
9.4674
8.6524
8.0818
7.3790
7.8935
9.0738
9.4113
7.0009
6.0761
