3.0284
3.5862
7.6995
10.2287
12.5973
12.0022
12.0402
12.1724
10.7713
11.9707
11.0174
11.8066
11.9436
11.1144
12.1002
11.8407
11.3508
12.8604
11.1164
11.0247
11.3170
11.0937
9.8306
10.4880
9.6492
9.3712
10.5912
9.6426
9.9948
10.3117
9.5551
9.3519
10.4136
10.0054
9.1004
9.1251
8.9683
8.9817
8.2151
8.2487
9.2585
8.8371
8.9823
9.1746
9.0805
9.4955
8.9166
8.5343
7.8414
9.0138
8.8922
8.7391
9.4195
8.8013
8.6769
9.6771
9.5512
9.0793
8.1415
8.8386
8.2743
6.8801
8.6054
8.1898
9.3298
9.2117
8.2345
7.2579
8.4496
8.6746
7.8481
8.2354
8.2674
7.7372
8.7278
8.4220
7.9519
7.4441
8.1905
8.1945
8.3587
8.3487
7.7191
8.2543
7.7898
7.6102
7.2337
7.1619
7.8330
8.1144
8.0935
7.6461
8.4920
7.2057
7.3598
7.7819
6.9380
6.7792
8.4281
6.6032
7.7754
8.5340
8.6988
8.7545
7.6438
8.3885
8.2092
7.6476
7.1075
7.3875
8.0268
7.6894
7.5780
7.8004
7.2322
7.2741
7.5256
7.3199
8.0309
7.3370
7.6673
6.9235
6.6854
6.8042
6.4525
8.6372
7.7432
8.0830
7.5340
6.5067
7.3415
7.7023
7.5290
7.3711
6.9983
7.1079
7.4795
7.4653
7.4054
7.5166
7.3129
6.8348
6.9705
7.9267
6.8054
7.3393
7.4952
6.9041
7.4724
6.8098
7.1104
7.3188
7.0964
7.2188
7.6105
7.7729
6.5714
7.8761
7.7622
7.2320
7.3953
7.4153
8.7929
7.1608
6.4724
7.6926
6.7972
7.3998
6.9071
7.4548
7.3409
7.6665
6.9459
7.5195
7.1859
6.6113
7.5496
6.4469
7.9003
7.5426
7.8937
8.2769
7.4396
7.1628
7.6577
7.3042
6.5322
7.8827
8.0932
7.2823
7.5093
7.1467
6.4342
6.7803
7.5633
7.7544
6.8952
7.9985
6.9448
7.5477
