2.1905
2.0923
3.5444
4.3517
4.5099
5.4690
6.7287
4.8408
5.9118
6.0248
6.1267
4.3439
4.7792
4.7775
4.8266
4.9496
5.1707
4.9865
5.4457
4.9505
4.4867
5.4593
6.1721
4.7668
6.0180
4.8350
5.5127
5.2021
4.8122
4.8419
5.1989
4.9345
4.9652
6.8111
4.6905
5.0185
4.8290
3.9963
5.3481
5.2383
4.3838
4.1426
6.5995
4.5206
4.1988
4.2825
4.8698
4.9586
4.6916
5.0262
5.5108
4.1014
4.2547
4.6611
4.0148
5.5059
4.7336
4.4060
5.7147
4.4246
5.6711
4.1026
4.1695
3.9335
4.5383
4.8605
4.6491
5.0132
5.0247
4.5272
4.4239
5.2495
4.0579
3.8871
4.1364
4.9533
4.0116
5.5545
4.3354
5.8806
5.4466
4.0263
4.0652
4.1279
4.0588
5.0768
4.3937
4.6839
4.1291
4.3783
4.5650
4.3403
5.2308
4.5722
5.4488
3.6237
4.9088
4.0862
4.1720
3.8516
4.8186
5.1531
4.7229
4.0893
3.6830
4.4797
4.2015
4.5064
3.8688
3.8921
4.3187
4.4101
4.0832
3.8232
5.2062
4.1399
5.2621
4.2025
3.6830
4.3603
5.4013
4.1373
3.5378
4.4937
4.1958
4.8793
4.6264
5.2301
3.6641
6.3921
4.0367
4.4952
5.2198
3.4651
3.9103
5.7294
4.4954
4.6493
4.7424
3.5449
4.7621
5.1130
4.7920
3.9095
4.3725
4.7864
5.2257
4.2585
4.1084
4.3415
6.0063
3.5467
4.9428
4.1362
4.0442
4.7083
3.9492
4.3809
4.7543
4.6337
4.0810
4.1633
4.5176
4.0723
5.2062
4.2712
5.7354
4.1936
4.6260
6.0322
5.8343
4.6453
4.8725
4.1029
4.9145
3.9135
4.7162
5.7352
5.0802
4.9626
3.6981
4.3333
4.1505
4.8267
4.3519
3.9792
4.9437
4.1625
4.7392
4.2396
3.8012
4.5061
4.9056
4.3058
3.9710
4.5218
4.5414
5.2226
5.2897
3.8162
