1.7742
21.5156
21.9734
22.9607
22.1528
22.7544
22.7767
21.5252
22.4561
22.6365
22.2403
21.9450
22.5988
22.0274
22.4509
21.9436
22.1548
22.5818
21.9709
22.3049
22.2056
21.8914
21.6872
21.8467
21.8804
22.0595
22.1891
21.7434
21.8675
22.4852
21.9288
21.5037
21.9033
21.7167
21.9334
21.6768
21.9355
21.8074
21.7475
22.0320
21.4423
22.0282
21.8829
21.3860
21.8454
22.0864
21.9770
21.4216
22.0767
22.1856
22.1812
22.2257
21.8304
21.9749
21.4323
21.3677
22.2604
21.8407
21.8412
22.2321
21.8949
21.0624
22.0539
21.4216
22.6450
21.4701
21.5405
21.4187
20.8852
21.6848
20.9747
21.8282
21.8329
21.8126
21.7400
21.7726
21.8468
22.1722
21.5766
22.2564
21.1910
21.7954
21.8881
22.1146
21.6882
21.5204
21.4329
21.9514
21.7579
21.3333
21.9841
22.4306
21.7124
22.2153
22.0849
21.4902
21.4746
21.2233
22.1603
21.7685
21.9442
21.2850
21.3630
21.6703
22.2443
21.2107
21.6495
21.7540
21.2008
21.4430
21.8279
22.1557
22.1974
21.7809
21.5304
21.6992
20.9005
21.8930
21.6854
21.7120
21.8583
21.7914
22.3923
22.0819
21.6672
21.8759
21.1348
21.6592
21.5225
21.8959
21.9364
21.1070
21.7892
21.3091
22.1957
21.2353
22.3688
21.1726
21.7724
21.9171
21.5136
21.2087
21.5649
21.6807
22.4038
21.4138
22.0164
21.3745
21.8052
21.5249
21.9319
22.2493
21.8543
21.4062
21.2840
21.3943
22.0814
20.8852
21.7830
21.3471
22.2894
21.5228
21.6768
21.3808
22.4288
21.4629
21.5038
21.1936
21.4416
21.7886
21.9061
21.4633
21.4948
21.6149
21.8935
21.0205
22.3260
20.9944
21.5752
21.8322
22.2012
21.5916
20.9493
21.4255
21.8507
21.5416
21.7653
21.6450
21.6732
21.7758
21.2730
21.6729
21.3201
21.7785
21.6697
21.6529
21.6424
21.7625
21.5058
21.4591
