2.3977
4.6517
5.9768
6.5096
7.2484
8.4749
8.6611
9.0514
9.2563
10.0307
9.4657
9.0831
11.3532
11.4167
11.5731
11.9766
15.2286
11.2354
13.9496
14.8396
13.0013
10.5842
14.7561
13.5136
11.1898
12.7805
14.0664
19.1956
13.5956
14.8611
12.4972
14.6241
13.6339
15.1968
14.6008
14.0680
15.0843
12.4497
15.8328
12.2405
13.8363
16.6126
16.9406
14.3961
11.0740
15.3572
14.8857
14.3571
14.0632
15.7210
16.0670
15.7090
14.5808
16.0504
15.2650
14.0017
14.0659
18.0827
14.0143
18.2076
16.2961
16.2693
16.6875
15.9620
18.5428
13.2076
14.9541
16.5041
16.6130
17.2772
15.9831
17.5499
15.7937
15.5172
17.5600
15.3327
13.6215
18.7391
18.0917
16.6946
14.8768
21.1860
19.0116
17.4570
18.1944
15.6813
14.8250
13.9411
16.1675
17.2661
16.4862
17.5962
18.4280
16.3374
18.5501
21.1083
17.1556
16.7930
20.0302
16.8061
15.6339
20.6759
21.7954
15.3524
21.5598
13.8278
15.9127
14.3692
15.3398
18.8914
17.3077
15.2672
17.6520
17.1809
27.2386
18.7797
15.5964
20.6192
23.2859
19.7133
16.5028
19.7069
18.9910
16.2626
15.7563
18.8879
19.4958
14.7493
17.4851
18.7723
24.8057
17.9519
18.7913
20.7447
16.5159
19.7242
17.6028
23.0750
16.8361
18.8563
20.7871
18.4908
20.7861
20.9607
19.0606
19.7137
19.4749
19.8385
17.9808
22.0334
21.1570
24.2246
19.8195
19.8088
19.4917
29.2153
22.8452
21.9793
24.4656
21.3399
25.2802
18.6939
21.9850
23.3275
18.8662
25.6156
18.6063
23.2776
20.2347
21.3176
23.6391
19.1538
20.9510
17.3754
22.3836
22.4550
23.4423
25.2354
20.6997
18.0796
22.5932
22.8430
18.3088
20.5128
19.0701
21.6070
23.8914
23.9884
22.4630
23.7995
19.7344
22.5858
20.8667
20.8744
24.5588
22.9155
23.3367
20.1952
21.2787
25.1682
