18.8302
8.7237
7.9055
6.3083
6.6696
7.2866
8.1277
6.1389
6.5929
5.3268
6.1080
6.4446
6.5526
4.5269
5.9646
5.8259
7.4494
5.0204
5.6098
6.1618
6.3641
6.1165
5.5212
6.0071
5.8943
5.2893
5.1324
6.1422
5.3114
5.7559
5.5413
5.8853
5.0454
7.2702
5.1868
6.4332
5.8575
6.0058
6.4374
7.3264
5.7345
5.8390
5.8198
4.8948
5.0137
5.7927
5.7486
4.8854
5.8734
5.7574
5.8993
6.9595
5.2760
5.6498
6.0127
6.7667
5.6813
6.1640
6.1921
5.4598
5.2798
5.6634
5.2118
6.4902
6.3616
5.3061
5.6947
5.1963
5.1346
5.2065
6.6335
6.3090
5.0714
6.1560
5.5037
5.4111
5.1957
5.6022
5.2593
5.2488
5.7154
6.1050
6.2872
6.0968
6.2255
4.8164
5.6995
5.7141
6.7552
4.9670
5.0807
5.5670
5.0174
5.7160
5.5678
4.6454
6.1326
6.7451
5.2757
4.8031
5.7177
6.2751
5.3933
5.8787
6.3567
6.4904
5.7066
5.1970
5.2528
6.7115
5.3868
5.3253
5.1645
5.1202
5.8156
5.9560
5.7026
6.7132
5.1909
6.1536
5.5342
5.8665
5.6613
4.8953
5.4508
5.4953
5.6938
5.7037
6.4040
5.0184
6.6647
6.3735
5.5458
4.3334
5.6051
5.2850
5.5049
5.0408
6.6376
5.5061
6.7809
5.6619
5.2557
5.0835
6.7060
5.4122
5.7601
5.2105
4.9798
6.2800
7.0505
5.8418
5.8067
5.7531
5.0951
5.2849
6.2672
5.5019
5.1558
6.5450
5.8965
5.8345
5.5101
6.1092
5.2326
5.7071
5.6698
5.2625
6.2806
5.3885
5.4473
6.0501
5.4073
6.2249
4.8114
7.4474
5.3956
5.1337
5.9083
5.6067
4.9616
5.5977
6.5965
6.1695
6.1820
5.7199
5.6604
5.6239
5.7494
6.2726
5.4937
4.7278
5.5901
5.4619
5.9190
6.4158
5.3033
5.8765
6.3229
5.3047
