17.9199
12.0868
10.0692
11.4459
10.6501
9.4524
9.2942
9.6422
9.8592
9.1792
8.1609
9.5408
7.9830
7.8821
8.8599
8.9286
6.4043
7.9442
7.0216
7.4499
6.4273
8.1932
7.2076
5.8452
7.4604
7.1073
6.5593
7.5573
7.7438
6.1261
6.7225
6.5967
6.7429
6.2788
7.6369
6.1803
5.4239
6.1348
7.7476
6.8392
5.4653
6.2374
6.3474
6.3500
4.8261
6.2642
6.8393
7.0480
6.1389
6.3020
7.2786
6.3286
5.3401
6.4227
6.5965
5.5998
5.9800
4.9572
6.2849
6.9881
5.8719
6.1331
6.1403
5.9283
7.6858
6.8663
6.8705
7.0856
6.6094
5.3709
6.6097
7.1656
7.5212
7.0996
6.5595
5.9975
5.8763
6.0380
5.2089
5.4674
5.2535
4.7334
7.4476
5.0347
6.2233
6.2456
5.2173
6.2108
5.3500
8.0528
7.2357
5.6151
5.9919
5.2658
5.9560
7.0735
5.9526
6.3979
7.4013
5.7149
7.8932
6.7276
5.4250
6.6276
6.6096
5.4454
7.7006
6.0817
5.2732
7.6919
5.0855
6.4626
5.3246
4.6938
5.0498
5.9827
7.5872
5.6851
5.0100
5.9385
5.1007
5.8852
5.9672
5.2245
5.3576
4.7780
5.4691
5.9989
5.7334
6.4095
4.8643
5.3164
6.2462
5.3731
4.7875
5.1653
5.4118
6.8139
7.4098
5.9256
4.8617
5.6648
6.7237
5.9793
6.2600
4.4060
5.6547
6.3284
5.4434
6.5503
5.8409
5.1138
5.8474
5.8317
5.9255
5.4755
7.8654
6.6638
5.8757
6.1249
6.2134
7.2578
6.8691
6.6936
5.0754
6.3468
5.1226
8.0222
4.9340
6.6396
5.8318
5.6464
4.6564
5.9400
5.8262
6.6571
4.7015
5.5011
5.2578
4.2272
5.5312
5.8700
5.3764
5.8707
6.1037
5.1550
5.6387
6.3848
6.4922
5.9872
6.0986
6.6054
4.6026
5.8048
6.4539
6.7472
6.0661
5.0437
5.8969
4.9162
