1.9998
17.3009
17.4766
17.8211
17.5649
17.8750
18.0166
17.6158
17.7513
18.0024
17.7493
17.9167
17.4031
17.5931
18.0477
17.5784
17.7394
17.5405
17.8045
17.9270
17.9320
17.6973
18.1237
17.8689
18.0870
17.7115
18.0825
17.8152
18.0679
18.0644
18.1481
17.8171
17.9204
18.1718
18.0872
18.0373
18.3172
18.0564
17.8077
18.0798
17.7486
17.9840
18.3060
18.5291
18.2837
18.2772
18.0969
18.3042
17.8448
18.5724
17.9234
17.9565
18.0690
18.1611
18.1883
17.8211
18.1658
17.9484
18.3453
18.1747
17.9058
17.9763
18.2277
18.2134
17.4732
18.0492
18.2608
18.0364
18.2826
18.2811
18.4542
17.9573
18.3569
18.1491
17.9800
18.3584
18.2619
18.2606
18.3043
18.4448
18.1803
18.2645
18.0344
18.7265
18.0505
18.5120
17.6393
18.4763
18.4278
17.9919
18.5699
18.0061
18.0887
18.1826
18.1285
18.3977
18.3550
17.8922
18.0361
18.4348
18.2549
18.0000
18.3322
18.5844
18.2017
18.3279
18.3657
18.1297
18.2324
18.4196
17.9539
18.0538
18.4237
17.9996
18.1419
18.0693
18.1567
18.5536
18.2423
17.9003
18.2726
18.1212
18.1025
18.3913
18.1453
17.9130
18.3581
18.2076
18.1466
18.3627
18.3400
18.1820
17.8955
18.3416
18.2744
18.3815
18.0418
18.4283
18.6030
17.9886
18.3874
18.1799
18.1734
18.1953
17.7650
18.0340
18.0445
17.6749
18.2285
17.8870
18.3430
18.2539
18.1129
18.0729
18.1927
18.3536
17.8826
18.3683
18.1005
18.4991
18.0370
18.1023
18.1878
17.7701
18.3212
18.2958
18.4057
17.9931
18.2125
18.5514
18.2337
18.2966
18.3014
18.4682
17.9310
18.1311
18.4329
18.4449
18.4159
18.3411
18.3041
18.5957
18.7646
18.6809
17.9548
18.2298
17.9677
17.6781
18.4086
18.3625
18.3447
17.9834
18.3978
18.4489
18.0904
17.7546
18.3652
18.4079
17.9221
18.1790
