2.8632
4.6463
5.7021
5.4110
6.1610
7.8171
6.9329
7.1774
9.1275
8.2631
10.2529
10.8580
7.6572
9.0015
10.6306
10.3795
8.1767
8.9283
9.4934
8.8007
11.7997
14.0178
9.2147
9.3587
11.0602
10.0734
9.8399
9.2810
12.1711
10.6653
11.9168
10.5259
9.5556
9.7641
12.6487
8.2351
10.8274
10.0599
10.7722
10.9619
9.7989
11.7518
10.0557
10.3141
11.1293
8.8727
11.1085
11.3578
12.3826
10.3884
11.7831
12.2022
10.9454
11.8880
10.7673
11.0157
10.5472
9.8106
11.8497
12.0562
12.2006
11.5057
12.1642
11.2731
10.5518
10.3610
12.0854
14.0262
9.3281
10.6952
11.4369
11.2842
10.2117
11.6704
13.0576
11.2538
13.7865
9.8091
13.4755
11.3306
12.7186
9.4530
14.0509
12.2329
11.7018
13.1811
13.5860
15.0887
13.3437
13.2324
12.6564
13.1386
13.8607
14.1437
13.1547
13.8334
15.9336
10.3655
13.8513
13.8065
12.3215
14.5463
14.4249
14.6472
10.9954
11.9100
14.1398
14.1886
10.6506
12.7734
13.4429
11.9683
12.7182
15.1711
11.6749
14.3896
14.1135
14.9219
14.2184
12.4685
13.7259
13.1799
13.1760
13.6894
12.8113
13.8197
15.5784
14.6840
16.1315
14.6362
13.2797
13.6077
13.9430
15.1828
17.9902
12.7087
12.9500
13.4121
13.5410
12.1011
15.1843
16.3521
12.1500
17.1470
13.9826
14.5053
12.9195
17.6376
14.4713
13.2643
12.7162
15.8088
15.6545
17.8060
16.7960
15.9939
14.7843
16.0992
13.8585
14.9497
15.6470
12.8485
14.5155
16.8411
15.6505
16.0900
15.4331
15.0483
14.0179
13.8069
16.4359
17.7068
15.6706
17.2635
13.6761
17.5260
21.9095
19.1247
16.7286
16.2472
16.7843
12.9042
18.8987
17.3172
21.0683
18.9210
16.9657
14.1916
16.2326
17.1122
15.2962
13.4232
15.3994
17.9152
15.2901
16.6945
14.1769
14.6364
17.1405
13.5935
