2.3745
1.9850
3.1112
3.9757
5.2453
5.6416
8.1612
8.8564
7.8164
8.4587
10.2564
9.8214
8.7237
8.5312
13.8175
11.0450
11.5415
9.5852
14.6725
11.4283
10.7987
14.4028
10.5716
10.6989
10.8011
12.5590
13.0052
14.1603
13.5803
13.8957
18.2421
13.4219
14.1543
12.9471
16.0181
17.9959
17.3809
13.9804
14.7458
15.7683
15.9484
14.7758
17.7919
14.5385
15.1238
16.4870
16.5278
15.3988
16.6826
17.3094
14.9761
17.1012
14.2522
16.4438
20.0424
16.4899
17.6134
18.8470
16.5967
15.1570
18.9509
18.9371
17.4637
18.9420
18.6727
18.5438
19.3096
17.5904
19.2144
19.1345
17.2507
20.1773
19.5918
15.0608
18.7877
21.9851
20.2083
19.0540
20.7206
19.3552
20.9090
26.7154
21.8172
23.1964
21.9621
21.4433
19.2546
18.6225
22.1316
18.4729
28.2886
22.1580
17.2737
23.3082
19.2375
30.1732
25.1358
23.1726
23.3250
23.0357
19.8739
22.1725
25.0713
20.6280
27.3998
22.3952
19.8643
21.4145
18.2548
21.7174
24.6000
29.5428
23.5722
22.3088
22.0963
21.6849
26.0656
23.6329
28.9773
27.2056
21.7086
23.6979
23.9794
25.0074
22.1346
24.0871
23.1320
25.6647
24.5535
27.8981
24.6817
23.3309
21.1375
23.8288
22.5251
23.1480
24.4690
23.9643
22.3036
23.0521
21.9838
25.1355
26.1048
23.3247
25.9125
24.7310
23.0667
25.3717
22.8245
29.5576
27.4818
28.7352
25.1059
24.3830
23.1018
26.2703
27.3973
32.3842
24.5799
24.4772
25.9284
33.7640
30.2829
24.0392
24.6022
26.3436
27.5425
24.7805
25.7329
25.6222
24.2481
25.5728
23.1089
28.5767
27.7870
26.0064
27.8520
34.2225
23.9246
26.5669
24.4459
37.7424
26.6612
32.6309
28.2645
29.7725
27.7403
27.4862
26.9203
31.2876
27.1064
29.4617
28.3050
28.8189
30.8028
26.0228
24.7982
31.1336
27.3094
26.3075
