18.2251
8.7449
7.4202
6.8451
8.0171
7.5353
5.5848
6.6928
6.4039
6.8695
6.9741
6.7805
6.8280
6.8264
7.2523
6.4126
6.6680
7.0092
7.1902
6.1082
6.1331
6.6279
6.9494
6.9225
6.3226
6.3167
6.2594
6.3899
7.0366
7.0344
7.1034
6.9980
6.7031
5.5038
6.0914
6.7481
6.6755
5.0863
6.8670
6.9954
6.6866
5.5983
7.0005
6.5401
5.9898
6.5421
6.3404
6.6803
5.3147
7.5127
5.5462
4.9171
6.2561
6.9411
6.0041
6.5061
6.5145
6.4352
5.4277
6.2563
5.7897
7.2890
6.8121
5.8594
5.9115
6.4328
5.2478
6.0209
6.3016
5.0191
6.1767
6.1293
6.9222
5.6826
6.0078
6.7827
5.7431
6.4555
5.1006
6.5305
5.5606
5.0318
5.3596
6.0481
6.2402
6.4745
6.3403
6.0561
7.2241
5.0570
6.0449
5.8515
6.0765
4.5517
5.3744
5.9506
5.5274
7.0140
6.5705
4.8662
6.4480
5.6846
7.0282
6.0147
6.0433
5.8907
5.5314
6.7526
5.3916
5.5090
5.4349
6.1972
5.9198
6.3844
5.9038
6.2000
5.5573
5.5046
6.2041
6.0831
6.1072
6.7156
5.4415
5.8833
7.8364
5.3240
5.9449
7.7357
6.2421
6.2171
6.8420
6.3425
5.9837
5.3423
5.7103
6.1321
5.4626
5.8501
5.9505
5.7861
6.2191
6.8034
6.1373
6.0024
6.2438
5.1193
5.0403
6.0630
5.8351
6.6549
5.4568
5.5861
6.0527
6.5211
5.2336
5.2625
7.0657
5.9258
5.8220
6.4553
5.8901
6.3841
5.5982
5.9058
5.5623
5.3950
5.0838
5.6099
6.2214
5.4240
5.8755
6.9412
6.2223
6.0816
5.3888
5.8786
4.7051
5.7435
6.0042
5.0658
6.3814
5.7093
6.2900
5.9663
6.1462
5.0042
4.7246
6.4454
4.7689
5.9532
5.5773
6.4760
6.4053
5.9651
6.2656
5.6635
6.0279
6.9097
7.0702
6.0451
