2.4504
4.4500
5.3441
7.6303
7.9367
7.3744
8.5638
7.4984
7.2864
8.5400
7.9096
6.1929
6.6028
8.9522
8.6563
5.6788
8.1984
7.7132
6.7008
6.3183
5.6789
6.0191
6.8566
8.7556
7.2771
7.4286
7.8381
6.6866
7.0934
8.3865
6.3747
6.1526
5.5442
7.2031
5.8578
8.9060
7.1858
6.2014
7.3417
8.0118
5.9517
7.6090
8.2928
5.2178
5.5063
5.9630
6.4329
6.3181
5.5775
6.6976
6.8245
6.1601
5.1837
7.8889
7.7706
7.9210
6.9898
8.3653
5.7518
6.6207
6.6508
5.2435
4.8584
8.1039
9.4687
9.0119
7.2132
5.3908
7.9434
6.5449
5.9401
5.9198
5.5656
7.0467
7.3672
8.1022
7.0596
5.9098
8.3914
6.7926
7.2882
6.6193
7.9818
5.4120
6.0041
7.8233
6.3140
6.1685
6.0739
5.3359
5.6678
6.0946
8.6021
6.8705
5.4057
7.2740
6.5445
6.1600
5.5802
7.6546
5.2090
7.3903
16.7249
22.1187
19.1495
20.5831
22.8268
18.7751
20.4387
23.1456
24.8902
22.2301
20.9843
19.8704
23.9641
24.7187
22.4643
24.2666
25.0142
28.1571
23.8591
27.6167
24.5596
23.8934
20.3684
22.6949
22.7792
23.5293
24.6376
24.4855
23.4493
26.9508
29.7662
27.1473
26.0864
25.1866
26.5564
22.1057
25.2435
26.8771
25.5028
23.8729
24.5721
27.4039
21.7935
25.1143
24.8515
24.5454
25.6360
25.7894
24.7237
25.8800
27.5191
29.4313
28.7105
27.6579
25.1254
26.4700
24.9041
27.2933
27.4815
27.2378
27.6555
27.8704
27.0952
28.8294
29.4197
27.8103
23.7618
28.7087
25.5055
25.6306
23.5697
28.4760
28.1226
29.7449
24.1326
27.2564
25.4232
25.0437
24.8491
24.5100
26.2005
27.3969
28.3666
30.7126
27.6234
29.7594
22.6723
29.2147
28.8818
27.5750
26.2413
25.8063
26.7169
31.1949
29.1972
29.4082
26.6578
27.0808
