10.5733
9.2232
8.2147
9.3533
9.2504
8.3886
7.8823
7.1029
8.3941
8.6825
8.5505
8.4241
7.8891
8.0525
7.1096
10.2338
7.5955
8.1663
7.8431
7.8621
6.4291
7.4670
9.9006
7.8495
8.1643
8.3532
7.4386
7.3240
6.6195
6.7268
7.6245
7.1818
9.3097
8.6516
6.7141
8.7863
7.5020
8.5723
8.5703
8.9065
7.6468
9.0954
8.6625
7.1161
8.1741
9.7381
8.4332
7.4850
8.1476
8.6902
8.2193
8.5569
7.8937
7.2462
7.7432
6.6120
7.5666
7.1677
9.7129
7.2492
7.2007
7.5517
8.0015
8.0023
7.0290
6.7883
7.9286
7.6808
7.7975
8.7960
8.2438
6.8872
9.4843
8.0377
7.9836
6.9974
8.3620
7.3044
7.9263
7.1325
7.3742
6.7359
7.0302
9.3466
9.0531
8.7740
6.9268
7.6168
7.4127
9.2911
8.3036
8.3461
7.3222
7.9915
9.4466
9.4116
7.5243
7.5231
7.4539
7.5513
7.3829
8.2732
9.3666
8.9175
7.2461
9.3963
8.1504
7.8399
7.9344
6.9401
7.3057
7.6269
7.5908
7.1175
7.1553
8.9420
8.2925
8.4576
8.9369
7.8652
7.5927
8.6147
7.8156
7.5106
9.2150
7.2683
9.4524
8.1670
8.6814
8.0083
9.3896
7.5626
9.6002
7.2305
8.1382
7.4735
7.9680
7.0738
9.7904
9.6626
8.7510
7.1848
7.7235
7.8277
8.1272
7.2552
9.3882
6.5686
8.5227
7.8328
9.3245
8.7361
9.3415
7.5961
7.8013
7.8287
8.2324
8.0402
8.3160
6.9862
8.3717
8.8083
6.8996
7.1471
9.4585
7.0693
8.9414
7.5608
9.6786
7.1559
9.1483
8.7945
7.5203
8.2375
7.5092
9.1900
7.6323
7.8209
8.8659
7.0398
7.6864
8.6202
8.8368
8.0635
8.8639
7.8885
7.2346
7.5913
8.6026
8.6251
7.1330
7.8312
9.0838
7.2974
8.1479
6.4508
9.3149
6.9627
7.7857
8.8790
