3.0230
6.2174
10.2152
15.0534
14.9538
18.0760
16.2642
17.7959
16.0026
17.6865
17.4195
15.3536
16.6690
16.2482
18.4075
17.4018
16.3356
16.4168
16.4757
17.1214
15.3857
17.2388
15.8206
16.0487
16.3205
14.5658
16.1581
16.2492
16.2633
15.0771
15.7110
14.4667
13.8649
14.5375
15.2963
14.5921
14.6607
13.6000
15.3085
12.6888
15.0414
13.2875
15.0537
13.1490
14.1208
11.5484
14.6044
13.9233
13.3491
14.2602
13.9194
14.5429
14.1501
14.2571
13.6100
13.4411
13.6742
14.3386
12.2477
13.9415
12.6312
13.1286
12.5866
13.2801
13.5605
12.7295
12.5481
14.6229
10.9376
11.1141
11.5148
12.3699
11.5236
13.2592
13.0612
10.1694
11.5356
11.7943
14.5476
11.9528
10.4385
12.9469
12.2970
13.4356
14.0231
14.4924
12.7738
11.8426
10.8425
12.0718
12.2906
11.7465
12.2338
10.6376
12.1701
12.3201
12.3199
12.0042
11.6790
12.2936
14.0481
12.4682
10.9872
11.7816
13.0224
11.0798
11.3894
11.8237
11.5130
11.6609
9.9865
12.4159
10.9697
13.7678
11.7684
10.9568
11.1432
11.9009
10.7590
12.5500
12.6206
14.9314
10.7947
10.8805
11.7999
14.5013
9.8745
13.0295
11.3399
10.8103
13.4398
11.3861
14.8673
11.7849
11.2131
11.5109
9.0192
11.3548
11.7406
12.8528
14.4135
11.5284
12.1168
9.7489
9.9132
11.5932
9.7602
9.7918
11.2787
10.9451
10.8000
11.5278
11.1696
11.2162
11.4565
11.0498
10.6132
11.2370
10.4671
10.9058
12.3562
11.6517
14.9421
10.1895
10.4775
11.5527
12.6205
12.5703
11.0227
14.0786
9.9209
11.0410
13.8002
11.8214
10.3279
12.5407
12.1922
9.8669
12.0739
13.4090
10.4063
10.3384
10.8029
10.5813
11.7497
13.2160
11.9373
10.2139
11.3827
10.4931
11.1111
11.1564
11.9106
11.9928
11.9759
11.0830
12.5979
10.7682
10.0648
11.1519
