19.6963
8.4479
9.5291
7.7552
4.5075
3.0028
3.3327
4.3055
4.1644
2.4343
7.2178
6.8825
7.9407
6.4930
7.1340
4.7174
2.6482
3.0957
3.4083
3.7214
4.5193
6.6140
11.3884
4.3487
4.6606
4.2331
2.8003
3.5572
2.7418
3.3941
4.3793
8.2061
12.6459
10.8592
4.7334
5.8109
7.5954
5.7439
4.1795
3.1966
5.7210
10.7426
2.0439
8.4905
2.8267
3.3014
4.2536
3.5390
3.2278
4.7263
4.1849
3.2711
3.6047
6.3328
5.3517
7.3793
7.2252
5.5312
8.2190
4.9211
1.9082
3.4514
2.8996
2.9567
1.9345
3.0981
7.0924
12.6522
15.2014
3.6978
3.0619
4.0415
4.4839
3.1551
2.4585
2.7818
3.6855
8.6746
11.8652
4.4633
3.4599
3.5479
2.5655
2.2232
2.7102
2.4427
3.2871
3.3754
5.1795
6.7608
7.1038
12.9245
5.6498
2.6222
3.1604
3.4165
3.2037
2.8155
3.8121
4.3233
6.0996
9.0997
7.4159
3.1592
3.7393
2.5065
2.0693
4.6827
2.5401
3.2187
3.2984
9.4220
14.9892
9.9104
4.9597
4.4398
3.9555
2.3689
2.6172
3.4806
3.0585
2.7249
5.5874
6.9126
3.1569
8.9656
3.0971
2.7055
4.1328
2.3042
4.3648
3.1482
4.2897
11.1784
4.3398
4.2444
3.1306
2.9268
4.5008
3.2710
2.1039
4.2980
9.1989
13.1960
9.4258
5.2171
4.8700
3.1170
3.1556
2.8923
2.8858
3.1203
2.7853
2.0935
2.3436
6.0028
10.9745
7.4463
7.1338
5.6964
2.9566
3.1895
4.3906
2.8059
5.3282
5.0331
5.4693
5.5515
3.5812
7.9186
4.7544
5.5196
3.1797
2.6005
3.0136
2.7798
3.3357
2.4977
2.3738
6.9039
9.1729
10.7334
5.1332
3.1954
3.3601
3.5154
2.6934
2.5142
4.0727
1.4042
4.1409
2.2659
4.9293
3.0468
4.8367
13.1198
5.1132
6.9041
2.8121
3.3571
