20.6694
3.4884
2.3999
2.8769
2.3145
2.4395
1.8903
1.9175
1.6225
2.7346
1.1707
1.3937
0.8101
1.2961
2.0582
0.8094
2.1464
1.1387
1.2507
1.8086
1.9940
0.9613
2.1922
1.2063
1.2572
1.0022
1.3177
1.4230
1.5438
2.4924
1.4800
1.2055
1.6534
2.5846
1.4037
1.3278
1.2508
0.9232
0.8612
2.4306
2.5994
0.7498
1.0654
1.0577
0.7333
2.3151
0.9961
1.1640
1.3488
1.8930
1.9484
1.0289
1.3127
1.4994
0.7299
2.3346
1.4988
1.7917
1.8790
1.7141
1.7604
1.0144
1.3040
2.3421
2.2597
1.0858
1.1060
0.9979
1.2044
1.2688
1.1866
0.7078
1.3194
1.0705
1.7055
0.8985
0.8282
1.7709
2.1093
0.7907
1.0591
1.7678
1.9823
0.7979
1.4103
1.0840
1.4284
1.1501
1.2981
1.1037
1.1387
1.1927
1.5422
0.6785
1.5656
2.7204
1.6882
1.0202
0.9866
1.1274
1.0212
2.6153
0.6476
1.8959
1.1997
1.5262
1.1184
1.0402
1.0292
0.8071
1.0060
0.8454
1.3216
2.3465
0.8726
0.9717
0.9275
0.6292
2.2405
1.0884
1.0662
0.7973
0.7694
1.5624
1.1485
2.3471
0.9687
1.8084
1.4587
0.8012
1.1353
0.8401
1.5004
1.4642
2.4871
0.9061
1.5451
0.8038
0.8528
1.3902
1.1054
2.3756
1.0349
0.6124
1.1795
2.4370
1.4049
0.9709
1.1624
1.3399
1.1522
0.9493
0.9047
1.2138
1.3351
0.7693
1.6956
0.7944
0.8259
0.8690
0.8649
1.6259
0.9171
0.6757
0.8365
0.9911
1.3569
1.8024
0.9711
0.8205
0.8225
1.0558
1.2824
1.0705
1.6469
0.7137
0.9297
0.8072
1.0207
1.3198
1.6827
1.3379
1.3409
2.3392
2.7834
0.6545
1.0050
1.0184
0.6689
1.4734
1.4590
1.1216
1.6739
0.8363
1.0576
1.3528
1.8487
0.8685
0.8347
1.2085
