2.7373
3.8206
5.8856
8.5483
9.8280
10.9051
10.9197
11.3779
11.5180
13.4509
12.7310
12.9078
12.5863
12.7884
12.8216
13.9234
11.6779
13.2337
13.8859
12.2748
12.3266
14.0802
12.0657
12.7300
14.6978
14.0819
13.0781
15.2776
12.7984
12.4440
12.9594
13.8443
11.9023
12.5031
14.1739
13.3594
13.1008
12.9182
12.6892
11.7446
13.5167
12.5359
14.2697
12.0997
13.4156
12.2927
15.9943
13.8969
12.4185
10.9568
11.8801
11.7201
15.6508
13.2268
11.9159
12.9502
12.0098
13.2678
10.9410
12.3681
10.7702
12.4004
10.7571
13.8495
10.9466
13.0632
12.3162
11.2901
12.0333
12.4896
14.8628
11.8388
12.5206
13.2243
12.3376
12.4834
13.8690
13.9838
11.1937
12.4216
12.4811
11.8819
14.4511
11.9893
13.0564
12.4810
14.3774
14.3111
14.2229
14.8845
13.6292
13.2706
15.0082
11.9212
11.4746
12.3169
12.5002
12.2377
12.2410
11.5013
12.7643
11.1293
15.6279
11.3721
11.6915
13.2325
14.0300
12.4892
11.2298
12.6575
13.3952
12.2339
12.3271
13.7920
12.3780
13.3167
14.0549
11.1150
12.9779
12.4056
11.6877
12.2899
14.1510
13.4882
13.1122
12.4298
11.8296
13.3997
13.8173
13.3752
12.1894
14.3638
12.0220
12.8243
11.9732
14.4187
13.4566
12.5495
13.3796
10.9477
12.2776
14.2525
12.8453
12.0144
11.4485
11.5699
14.4090
12.6603
12.9781
13.4839
13.1935
12.7553
12.2044
13.1216
12.5756
12.2855
12.7124
11.5181
11.8603
13.3686
12.2689
12.4638
13.9779
12.1141
11.5748
13.5478
13.8454
13.5166
11.5715
12.0419
11.6866
12.6790
10.7607
11.6371
13.0538
11.9486
12.6266
13.4799
12.9967
11.8174
12.0227
13.6005
12.5887
14.1651
11.5878
12.0104
14.1595
12.5817
10.2396
12.9849
12.5003
12.5774
12.8013
10.7823
12.8880
12.4951
12.3855
12.9266
13.0539
11.6174
