12.5928
11.4357
12.9728
13.0189
11.4837
10.8078
10.4404
12.1560
10.8847
11.6160
13.2735
11.6388
12.3776
9.8260
10.5737
13.2891
11.8091
10.4408
12.4382
12.6363
10.1892
11.2378
10.4693
11.2486
10.8292
10.4814
13.1202
11.8457
11.4657
9.6662
11.4977
10.8073
11.2155
11.8114
10.0791
10.9923
11.1790
11.2910
10.4144
10.5338
11.6162
10.8039
13.0791
10.3093
11.2288
9.6642
11.5010
10.7389
10.5297
11.6064
11.8140
10.8071
9.8668
9.3996
11.4385
12.5681
10.9867
13.1688
11.4380
11.2563
9.8367
9.2766
11.5753
10.8597
11.0552
10.6441
11.4310
8.8180
13.7171
11.6122
12.5589
11.7549
11.6772
9.7180
10.5002
11.1055
10.0582
10.3754
10.5424
12.5707
10.5916
13.5859
10.8735
10.9992
12.1500
9.4093
10.7884
10.7978
11.9991
12.7423
11.1762
11.1020
10.6113
9.6695
11.6602
9.1399
9.4875
10.8666
11.0891
11.1964
11.0739
10.5913
11.5036
11.3846
9.1679
12.1269
9.3901
11.7311
11.7888
9.5625
11.6257
10.5607
11.1074
11.4307
10.0355
11.0985
10.8312
10.6819
10.4948
9.1890
10.4725
10.9503
9.5778
11.2791
11.2627
10.9656
11.6056
13.1886
11.2678
10.3859
10.6553
10.3340
12.9829
10.7967
11.1932
11.5888
12.2531
9.4588
11.4558
11.4452
11.5054
10.2527
11.8572
11.4025
9.1843
10.9724
12.2315
12.2385
9.2393
11.7831
10.5562
11.8300
10.0004
11.9600
11.2478
9.8621
12.5813
13.4515
10.2756
11.2659
11.5831
10.2902
11.8771
11.2536
11.8194
10.3923
10.9449
8.9072
9.6288
11.4429
12.3884
10.5682
11.5131
11.0334
11.3710
10.1526
10.0494
10.4036
9.6472
12.1673
10.1607
10.0746
10.5032
10.7729
9.2679
9.5856
9.6930
9.8001
8.6884
10.4470
10.2154
12.9169
9.6877
11.9183
10.8835
11.1963
11.1671
11.1630
10.2623
11.3793
