2.7850
1.5175
2.6556
5.1999
5.6510
6.9246
8.0333
5.4227
6.4991
8.2769
7.3843
8.2248
6.6047
7.2473
7.2888
6.6583
6.3737
6.9051
8.1090
6.3947
8.1075
8.4793
6.5009
8.1259
6.1809
6.5662
8.4388
6.5974
7.7876
6.9341
6.6301
6.5325
7.5793
6.9231
9.2998
7.2070
8.6064
7.4046
7.6693
6.1076
7.1952
6.7234
7.8884
7.5527
7.0612
8.1332
7.0484
8.7856
7.8766
6.1665
6.7648
7.4718
8.4653
8.4963
7.1550
7.5410
7.3181
6.0264
8.0123
10.1437
7.8350
7.5580
7.5145
8.7201
6.6003
6.2608
7.4373
6.5828
7.2062
6.7750
6.5907
8.2978
8.6138
7.3402
10.7914
7.9144
7.9311
7.7510
7.9639
7.2051
7.2511
7.1019
6.5799
7.7407
7.1120
7.2781
7.6461
7.2840
6.8155
6.4921
8.4401
7.0698
8.1233
8.1991
7.5896
7.5654
7.3278
6.6051
11.4023
7.4825
6.5106
9.0685
7.5176
7.5238
6.2829
6.8553
6.6124
6.8491
9.3952
6.9625
6.2296
6.4317
6.2018
6.8311
8.9546
7.3239
7.4442
7.6675
6.1813
7.2651
6.6517
6.6056
7.4887
6.9906
8.8538
6.2505
6.9586
7.3435
9.1869
7.0771
7.7853
6.4881
7.5382
9.0764
7.8489
8.2856
6.8321
8.4397
6.3675
6.8845
6.0557
8.1169
7.5497
8.5171
8.1233
7.3255
7.7686
7.0749
6.3991
6.2573
7.4240
6.9796
8.6304
7.2496
6.2691
6.1898
7.4315
6.0508
6.5012
7.4474
5.8318
6.0288
7.9831
6.4874
8.9597
8.1653
6.9763
8.7612
8.4886
9.7034
7.5318
9.4150
7.7280
9.2896
7.3678
8.5276
7.0262
7.4831
6.9546
8.1704
6.6106
7.7688
6.1058
7.8275
9.3022
6.5163
7.8244
6.4752
7.3937
8.2673
6.6210
8.6355
8.0295
7.4952
7.9958
6.4642
7.1006
6.4540
8.3173
7.2736
