2.0763
2.8354
5.1136
4.3524
4.6500
6.1836
4.8894
7.9024
4.6788
5.0359
5.7796
6.6448
5.2055
5.7379
5.7869
4.8081
7.4641
7.3146
5.2580
5.6398
7.1514
5.8988
5.1164
6.1009
4.8577
7.0439
5.8941
4.1665
4.9861
4.7458
5.2172
6.0802
5.0137
5.2036
5.7822
4.7910
6.7699
4.7811
4.5212
4.0393
7.3905
5.5708
5.9872
4.0617
4.4136
5.6735
6.7950
10.2594
13.4119
10.9412
14.5002
15.1330
11.0733
16.6640
14.7677
17.7137
13.7117
17.9818
15.4680
13.4648
19.9037
16.6333
16.6112
14.4417
19.5830
18.0460
20.2710
16.4764
16.3682
15.1403
18.7836
22.1167
17.3278
21.6309
19.4635
18.3401
20.1166
21.0917
18.0142
18.3555
17.6744
19.7390
20.8448
15.0615
19.8558
18.5744
16.7081
24.0765
22.1226
24.5649
17.1272
20.3415
19.0076
18.7190
17.8114
21.1172
20.0371
18.5028
19.6120
22.1652
23.9844
20.2931
22.9955
20.6582
20.3118
18.9617
18.1697
14.2836
23.1972
20.2847
25.7604
15.0360
23.2031
21.1839
23.9662
21.4373
23.6163
13.2982
16.5326
23.6606
18.7684
22.8259
18.0704
26.1878
22.2555
23.9934
23.3050
23.4712
19.6507
23.4169
19.9591
20.0275
21.6789
24.7749
23.5649
18.7095
24.0214
20.6933
20.2697
20.3680
20.1565
19.2794
28.7491
23.5216
27.0519
16.3932
20.6351
19.6688
18.2708
18.7962
20.0217
26.0833
21.8432
21.2251
24.3303
18.6350
21.2521
19.1537
24.9678
18.4563
21.1214
22.1622
25.8533
24.0176
20.9038
24.6435
21.6718
23.1533
27.2121
22.4686
21.5814
27.7124
23.8385
25.8354
23.6160
23.1255
22.7866
21.3286
21.0818
20.7061
27.7906
18.9640
25.2365
22.9627
23.3212
26.6453
23.1204
26.6785
21.6510
23.7557
22.2268
18.7344
23.4312
29.9587
24.1992
25.1247
23.2731
22.8222
26.4957
24.4079
