16.1576
7.0718
6.1049
6.2626
5.0126
5.2321
5.1373
3.9695
4.2387
3.9393
5.1212
4.1209
4.6886
4.3006
4.1871
3.9448
4.0621
4.8815
4.0987
4.2413
4.3321
3.8735
4.3177
4.8489
5.1211
3.7638
4.1912
4.9134
4.3068
3.9761
4.2942
4.2686
3.8544
3.9269
3.9128
4.3261
3.5582
3.4682
3.1073
4.8335
3.7593
5.6231
3.3664
2.6806
3.7053
3.3867
3.3484
3.4444
3.3419
3.6618
5.3127
4.0541
4.2066
4.0078
4.9221
3.0568
3.1397
3.6043
4.6891
5.0771
3.4968
3.4210
5.0059
3.4202
2.8948
3.5679
3.5956
3.8256
3.8773
3.0358
3.3562
3.1997
5.3949
2.4394
3.0006
3.2932
3.3871
4.4245
2.9237
3.0673
2.9324
3.5308
3.9775
3.5937
3.7145
3.6828
3.0972
3.6905
2.9462
4.3430
3.5560
3.1197
3.1485
2.8167
3.1803
4.6401
2.7648
3.8947
2.7518
3.2907
2.5874
3.2008
3.5325
3.1990
3.8414
2.8058
3.8838
3.0391
3.4189
2.5561
3.3533
2.8816
3.6103
2.9901
3.3425
3.4298
2.7220
2.6023
3.1149
3.4133
3.9419
2.9600
3.0814
2.6031
2.8779
3.0051
3.4310
2.4569
3.2118
2.6185
3.7726
3.8056
3.5247
4.0194
3.3901
3.1067
2.0910
3.1813
4.2053
2.1331
3.2135
3.0732
3.0775
3.5409
2.6088
3.1963
3.3399
3.6453
3.5287
4.2945
3.9480
3.4683
2.9769
4.3470
3.0907
3.4410
3.3469
3.8501
4.0446
3.1866
2.6363
3.5043
3.3386
3.2135
2.9467
3.4559
3.4089
3.4477
3.7664
2.4850
3.0882
3.2746
4.0860
2.9333
2.9925
3.9130
4.2387
2.6368
4.1212
2.3732
2.2036
4.4969
2.8351
2.4613
2.1182
3.9025
3.4389
2.3636
2.5924
3.2381
3.4678
3.1623
4.1392
2.9735
3.3284
2.9794
3.5781
3.6376
2.7767
3.5274
