3.9419
6.4123
9.1745
12.9695
15.9046
17.9692
21.0547
21.8949
22.5230
22.3348
26.6083
26.0518
26.8164
26.5133
27.3543
29.4359
31.0435
26.7856
30.4302
27.0462
27.5796
30.9431
33.1859
32.5626
27.0222
28.1655
29.1479
30.4079
27.4454
27.5927
29.0247
31.1918
30.8177
30.1417
31.1685
28.3372
34.4739
32.6718
27.9319
27.8210
32.2261
31.8073
28.1313
28.3701
32.9362
32.2847
30.1647
30.9425
30.8410
34.1670
28.7574
32.2262
32.8782
31.7233
33.6147
33.9826
33.3596
38.1005
32.5023
31.9848
36.4626
39.9011
34.3036
42.9779
45.7254
35.4093
41.2524
35.2232
41.6795
46.5645
46.2265
42.9188
37.9167
50.7069
44.4317
43.0971
34.5094
40.8163
51.4126
46.3632
48.5058
50.7539
51.0162
48.7394
52.2707
48.4945
54.8144
44.8767
51.2448
50.8966
59.0182
49.1829
59.5309
46.4675
61.5318
57.6556
58.5934
56.4134
51.5638
56.1418
45.6379
52.0180
45.7186
45.7588
47.2053
60.2489
48.6466
63.1579
54.3815
65.7843
52.3088
48.2419
51.9051
65.2046
62.2473
45.3144
53.7308
66.2033
64.1550
63.6897
64.0092
62.4126
58.9553
63.2996
67.4107
59.1631
49.6026
61.2677
62.7542
68.4341
58.8665
65.7628
53.8049
77.3091
64.6011
56.9435
59.2723
66.7454
61.9729
71.5629
61.4459
63.4631
71.7652
65.6045
71.7987
71.6203
51.4794
59.1622
64.6348
69.5967
79.5596
65.5224
68.4786
60.8355
73.3008
66.2831
71.8539
65.6261
72.1537
73.0540
73.8887
75.4473
72.3227
80.0737
67.5789
77.0037
60.6159
57.0016
60.0331
61.8984
71.1307
62.4234
79.8563
67.9648
62.0630
74.7570
76.4685
70.7920
74.9973
83.3750
87.0166
68.3200
77.9797
85.9527
79.1642
75.1092
85.9205
73.1990
67.2592
85.4703
80.8327
67.8605
79.8980
74.5754
84.1214
69.1627
85.6507
86.5562
68.2220
75.2120
