2.7239
4.7504
7.2492
14.5258
19.8915
26.5234
27.1338
26.5442
28.8945
31.2499
29.8749
30.0992
28.9004
30.7124
29.3265
27.3500
29.7339
31.0154
28.4690
31.4794
34.6309
27.9450
30.0003
30.0058
27.7155
31.3395
29.7564
31.2725
35.1585
27.8809
28.5227
29.6210
30.8808
26.9282
31.9685
26.7261
29.8066
28.0848
27.4558
31.2893
28.1747
34.5072
31.5542
27.1957
32.5508
31.0613
30.1618
29.9161
30.3818
28.5024
29.9630
31.9644
32.1768
28.2339
29.0177
28.0606
32.4346
29.0749
29.9912
32.4110
29.6634
28.8102
29.5661
29.5940
29.8027
27.0756
27.2347
28.0164
26.5078
28.4727
24.8453
30.8716
31.6727
30.4536
28.1983
26.8532
29.8564
31.6675
31.1134
29.3279
29.5757
31.6031
29.1467
29.5142
29.2161
28.9428
27.5364
31.7644
31.8387
30.1228
31.9850
29.8041
29.8328
30.1743
27.7214
26.6418
28.6058
27.2652
30.7827
27.4730
29.5661
28.2892
29.0312
29.5358
30.6763
26.5108
32.4596
30.1333
28.1455
28.6919
27.2708
33.1435
31.4708
30.7525
30.6340
29.0285
26.4545
30.4642
30.4281
30.9563
29.6609
27.5996
32.3077
32.8819
27.7928
30.5434
29.6619
29.5590
30.7509
30.6240
30.9200
29.2005
30.3190
26.2105
32.7031
31.1710
33.5644
35.0849
29.7381
28.7723
29.7111
30.8105
30.0747
32.0886
33.6906
29.7980
27.7001
28.7504
31.0437
30.6178
30.5535
33.1650
32.0433
26.9350
33.4093
26.9780
33.2976
26.2345
29.2687
32.4824
32.1034
25.9572
30.9570
27.7098
34.1028
31.4049
29.5247
28.1123
30.2691
28.4678
34.5774
29.0683
30.8461
34.1391
32.0727
27.1449
31.1834
28.4491
29.4235
30.6683
30.6835
29.1672
27.0018
31.3242
30.1997
30.3447
28.4659
31.2712
29.5176
30.6202
28.8787
31.9007
29.3572
29.8935
28.8866
31.3715
29.5512
28.8166
27.3946
28.3313
