17.4851
19.0902
19.3857
22.1798
19.0405
17.1889
21.8108
20.0824
21.4599
21.7407
21.0272
21.1793
17.7808
21.6907
18.3201
20.5745
18.4416
20.6627
21.7302
22.7548
21.0961
21.6373
20.4226
21.3023
21.9140
21.6204
19.6835
19.7737
21.0188
20.3872
19.8001
21.1515
18.3719
18.3097
19.7924
21.7723
22.2093
19.8256
19.6622
21.2031
17.8313
21.0629
18.4481
21.4043
21.5076
22.6603
22.5107
21.1055
20.9705
21.2397
19.9893
18.8036
18.0652
20.1378
20.5186
20.1528
18.3561
18.2539
20.6706
19.9260
20.3512
24.0285
19.4915
23.0264
19.5991
18.8746
21.2134
21.8784
20.7006
21.0210
20.9799
20.2079
19.1104
18.2342
19.5930
21.0831
21.8939
18.8489
21.0734
21.0816
22.9947
19.6256
21.4589
20.4507
20.6413
19.9708
21.8223
17.7422
20.9548
21.6784
22.1094
20.9984
22.0558
19.3798
20.2749
19.3012
20.7278
19.9396
20.8838
19.3681
21.7708
19.6412
19.3534
20.4372
20.8167
22.2399
20.3267
21.3279
22.0282
20.0402
20.4847
19.1476
20.2592
21.4108
20.6146
19.8240
21.1299
19.6032
20.9201
21.5628
19.8539
19.7654
21.4223
19.0097
20.3386
21.2899
20.6931
22.3795
21.5120
19.5526
20.4683
20.4690
19.0314
19.8923
20.3280
19.5814
19.9809
20.6236
21.2577
21.6489
19.4976
20.1557
19.6664
20.1039
19.4470
21.4944
20.7509
21.0672
20.4580
19.4254
20.4947
21.3263
20.4818
20.7590
19.9384
21.6680
21.2095
19.8262
19.3792
21.2573
21.6015
19.9803
18.2171
21.4594
20.3290
20.9833
20.3005
19.8140
21.1571
20.9830
21.1419
22.8687
18.8465
20.5674
21.1274
19.3153
20.5994
19.6378
18.2652
19.4714
18.7540
22.0741
19.5821
16.3944
19.9465
21.4807
20.2387
18.4077
20.4397
21.6787
21.2153
20.6248
21.1491
19.5958
22.8123
22.0510
21.0855
20.4305
19.2510
21.4634
