9.4605
12.3898
9.5154
6.2268
8.8446
8.1229
6.7602
8.3342
7.5071
6.1025
6.2589
7.8925
6.5847
7.1075
6.9340
7.6852
5.9746
6.9913
6.8321
6.9487
6.8921
6.9654
7.4720
5.6297
6.9779
7.5568
6.5201
6.0645
7.1652
6.7473
6.4518
7.0039
6.1495
6.1894
7.0495
6.8811
6.8877
7.6490
6.7184
6.8530
6.6880
6.2784
6.5437
6.0211
6.8513
5.8572
6.8549
6.2696
7.0489
5.9500
7.1985
6.1465
7.6711
8.0049
7.3573
7.1188
8.1554
5.7835
6.7285
5.5808
7.5946
6.8574
7.0370
7.1046
7.2686
7.1185
6.2257
7.9819
7.3969
5.9720
6.7141
6.1399
7.5871
7.5572
5.8524
6.4519
6.5455
7.5831
8.7258
5.6188
7.1301
6.2578
7.5585
5.7567
8.0131
7.0898
6.1703
7.8047
6.2541
7.4580
7.1959
6.6937
9.5046
6.1711
7.4636
7.8556
7.7958
7.0105
5.3420
6.6892
6.4224
6.5940
6.1973
6.0365
6.0931
7.3636
7.0279
7.2522
5.7364
6.6369
9.8810
8.0042
6.2957
6.5715
6.4186
6.5452
6.4888
6.9600
6.4080
5.9443
6.9327
7.1757
6.4993
6.2663
5.5288
6.1279
7.8063
6.3008
7.6192
7.2450
6.8492
7.9077
6.7049
7.2250
8.0200
6.2977
6.5992
6.9714
6.7292
6.4347
6.7918
6.9530
6.3120
6.0787
7.6329
8.2868
6.5087
7.5005
5.3802
7.1990
7.9692
6.1406
6.5778
5.9960
8.5789
6.5571
7.5745
6.3659
6.7672
7.2623
7.4400
6.5051
7.6411
6.2701
6.2283
6.7153
6.8445
5.5907
7.2528
7.1861
7.5176
5.8035
7.0735
6.4248
5.7982
5.7921
6.3194
7.0048
7.4542
6.5465
6.0946
5.9248
7.0821
7.3738
6.6770
7.9735
6.8096
6.7504
6.7197
7.2338
6.1942
6.4835
5.9771
6.7273
8.3891
6.3586
6.0778
7.4506
8.1654
6.8635
