2.1220
2.8666
5.1187
6.0071
6.7705
7.6175
6.7950
6.4651
6.5451
8.5641
6.3406
7.3759
6.5818
6.3137
6.8367
6.9183
6.7178
7.4064
6.2201
7.6478
7.0360
7.1579
6.5898
6.6165
6.4562
9.7439
7.0417
6.4825
6.1823
6.4692
7.0728
7.0091
7.0010
6.8064
7.0497
7.5917
7.0796
6.6511
7.6862
6.3718
7.5360
7.3656
6.7922
6.1472
6.8687
7.2681
5.7686
6.9929
6.3755
8.0328
6.9466
6.7526
8.1764
7.8678
6.3916
7.5899
6.8024
6.2628
6.8179
8.0119
6.6213
7.3536
6.4322
6.5923
6.1071
8.8889
6.1639
6.5090
7.7945
6.3987
6.6222
7.1086
7.9163
6.4746
5.8390
6.9030
6.2336
6.5686
7.3387
5.6168
6.8346
6.7572
6.3672
7.1404
5.2595
6.1049
7.3943
7.1772
6.8183
6.4218
7.0146
6.4708
7.0610
7.2468
6.1127
8.5595
7.0913
6.6618
5.7766
7.3626
6.8060
6.8128
6.6447
8.0001
7.3824
7.1313
6.1404
6.6801
5.9723
6.5853
7.0864
5.2502
7.0669
7.1494
7.0098
5.1702
7.1115
6.7482
7.4986
6.1891
6.9748
6.9884
7.4613
8.2435
6.3874
6.4064
6.1896
7.3480
7.0913
6.0476
4.9160
6.4819
6.4044
8.5522
5.7446
8.3811
5.7382
6.2638
7.4994
6.0761
5.7469
6.0279
6.5676
6.1791
7.1746
7.1183
6.2903
7.2459
6.5773
7.3379
6.1628
8.0036
6.1362
6.1797
7.2212
5.4647
5.9705
7.0208
6.8259
7.7813
6.5687
6.1353
7.4820
5.9332
5.8193
5.7388
5.8359
5.8906
6.8100
5.0660
6.0721
6.3965
6.5023
6.6831
7.7354
6.8533
6.0403
6.1327
7.0235
6.8376
4.8746
5.9717
5.7855
6.6396
7.1002
6.8329
7.6034
5.5299
7.2292
5.7188
4.9348
5.7548
6.1356
6.5326
5.8600
7.3225
6.7104
4.8972
6.3122
5.7505
