20.6173
18.4754
18.4841
20.3669
18.6041
19.1642
19.3739
18.8832
19.5070
18.1070
21.4010
18.4414
19.6052
20.4948
19.6193
20.2128
18.2653
19.5733
18.8012
20.8956
20.1163
17.8253
19.2352
20.2302
19.9170
19.1163
21.4220
21.0584
18.9168
20.3506
20.8855
19.6900
20.1086
19.4361
18.1285
20.2072
19.3939
18.3746
21.0342
19.4764
20.7647
19.5934
19.8045
19.6970
19.4995
19.8303
20.1716
19.6391
19.8563
20.1232
19.6764
20.2348
18.7887
20.7019
19.8017
20.5819
19.4259
19.5619
18.2429
19.6931
20.1399
19.0886
19.5093
19.5688
18.2777
19.7408
19.5898
19.4528
19.6895
20.3375
18.6868
20.6054
20.5866
18.9495
19.7294
19.8192
20.2279
18.4469
17.9960
20.5501
20.2487
19.3938
19.4694
20.0143
19.3601
19.6770
18.1162
19.1470
19.9355
19.3840
21.1464
19.6058
20.2386
20.6935
20.0321
19.3142
18.7568
19.0963
18.7724
19.7399
20.4594
20.6934
19.2023
18.1335
18.3482
20.7817
19.5383
19.5385
20.2254
20.4548
18.3090
20.0917
19.5737
19.1452
20.7524
19.2335
20.5079
18.8505
18.7867
20.2888
18.1169
18.1723
20.0510
18.4077
20.5562
20.1049
18.6558
21.4774
19.0966
20.1143
19.1858
19.1558
20.2916
20.3735
21.2827
18.8139
20.1137
19.7987
19.3240
18.4763
19.8645
19.3827
18.5224
19.5075
19.7547
19.4300
19.5772
18.3121
18.5251
20.7312
19.6109
20.1372
20.5627
20.0153
19.4096
19.5612
20.4356
19.1981
19.9104
19.4414
19.1296
17.7751
19.5607
20.0079
19.3471
20.0352
18.7633
19.5714
19.0937
18.6803
20.2321
18.4727
19.8310
20.7033
18.5461
20.9588
19.7894
19.4435
20.2104
19.9898
19.1117
21.0371
19.8063
20.4719
20.0240
20.3231
20.0530
18.4489
19.6330
20.0291
20.5513
18.6836
20.3615
19.1067
18.6082
19.5765
18.9671
20.5503
19.1129
19.1098
