15.3677
7.0401
5.8647
5.2212
6.3085
6.3149
4.7036
5.3143
5.6295
4.6836
5.2976
4.3799
4.3225
4.3120
4.1392
4.3630
4.5905
4.5381
4.5989
4.3744
4.0044
4.2856
3.9516
4.3596
5.0117
4.5551
3.6936
5.0123
4.5951
4.4481
4.2710
3.3863
3.6548
4.2334
4.4980
3.5684
4.9720
4.2255
3.9751
4.2304
4.0258
4.9833
4.7621
4.3478
3.9335
4.5148
5.0862
3.5072
3.8556
5.2095
4.0389
3.7737
4.1164
4.3950
6.1130
3.4833
4.5308
4.3136
3.8468
4.1092
3.8866
4.1848
4.6596
4.6022
4.5032
4.4450
4.3558
4.4122
4.1652
3.8610
3.8154
4.2757
4.4490
4.0228
3.4437
5.3001
4.0903
3.7690
4.3120
3.7456
4.0050
3.7692
3.4618
3.4785
3.3422
4.2675
4.5532
4.0257
4.0818
3.4428
4.3897
4.6738
3.6603
3.7009
4.2194
4.1425
3.2253
4.0673
4.1952
3.6696
3.2905
4.1764
4.1115
4.7282
3.6899
3.7567
4.2716
3.7052
3.1691
3.6808
4.0272
3.9777
4.0684
5.2784
3.9833
4.0384
3.5893
4.2830
4.3719
4.8611
3.6363
5.9180
4.0125
4.5273
4.9133
3.7945
3.6220
3.5941
3.6585
3.9921
4.2959
4.9833
3.6377
3.5129
4.5559
4.4471
5.1191
3.4387
3.6112
3.9209
3.5011
3.8640
3.9593
3.6566
4.0460
4.1357
3.8905
3.5556
4.4348
4.0504
3.7931
3.4398
4.0311
4.9688
3.3609
4.3447
3.9660
3.1862
4.3780
4.4608
4.2276
3.2164
4.1439
4.6125
3.5421
3.8746
3.5041
5.1576
4.4993
4.2683
3.6552
3.1835
4.5480
3.6696
3.4695
4.3133
3.8256
3.9496
3.2018
4.2113
4.7333
3.9587
4.9391
4.8790
4.0230
3.3378
3.6359
3.9938
3.5264
3.8544
3.7446
4.6228
4.5310
3.8191
2.9143
3.8144
3.6660
4.2489
4.2311
4.1004
