20.4111
15.2143
14.0576
14.1109
15.4115
15.2678
14.8605
15.3214
15.6296
15.5824
15.8999
15.4257
15.4214
13.8519
13.2736
15.1384
15.1642
14.0839
15.1460
15.2730
15.5134
14.3502
15.2531
14.3456
14.1002
15.2631
14.4862
16.2596
14.5416
15.2876
14.7430
14.7736
15.6701
16.1796
14.9365
15.2220
14.3422
14.2400
14.3149
14.4601
14.9036
14.8730
15.1341
14.2359
14.2071
15.1335
14.6066
15.7339
16.0784
14.2020
15.2599
14.9924
14.7374
14.6443
14.9128
14.6981
13.9201
14.1441
14.3061
14.6813
15.0915
14.7226
14.2393
14.6645
14.3029
15.0305
14.9626
14.5270
15.1111
15.5045
15.1425
14.6082
14.3272
15.8280
14.6930
14.1554
15.0056
14.0248
15.8370
14.9216
14.8312
13.8167
14.4710
14.0197
14.2250
14.6759
15.0727
14.3555
14.7983
14.5923
14.9747
15.5573
15.5385
14.0270
14.8218
14.6123
15.4401
15.1131
13.4885
14.8447
14.7632
17.3318
14.3363
14.6392
14.7558
14.4510
14.6245
14.6003
15.5554
14.7431
14.8863
14.0250
14.6130
14.9296
13.6628
15.1293
14.7798
14.2432
15.0922
15.2046
15.0333
14.5514
14.9173
14.6953
16.1475
14.9031
13.6189
15.1252
14.9726
14.7499
14.4077
14.2593
14.6029
14.6750
15.3821
14.2474
15.0656
14.6053
15.1151
14.4423
14.1186
15.3372
14.6041
15.3082
14.8475
15.1152
14.9246
14.9522
15.0846
14.4256
15.2688
15.1009
14.7441
14.0461
14.3696
15.9766
15.3603
14.8730
14.5265
14.5438
14.8265
14.7247
14.6569
15.2123
15.5002
14.6061
14.2322
14.1681
15.0003
14.6818
15.1508
15.5166
14.7791
12.7234
14.9948
14.8638
13.8037
14.3628
15.7101
15.3052
15.5729
14.7286
14.7507
14.5251
14.8508
15.1372
14.2991
14.6119
15.1428
15.0283
14.8122
15.3450
16.3028
15.6592
14.8289
15.3302
14.0430
14.1412
15.3377
14.0082
