2.6677
3.9270
5.7214
7.1613
6.3252
6.3554
6.7257
6.9308
6.1389
4.8805
6.3896
5.6861
4.3651
5.4701
5.3192
4.2582
4.3295
4.1972
4.0370
5.3919
5.1446
4.6706
4.0558
5.9289
4.0723
5.9209
4.5797
4.1193
4.2997
4.2838
5.1730
3.8921
4.6545
4.2388
5.0406
6.0921
4.7276
4.4224
3.5081
4.1668
3.9819
3.6496
5.7505
4.7066
4.3069
4.3402
3.5814
4.7440
4.0812
4.4839
4.7574
4.1849
3.9280
4.1614
3.7117
4.2311
5.2956
3.6695
5.3247
4.0571
3.6747
4.1370
5.1712
4.3674
4.8223
3.6830
4.2315
4.0017
3.7505
4.2863
4.1062
4.4784
4.6981
4.8039
3.3425
3.7078
3.7480
4.0196
4.1769
4.6239
3.1114
3.8318
3.1882
3.7784
3.6015
3.8075
4.9369
3.7994
4.2328
4.0746
4.0758
3.9590
3.7128
3.3752
3.6450
3.7860
4.1050
3.5509
2.9170
3.4981
4.6015
3.8550
2.9797
3.7004
3.2538
3.1015
3.8560
3.9227
4.5286
3.6758
3.6870
3.1069
4.5915
4.4672
4.6614
4.6011
5.0870
4.1036
3.5108
3.0803
3.7580
4.7009
3.4419
3.8307
3.6043
2.9299
4.0804
3.7282
4.5163
3.4902
3.9420
3.6562
3.0210
3.5514
3.6506
3.6406
3.6771
3.5390
3.3981
3.0458
3.4083
3.8429
3.8687
3.5121
4.0334
3.3980
2.7881
3.3567
2.5911
2.8931
3.8001
3.1767
2.8439
3.3272
4.3126
3.1545
5.2682
4.0836
3.2017
3.7988
3.0287
3.7532
3.1736
3.7061
2.9394
3.8947
2.7356
3.5700
3.6788
4.3294
3.5680
3.2038
4.4282
3.4402
3.1284
3.0793
3.5269
3.2482
4.3108
3.2901
3.5806
3.8331
3.4810
3.1902
3.6205
4.0142
3.1943
4.1138
3.4974
2.3379
3.3760
2.7603
3.5828
3.4369
2.6871
3.0763
2.8580
3.7395
4.4067
3.6859
