4.9808
6.7014
11.3526
14.7253
15.9245
17.2182
18.3537
19.8641
20.6166
22.3142
21.0070
22.1261
24.3852
25.0203
22.3218
24.1260
26.1627
22.8207
24.7441
23.2648
25.5034
25.1564
25.0437
29.7567
28.3300
28.7577
28.3578
28.6243
30.9210
27.4255
30.9594
33.2568
29.7464
30.2526
30.8384
28.4608
28.9838
31.6933
34.6445
39.2542
29.8292
34.6227
33.4858
31.0271
32.6163
35.6946
34.2803
32.0976
31.5653
33.5610
33.2789
37.1841
33.2126
35.1729
34.8121
33.6019
38.0005
35.4460
37.4022
34.5999
38.5603
38.7573
36.2134
37.0519
35.6532
33.7124
40.0840
23.6335
27.8738
35.5112
32.6066
34.6255
35.8862
30.1904
35.4874
39.9468
32.9214
33.8666
37.1221
35.3247
38.8688
37.8833
35.8828
36.1176
39.9574
39.0588
38.6116
39.2512
38.2107
40.5158
41.8179
36.0694
36.9255
33.9032
41.3986
34.0269
36.5574
34.0054
38.5900
40.2382
34.7051
33.8985
37.2052
41.3627
39.9464
37.7145
39.0501
43.3349
49.9148
36.2824
39.9553
36.9087
41.7605
41.2047
45.3578
43.4950
43.5161
45.1424
39.1710
41.1589
55.1114
29.0203
40.5269
39.9788
47.0902
43.5189
37.8413
45.1354
42.7943
37.5870
53.0093
47.4063
41.3562
46.2164
40.4966
33.5312
41.8849
48.2222
39.4804
41.3609
46.1466
42.6055
48.7712
37.0662
39.0396
46.4621
50.8799
49.9688
41.7399
37.4947
33.1630
38.3823
36.8268
37.5291
40.4732
43.5785
37.1397
45.5492
38.1958
46.0228
41.9744
34.0668
40.2740
40.7159
40.8576
29.5179
41.8583
37.9625
46.4970
38.0723
41.4370
39.5222
37.3510
47.1406
43.6974
44.0601
49.3053
42.5944
38.1144
46.6463
50.0247
42.4356
43.8796
39.2270
41.9583
57.0234
46.7707
36.5154
35.8323
45.8545
44.5384
38.4919
34.4152
39.5002
42.9833
37.0742
41.1100
43.6281
49.0304
37.3200
