2.6745
3.7786
6.5731
7.2133
8.9578
7.0183
8.0096
7.6098
8.9550
8.2915
8.1572
8.1075
5.8248
8.1542
8.0918
7.8919
7.3841
7.7000
7.7464
7.2169
6.3729
8.0679
7.4271
8.7691
7.7406
7.4793
8.6412
8.8673
6.6489
7.1203
7.6240
7.2303
8.0458
6.5433
6.8630
8.8749
6.6179
7.3513
6.8892
7.4875
5.5353
7.1349
6.5932
6.5104
6.8367
6.7471
6.1707
7.5776
7.2953
7.1185
6.6795
5.9574
6.8391
6.8331
6.6962
7.0208
6.5544
6.7483
6.7268
6.9439
7.3633
7.9265
5.4928
6.9129
5.6574
7.5189
6.8208
7.7301
6.7179
6.6418
6.8984
4.7687
5.8236
6.8729
7.5080
6.9240
6.8612
6.0138
6.8452
6.5012
5.8940
7.5227
5.8962
6.7955
6.5723
6.0925
6.4211
6.2405
5.5875
5.9704
5.8731
5.8786
5.9021
6.6753
7.5945
5.5775
6.2296
7.0637
7.2607
6.4964
6.8967
5.4965
6.2535
6.7785
5.4609
6.4437
6.8236
6.4205
6.2829
6.1789
6.1134
6.2700
6.8382
6.6495
6.6532
5.7463
6.7850
6.4519
7.4907
6.9733
6.2072
6.6118
6.7309
6.5782
5.8797
5.6297
8.1761
7.0107
6.7334
6.1428
5.6765
5.8708
6.2334
5.1865
6.5929
6.1217
6.4804
6.0406
6.5095
6.7062
6.5110
7.3988
5.1727
5.4557
6.2547
6.0455
7.6272
7.7275
5.9230
7.4252
6.1579
6.3285
5.6515
5.3396
6.4938
6.3787
8.2063
5.9850
5.7928
5.5666
7.6845
6.6489
6.3489
6.3348
5.4793
6.5563
7.6098
5.7795
6.4576
7.6120
7.1800
5.7647
6.4082
7.6730
6.4412
6.7369
6.9333
5.0528
6.3849
5.9248
6.6147
5.3063
5.7866
6.2168
7.2979
6.1347
7.0278
5.8442
6.8535
7.3779
5.2698
6.6814
6.7432
7.7595
6.4082
7.9249
6.6113
6.7357
7.1147
7.2299
