2.4984
3.6596
5.5161
6.9934
7.8223
9.5485
7.3643
7.7037
8.8137
7.6930
8.1485
6.0352
6.3634
8.5169
7.9926
8.9303
8.9861
6.2515
7.2680
7.6714
7.5939
8.4065
6.5723
9.1179
6.8060
7.8049
7.2675
6.8685
9.1846
9.1057
8.5011
6.6304
6.8562
7.3650
8.0628
7.5678
7.2683
7.3358
9.1154
7.2351
7.5618
6.3245
9.4004
6.7232
6.4275
8.3375
8.1471
6.6734
5.8722
4.9203
8.3814
7.4004
6.0900
6.2722
7.5071
7.2385
7.9840
7.1028
4.8127
6.9957
6.9116
6.5358
6.6058
5.2807
5.1392
7.3589
6.8569
6.7581
5.3744
6.7788
5.6710
7.3706
7.0788
5.9008
9.2511
7.9528
4.2904
7.0985
5.0874
6.8770
6.1891
5.4965
6.1135
6.5180
7.4131
5.6006
5.4658
8.7538
5.1744
6.9219
4.5577
8.0803
6.1530
6.2239
5.9981
8.6899
5.0925
7.1999
6.3672
5.9767
5.5745
5.2492
8.7145
6.7100
5.8562
6.7594
7.9379
7.1686
6.9965
7.5656
6.6505
8.2302
7.0770
8.1549
6.8339
6.6147
7.4396
6.6924
4.5458
9.0881
6.5602
7.3933
6.0880
5.2507
8.5925
7.6229
5.5231
6.3805
5.7224
7.4992
4.7057
6.3151
6.7584
6.7584
6.5602
6.0106
4.9484
9.6823
6.0694
5.0566
5.9182
6.2063
6.9626
6.3179
5.7187
7.0269
6.1174
8.1540
5.7339
6.9154
5.8601
5.8292
7.6526
6.8473
6.7008
10.2413
6.4983
7.5344
5.8277
5.5230
4.5094
7.3648
5.0554
7.1625
6.4793
5.1287
7.1379
7.5381
5.0013
5.6397
6.4588
8.6669
5.6405
8.8416
5.7588
4.5698
5.3696
4.6125
5.2437
6.3468
6.4662
5.4746
8.5318
5.8434
8.3709
6.3951
5.2939
5.6928
5.4309
8.1043
5.7188
4.7543
8.6360
5.9386
5.3354
6.9402
6.1330
9.9402
4.9576
7.1288
