3.6888
3.7280
4.7232
5.2849
6.1038
5.8479
5.8426
6.4827
8.4752
8.5866
9.5735
12.0190
9.0833
16.0418
11.6063
9.3293
11.8184
9.0072
14.1913
12.7343
13.0142
13.0942
10.8828
12.3098
13.5553
11.4893
10.9075
18.7682
13.5751
13.6032
10.5639
14.6809
12.3611
13.3663
12.5112
15.5220
12.4452
14.2452
11.6871
12.4469
11.2262
11.2985
12.3170
13.2588
16.5951
16.6481
13.4907
16.7993
13.3929
14.3662
15.2581
15.4651
16.1365
16.6661
10.7613
17.0149
16.9889
12.4369
15.1319
18.9720
14.3124
11.9896
16.1071
13.6790
10.6754
18.5403
13.3860
14.8526
14.1931
14.9133
15.0487
17.9953
17.9559
14.9534
16.0215
14.5225
10.4310
15.5378
15.6827
20.4203
14.2694
17.3188
15.8849
14.7174
17.0159
13.0399
20.0769
13.2377
16.6054
18.1663
11.8234
13.9862
13.7061
15.1838
22.6691
19.6837
20.3311
15.4035
17.5134
16.3588
13.0052
16.4235
16.8734
18.1783
14.5673
17.6155
18.2280
15.6435
18.1801
16.2971
20.7747
14.6963
13.8426
19.3303
13.7823
18.7758
15.6315
15.6026
16.5210
14.8975
14.4927
20.5601
18.1311
17.4293
17.2128
17.5853
15.3038
20.6337
12.8865
17.4083
13.9558
19.3018
19.3272
15.5007
20.8832
18.7404
14.5791
16.8434
16.0458
18.2217
18.5983
20.5213
13.6989
16.4373
17.0522
15.4758
34.8260
20.4297
14.3228
20.0004
17.4915
18.2330
20.3889
19.1603
14.6202
15.6417
16.9256
16.3564
18.1421
16.7166
18.5438
15.9004
15.3421
16.7737
24.4007
24.8084
19.8839
18.6781
19.3780
16.3623
20.4155
17.7009
19.8718
16.4516
15.1416
14.8075
23.2637
20.3100
18.4795
20.1004
22.3775
20.1748
16.5235
17.0670
19.3966
16.7205
18.5510
19.7921
16.1956
19.5892
16.2262
19.8866
20.9081
19.3102
19.0956
18.5193
16.9779
17.8642
20.8368
16.5355
