2.7239
5.6887
7.4410
9.4772
6.7772
7.1232
6.7677
6.3919
5.4347
5.0222
8.0606
3.6632
7.6366
4.6588
5.3126
3.7972
5.5372
5.0556
2.3625
6.0567
2.7652
3.7330
7.5596
3.3766
2.1208
3.3447
1.8623
3.1052
4.2198
4.1210
1.2541
2.2955
3.2189
4.1315
3.9020
2.5687
3.6463
3.9203
4.3791
3.5915
2.7864
3.3215
3.9063
2.3346
4.4225
5.7314
2.6521
4.1727
2.6226
3.4125
4.0460
1.6630
4.2182
2.3686
2.8627
6.9779
2.1552
6.1845
3.5350
2.6139
3.8318
2.5731
3.0882
4.8504
2.8967
2.6497
2.1890
3.1838
5.4025
2.1139
1.9694
1.8414
3.9692
1.8146
3.0795
2.9579
3.0563
3.1116
4.4430
1.6620
2.5436
3.2987
5.1940
2.6576
4.8584
3.8335
3.6436
1.7952
2.4386
5.4233
3.8211
3.0798
2.1935
3.0207
2.7798
4.4847
2.2095
3.5990
4.4593
3.1383
1.3816
1.0566
4.3603
2.1873
1.2664
2.5609
3.6070
2.2985
3.6352
2.8927
4.7074
2.5650
3.3241
3.7657
3.5718
2.5518
3.2860
2.1129
1.3294
2.9672
3.0257
3.4511
4.3761
3.1812
1.3392
2.5518
4.4814
2.6331
6.6104
2.1611
1.2232
4.0013
1.8105
1.7230
2.8521
2.6774
3.4077
3.8852
4.4977
0.8380
2.2018
4.3211
3.3478
3.2776
2.5828
3.9916
2.1973
2.5842
3.7227
4.9795
2.4281
2.5745
2.6305
1.2779
2.5185
1.4611
2.7894
3.6264
2.2436
2.2580
4.0478
3.9147
1.7067
4.5924
4.7932
2.0872
1.9140
2.1952
1.8081
2.9455
2.2996
4.0171
2.5602
2.9975
3.3894
4.4892
3.5515
4.0037
3.5040
3.5553
2.3104
1.1603
2.6399
1.3593
1.6999
3.0174
3.5162
1.2296
3.0835
2.4019
3.1407
4.0322
4.6576
3.1690
4.1846
4.2586
1.8857
3.0967
4.3197
2.2921
