1.5417
2.2946
3.5639
4.5681
5.6787
5.9378
6.1012
7.0811
7.5256
9.0826
8.9953
6.9045
9.4155
8.8988
8.7413
8.6770
8.8117
8.0170
9.0683
8.0006
7.2118
8.4581
8.3595
8.4881
8.7061
8.2789
7.6380
7.5137
9.7741
9.3208
8.8269
9.0362
6.8300
9.5149
10.3996
8.3888
10.4238
9.8983
8.5619
8.8772
7.9407
8.5075
7.6999
7.7974
8.7042
8.9532
9.7273
9.4006
8.5729
8.8193
6.7728
7.7540
6.4312
8.2825
8.7168
8.1907
8.9116
7.9837
6.6222
9.7748
9.0226
7.9464
8.7372
8.1100
7.0313
6.2215
7.9933
7.4173
7.8612
7.2108
6.4683
8.2055
7.7755
8.1741
8.4150
8.5882
8.9625
7.4045
7.4055
7.8379
6.6352
6.4770
8.2747
8.9407
7.8507
8.9379
6.5528
7.1385
6.6799
7.5130
6.5255
7.1006
6.8680
7.0544
8.5814
7.0074
7.9874
8.1306
7.3686
7.7695
7.6813
8.0484
7.8289
8.0745
7.1681
7.8931
7.4243
6.9111
8.4108
7.6555
8.3482
8.2979
9.2363
8.0374
7.8782
8.6250
8.3402
7.8211
7.8674
6.4245
8.6956
6.9961
7.4858
6.7686
7.5423
7.5458
7.6253
7.2046
7.7207
8.5327
6.9822
8.1760
6.7220
9.9718
7.4242
10.1062
7.0110
7.4505
7.5241
6.6556
8.7080
6.0496
7.0104
7.1561
7.1782
8.5839
5.9225
8.4251
6.9538
7.3998
6.7883
8.0138
7.5254
7.5777
9.0547
6.6625
6.9205
7.1681
8.8230
7.5871
7.1444
7.5229
7.1674
6.5432
6.4421
8.1082
7.2794
7.8438
6.2082
9.1495
9.4351
6.5649
7.6555
7.4879
7.5810
7.1419
7.3199
7.2310
6.9547
7.0870
7.0503
6.7909
7.7965
7.9483
6.6651
7.6466
7.2673
6.9832
6.0196
7.2463
7.2051
8.2833
6.3154
8.5210
7.6407
7.2701
6.4890
6.7406
7.2252
6.4861
