2.8685
3.5945
5.8637
6.0514
4.0761
4.4842
4.0905
2.6065
3.4544
6.3519
2.3753
4.7220
4.2990
2.4565
2.7027
2.8089
2.7156
2.5525
3.7755
3.8642
2.4943
4.2076
2.4118
5.5541
2.6555
4.0329
3.6571
2.7655
2.2429
3.4071
3.2259
3.6153
4.6851
3.1331
2.6782
3.0136
3.6590
2.5942
2.6924
2.7396
2.8716
1.9165
3.6628
2.9056
5.1850
4.3521
3.4059
2.6631
2.3854
2.3394
2.8112
2.6230
3.4610
2.3928
2.9532
2.9182
3.6339
3.3326
1.7442
2.6270
3.0051
2.1815
2.1417
2.1062
2.4376
3.1271
2.7518
2.0643
1.7696
3.0665
2.3871
1.7367
3.1850
2.2289
2.3453
2.3941
5.8245
1.7270
3.8883
3.0322
2.7120
2.5680
3.6442
1.9110
1.4721
2.6114
2.2013
2.6703
1.2541
2.8444
2.0461
2.1155
2.6135
2.2277
3.1160
3.4078
2.6330
1.6704
2.5909
2.4517
3.9491
2.9639
1.3300
1.8264
1.5563
2.1688
1.8706
1.7846
2.9845
3.3101
1.8852
4.2489
4.1294
1.7885
2.9403
2.4713
2.0406
3.5269
1.8061
2.9325
3.1879
1.9615
2.0997
2.3028
1.7913
2.2626
2.0799
2.1027
3.8751
1.7665
1.6540
4.0593
3.3614
2.0833
3.2871
1.8157
2.5694
3.8595
2.5953
3.2814
2.2593
2.9958
2.5364
1.4178
3.2224
2.4808
2.7260
1.9704
1.9649
2.0546
1.6341
1.5712
1.7781
2.4834
2.7226
1.7185
2.2383
4.8907
2.3412
3.7035
2.3038
1.7263
1.3732
3.3700
2.6940
3.7765
2.7542
3.3767
1.7055
1.9045
1.8201
1.8546
2.3661
2.9947
4.3133
3.8907
2.8280
1.5171
2.3690
1.8633
2.0259
1.6982
1.6502
1.5996
2.2943
1.4715
1.9900
1.6357
2.1020
1.9764
2.0971
3.4541
2.2656
3.9295
3.0825
2.0459
2.7842
2.1326
1.8650
2.8551
