14.4909
8.1940
8.3023
8.4966
8.6290
7.4581
8.3707
8.0419
7.4722
8.3849
7.5381
9.3402
8.1819
7.3011
7.8605
8.0545
7.4958
8.0710
9.5315
6.4626
7.0226
8.2204
7.7984
7.2902
7.4227
9.5292
6.1519
7.5871
6.8457
7.8184
7.3345
6.9687
6.7287
7.9633
7.0964
7.2467
8.3385
8.0490
8.0421
7.2997
7.3374
7.1292
7.2753
7.3855
8.9315
9.0858
7.0658
8.4292
6.5646
6.6490
8.1896
7.9300
8.4231
8.4621
7.3298
6.4451
7.7035
9.1960
9.3536
8.4732
7.1989
7.3590
7.4569
8.3245
7.4697
7.7559
7.2432
6.6452
7.8278
7.1136
6.7365
6.4968
6.4838
7.7824
9.1231
7.1173
10.2998
7.5672
6.7238
7.0342
7.4750
6.5704
6.8129
7.0967
8.3458
7.4087
8.5595
7.0184
6.0359
8.1073
7.1669
7.0455
7.1258
7.3049
7.2447
8.0389
6.7172
8.0414
7.0242
7.5415
7.3532
7.1448
9.3525
6.7499
7.5617
8.3606
8.0731
7.1907
7.8956
7.9207
7.6130
6.8744
7.4998
6.4926
9.2663
7.2505
7.4106
8.2955
8.6179
9.2985
8.9074
6.8054
7.9604
7.0148
7.2311
7.6705
7.1166
6.7875
6.5009
7.8655
7.9714
7.2903
7.5552
7.2449
6.3566
7.1747
6.8023
7.8488
6.6053
6.9008
8.4372
6.9181
9.1679
7.7449
7.3746
8.2627
7.6408
8.2535
7.2672
8.6126
8.3371
7.9487
8.7863
7.4946
8.3450
8.2292
7.7020
6.8910
7.3243
6.4943
8.2549
7.0384
7.5861
7.7060
8.0679
6.1529
6.8912
7.0624
6.5042
7.4149
7.7682
8.0736
7.8067
7.3651
8.0056
6.8249
8.2130
8.0163
6.5534
8.4951
8.2011
9.0222
7.2653
7.6115
7.0151
7.7071
8.7353
6.5285
6.2388
9.2930
7.3777
7.1740
6.9510
6.8309
7.2105
7.7895
7.2780
8.4757
6.8715
6.7655
