11.8628
11.2414
9.1365
8.7180
9.1010
8.4628
8.3384
7.7978
8.7599
10.4641
9.0957
7.8612
8.2801
7.8195
8.4190
7.8225
8.1441
7.1001
9.6204
7.9901
8.0597
7.8929
8.1750
6.8551
9.3815
10.3977
10.3069
9.2511
9.1423
7.1618
9.8171
9.9936
10.0239
9.1611
8.8276
9.2950
8.0756
8.8937
8.9716
8.2034
7.7358
9.0098
7.9227
7.7446
8.1207
8.4193
9.4539
9.2425
8.7223
10.7989
8.1244
8.2419
9.6517
7.4888
8.3702
9.1737
8.9926
9.1162
10.4745
8.3615
8.9006
8.4850
9.4098
9.1127
8.9887
8.4635
7.3757
10.5573
9.0040
7.3828
8.2421
9.0405
9.6498
8.7135
9.1501
8.0937
8.7742
8.8807
8.3507
9.1847
8.6139
7.6035
9.3963
8.4481
8.8170
9.3975
8.0893
8.3418
12.0360
9.2583
7.2283
10.1925
8.4671
7.6832
7.5878
9.0398
10.6781
8.6130
8.9923
8.0764
9.4290
8.3220
8.6431
8.1143
7.0408
8.4565
9.4416
8.3286
7.2605
8.6324
8.5370
10.3310
7.5503
8.1173
7.6579
9.1091
7.3654
7.2011
8.7536
9.0162
8.6512
7.2946
16.3225
8.2301
8.0813
9.2257
9.3349
8.0281
8.0613
11.6908
8.2767
8.6957
10.6276
8.5041
9.1316
8.8516
9.4404
8.0220
8.0626
8.5901
8.5427
9.0135
9.5660
8.4613
8.3254
8.9527
7.7257
8.0818
7.4569
7.3637
10.6621
9.9728
9.8799
8.3705
8.2583
8.1702
9.0362
10.3070
8.1181
8.3897
10.8468
8.6731
8.3358
8.8765
8.9587
7.9085
8.9061
7.5690
8.5506
7.2173
7.0374
7.2810
8.2744
8.6531
7.5319
9.0814
8.5338
9.4684
8.0683
8.5230
8.6207
8.9059
9.1564
7.8548
10.7505
9.6163
9.2927
9.6437
10.4358
9.6086
9.0802
7.9124
8.5635
7.8229
9.4001
7.9045
8.5724
9.3647
7.3473
8.0061
