1.1368
1.5853
1.9129
3.3178
4.1983
6.0506
5.5294
5.3484
5.4274
6.9992
6.7236
6.2583
7.9160
6.4936
7.9058
7.7931
8.1709
8.8717
7.2741
7.7099
9.1711
9.2781
7.4257
8.8320
8.5517
8.9741
9.3270
10.3208
8.7712
8.3605
8.9089
9.5478
8.4770
9.4004
11.3677
9.1486
9.0753
9.4036
9.5771
9.3229
10.0375
10.0886
11.2225
10.9072
11.0973
8.9890
10.8418
9.7309
10.3990
10.0666
9.5492
10.7721
13.1345
11.2628
9.4922
11.7334
11.9607
11.3951
13.1859
11.1667
10.6931
9.7047
12.2548
13.0635
10.0723
10.7377
12.0464
10.3791
11.5999
13.5871
12.0213
10.7837
11.7293
11.9504
12.0603
12.3841
12.9225
10.8732
12.7835
13.1518
10.9662
12.6418
12.4395
11.4536
12.4370
12.1225
12.5327
11.6500
13.9788
12.1429
14.0332
15.8824
14.1141
12.9033
13.9838
12.7732
13.4057
12.7021
12.9339
12.7578
13.3731
12.4626
14.0957
13.0639
14.9063
13.1810
13.8649
13.7916
12.7397
14.2009
13.6508
16.0322
14.0641
12.2806
15.7505
12.3681
14.9213
15.6179
16.2875
15.2215
13.9344
15.8627
15.7813
13.7734
15.6525
13.6274
16.3141
15.6515
18.9345
17.1683
12.3124
15.7634
15.7189
14.6281
15.7024
16.0231
14.8908
15.6949
18.3457
19.0098
14.9649
14.1642
16.8966
14.8910
14.7343
18.1013
16.0213
16.1795
14.8965
15.2842
17.9861
19.2421
21.4596
16.8444
14.6565
15.5224
16.1450
16.4149
17.3542
18.7278
16.1795
19.4262
19.2950
17.0426
19.9091
16.1489
16.5892
20.4170
17.9698
16.3182
16.8348
18.5836
17.3141
15.5130
20.7556
16.7376
17.5327
15.8894
18.4610
20.2772
17.9194
17.1892
18.2758
18.6560
17.4260
15.7471
19.1526
17.9238
17.7427
16.1647
15.6649
18.6550
22.0289
20.0337
19.0560
16.4770
19.2966
19.1880
19.6418
17.2115
