0.9319
1.2175
2.2669
2.3598
2.7074
3.0987
3.1067
2.7461
2.5354
2.6187
2.4237
2.2640
3.1509
2.3141
2.0917
3.5867
3.1742
2.1273
2.7326
2.3008
2.7021
2.7808
2.6619
2.5221
2.2368
2.9129
2.7800
2.1299
2.3833
2.1395
2.2818
2.9896
3.2875
2.5660
2.3687
2.7272
2.0347
2.5184
2.4660
3.1879
2.6862
2.3486
2.1979
2.4736
3.3909
2.1763
2.9124
2.7329
2.8955
2.0577
2.3112
2.4885
2.7014
2.5946
2.3183
2.5040
2.4822
2.7011
2.2658
2.3552
1.9603
2.1526
2.7800
2.1442
2.2216
2.6151
2.5877
1.8725
2.4735
3.0704
2.1876
2.0248
2.4367
2.2032
1.8938
2.6417
2.3359
2.0503
3.0786
2.7093
1.8229
2.5550
2.3549
2.2551
3.0160
1.6587
3.2093
2.7191
2.1784
2.3359
2.8220
2.6507
2.0064
2.5492
1.7371
2.1926
1.8263
2.0940
2.1584
2.3527
2.0693
2.1957
2.0612
1.8897
2.0613
2.4223
2.2322
2.5033
2.1439
2.1989
1.9990
1.6904
2.0155
2.3488
2.9195
2.3956
3.0353
2.3419
2.2990
2.1619
1.9815
1.8426
2.2442
2.1797
2.3683
1.8240
1.7154
2.5077
3.0649
1.8064
2.0085
2.3668
2.0256
2.4822
2.2222
2.4779
2.0008
2.5915
2.9866
2.3953
1.7553
2.5329
2.7517
2.1951
2.4306
2.1373
2.2010
2.4307
2.0801
2.3757
2.3664
1.6880
2.5729
2.0426
2.1589
1.8757
2.1559
3.1437
2.2378
2.0881
2.0691
2.0752
2.6476
2.2441
2.1045
2.7337
2.3286
2.3925
1.8544
2.7831
2.3161
2.1837
2.4216
2.0705
2.1111
2.7200
2.3637
2.5351
2.3893
2.3786
2.1948
1.6014
2.4265
1.4077
1.9644
3.0534
2.1653
2.0157
2.7657
1.8573
2.1307
2.2463
1.9115
3.3688
2.2537
1.8624
1.9331
2.2314
2.1662
1.8664
