1.8354
2.9150
3.8982
5.6964
5.6349
5.4918
6.1829
5.9742
5.6328
4.4867
5.6724
5.6772
5.7010
4.9302
5.6957
5.4016
5.3079
4.9389
5.4430
4.9566
4.2191
5.5036
5.5590
4.8369
5.1543
4.8270
4.4615
5.5883
4.8288
5.4515
4.9386
4.9264
4.9398
4.9086
4.6645
5.0572
5.9263
5.1136
5.5881
4.6383
4.9811
4.1554
5.0350
4.0413
5.3098
5.1115
3.9008
5.2831
4.4902
4.4232
5.4427
5.1114
4.8108
6.0270
3.7850
4.7508
5.0351
4.9667
5.1030
4.1418
4.1053
3.6474
5.3634
4.6633
5.0628
5.5348
4.7062
4.7774
4.2663
4.5560
4.5987
4.9053
4.5084
4.5496
4.9960
4.0557
4.9825
5.0405
4.1606
3.8512
5.1726
3.8692
4.4070
3.4313
4.4744
4.0452
4.5243
4.2019
4.1913
3.9026
4.2121
4.8166
4.9853
4.3975
4.1501
4.2279
4.2869
3.8339
3.6884
4.5261
4.1259
3.9490
4.9217
4.1136
4.3579
4.7846
4.0404
4.5581
4.7387
4.5255
4.9177
3.4986
4.5400
2.9392
4.3766
5.0840
5.4069
4.7576
4.8878
5.7019
4.6964
4.0248
4.0215
4.4026
4.7409
4.3647
3.8065
3.3174
4.4490
4.8435
4.0324
3.6043
4.0219
4.6816
4.0085
3.2035
4.0590
4.1857
4.2487
3.5022
5.0412
3.9659
3.9892
4.5970
4.7999
5.4920
4.7769
4.6819
4.6059
5.4772
4.3836
3.9226
4.8504
3.9779
5.5869
4.3120
5.6608
3.9268
4.4161
3.8515
4.4548
5.0126
4.2466
5.3003
4.2944
3.6794
4.5680
3.8614
3.5295
3.9531
3.9689
3.6002
4.7494
5.4413
5.0198
3.8331
5.6384
4.4511
4.4345
5.6250
3.9394
5.3415
4.3575
4.4190
4.6730
4.2685
4.8238
4.1758
3.4971
3.7532
3.5702
3.5188
4.0622
4.3594
6.2320
3.9689
4.1858
4.2870
3.8535
4.4832
