3.5176
4.9008
7.1871
9.2651
10.3630
14.2835
13.6090
15.4061
17.1680
17.8495
17.7284
19.0174
19.2831
19.6813
20.7218
21.7915
21.3248
21.2480
22.2360
21.6559
24.2867
22.0874
23.4981
20.7854
22.5682
22.7553
23.6065
22.2833
21.9723
28.7049
24.5706
27.0500
25.0290
24.6024
30.4848
26.5010
21.8897
27.7218
27.5124
27.7077
23.3066
28.4480
24.3848
24.9349
25.6818
29.4932
24.2274
25.0581
26.2752
27.5073
25.2259
29.5641
29.9043
24.5157
25.1136
29.5813
24.4600
26.5482
27.1334
28.4444
29.3557
27.2992
26.2917
31.6669
32.1681
26.8836
29.3798
28.8313
28.4101
25.4672
28.9002
27.3689
26.9534
26.4588
31.0431
30.1622
31.7871
25.7275
27.2294
27.7842
27.5825
28.7398
24.7486
27.5452
26.7116
26.6221
31.0017
26.2082
29.9895
32.6510
30.7100
25.5436
28.6461
26.2351
26.1822
28.3876
30.3510
27.4294
25.9872
27.7261
31.6016
26.5153
24.1711
27.1118
28.1743
29.1055
34.2677
29.5422
26.8477
26.9429
28.3478
30.2841
32.3154
27.2608
27.8722
26.8723
28.0487
25.9902
28.5630
26.9618
27.9853
28.0257
26.8349
28.4371
28.0612
27.5798
25.6973
30.7127
27.5536
33.6359
28.4561
33.1325
28.4538
30.1410
30.9680
27.4436
29.6620
28.0796
31.9243
30.1847
29.0943
28.9692
34.1121
31.9707
30.1846
30.7378
30.5502
29.1272
32.8366
36.1930
28.9623
30.8627
31.0843
30.7910
32.4006
34.3010
30.4800
35.1296
31.1143
29.9206
32.4799
29.3038
26.7955
30.3908
26.9883
26.1580
31.6931
34.4187
34.4269
32.2151
28.9353
28.7753
29.8071
29.5579
28.5427
32.9540
30.4750
30.5392
33.0973
29.4071
29.1350
39.5706
27.4919
31.8618
30.6960
31.4173
30.7283
29.8911
30.0839
29.5027
30.9014
30.5966
27.1904
28.8645
31.1130
31.3380
30.4804
31.8352
33.6628
28.1322
