20.4111
22.6560
23.5936
22.5217
25.7921
22.4230
25.0655
22.8849
24.9197
23.5776
23.9756
25.3547
23.9745
22.3576
23.1660
24.1954
23.3689
22.1969
21.3152
22.5948
22.3942
24.1591
25.9378
22.2437
24.0016
22.0119
23.0086
24.6208
24.0587
24.2203
25.2092
24.9736
23.6215
23.0437
24.7258
21.2955
24.1738
22.5139
22.6254
25.1786
25.1392
24.7734
23.4056
22.5988
23.8468
23.8105
24.0328
24.2005
23.4179
24.3389
22.9600
24.3161
23.6187
24.7213
23.0347
24.2716
21.5291
23.6485
23.1812
22.3521
23.3549
22.8386
24.5885
24.0293
22.1728
21.9759
21.1720
23.4728
23.3784
21.2365
23.2376
25.0195
21.6396
23.8323
24.0449
22.6064
23.1484
22.7382
23.6743
21.9407
22.7468
23.1136
23.6866
20.9289
21.9241
22.5083
23.4641
23.8670
22.2288
21.6263
23.1715
22.3431
24.0267
25.0322
21.9225
24.0900
24.0551
23.9435
23.9066
21.2906
27.1345
22.5380
27.9209
24.0392
23.4579
22.6109
20.9934
24.2429
23.5218
24.5771
21.5868
22.2546
23.7048
21.4664
22.6160
23.4365
22.1101
23.0812
22.7600
25.2374
25.6305
22.8018
23.4407
22.3931
23.0566
23.6873
26.0251
23.8713
24.6103
22.7333
25.6416
25.9639
22.8383
24.8392
22.0309
23.1060
23.5785
20.5489
21.6776
22.6160
23.8231
25.5842
25.0505
22.5176
22.4455
24.6064
21.1434
22.3718
24.0018
21.4986
24.5639
23.4560
24.8117
24.1616
23.7043
23.0279
21.9261
23.2291
23.1345
23.8915
23.7458
23.4146
23.0244
23.5833
20.6557
21.8631
23.6934
22.6374
22.7380
21.1956
22.7597
23.5870
25.7459
24.2528
24.1716
22.0160
20.9653
23.3967
21.9624
22.2545
23.7867
23.7585
23.8016
23.2882
25.8806
23.9100
21.9817
22.5733
22.3633
22.9703
21.7668
23.0170
24.3525
23.1177
21.9006
24.4262
24.5139
24.4024
22.2691
25.1535
