2.4989
1.9858
2.8644
2.9811
4.5651
3.4242
4.0748
3.3185
4.3085
4.1449
3.1908
2.6399
2.9885
3.8186
3.5117
3.7715
3.4633
3.2423
3.1528
3.3693
3.3361
2.4268
2.2336
3.0623
2.5816
2.7885
3.6763
2.6705
3.1098
3.9025
2.3313
4.0186
2.8650
3.0414
3.1755
2.6605
2.5275
3.4550
3.7698
2.8075
3.1286
3.7706
3.4621
2.2806
2.8950
2.8115
2.9306
3.4878
3.6111
3.3874
3.4086
2.9133
2.9896
3.1274
3.0380
2.6967
3.7610
2.1979
2.3972
2.9337
3.4150
3.0491
3.1651
3.1869
2.0727
2.6540
3.4309
2.7219
2.5998
3.1673
2.9607
3.1332
2.5590
4.0097
2.4931
3.2223
3.5375
3.0415
2.5964
2.9695
4.5686
2.8838
2.3313
3.6559
1.9375
2.7752
3.5710
2.4786
3.7446
2.1201
2.9095
2.2602
2.4728
2.8202
3.1101
2.9904
2.9348
3.3914
3.0919
3.5715
3.0360
2.6261
2.5960
2.8828
3.9459
3.2027
2.7193
3.1345
2.7018
2.8566
2.9686
2.8354
3.0335
3.3194
2.3859
2.5499
2.7227
3.0154
3.1299
2.4703
2.9539
3.2889
2.7210
3.1935
3.2552
3.4080
2.6882
2.3752
2.5142
2.1793
2.5628
2.5385
3.6034
2.6840
3.7167
2.6835
3.1061
2.9224
2.7310
2.9347
2.6124
2.3779
3.0387
2.6714
2.7845
2.4411
3.0944
2.4917
3.1335
3.1925
3.0073
3.1937
3.5123
3.7224
2.7234
2.8561
2.8415
3.0640
3.5668
2.3709
2.9377
2.7965
2.3765
2.0883
2.6583
2.2743
3.2705
3.9652
2.8397
3.4402
3.0134
3.6054
2.5945
2.8181
3.8569
3.4431
3.2955
2.9744
3.6570
2.6003
3.0831
3.6438
2.6253
2.7104
2.9878
2.5800
3.0629
3.1752
2.8760
3.3247
3.2956
2.9411
2.7497
2.5862
2.2812
2.8690
2.6618
2.5017
3.2856
2.3729
