10.5733
15.4251
15.7012
17.0067
19.7839
16.2866
15.2376
15.1171
14.0821
15.2574
15.9521
14.5448
14.1965
15.8082
13.2769
16.7810
16.6061
14.5995
14.1863
15.4514
11.0861
13.6296
13.9596
15.8659
13.2363
14.6021
15.2821
14.0039
13.8796
15.5887
16.1543
14.1738
15.1512
15.1107
16.1750
15.3861
11.9542
14.0464
13.9689
18.7501
13.9012
14.5676
14.9573
15.2482
13.9158
17.5667
15.6011
15.0237
15.2401
15.3027
12.2718
15.1588
14.5525
13.6112
14.4559
14.2429
13.6147
14.6062
15.1450
12.9406
13.5389
14.9960
12.8078
15.6065
14.6733
13.4608
14.7049
14.7712
13.1551
13.8661
15.1212
13.1071
14.8513
14.8168
15.5714
15.5530
16.6754
14.4670
14.6988
14.5679
14.0907
12.4458
14.2470
16.6576
13.8703
13.9758
12.8815
15.4570
14.2869
15.7909
16.0932
17.7251
15.9378
14.3159
15.5827
16.5358
14.0140
15.1367
12.9332
14.0080
17.2467
13.0486
13.8727
16.9019
15.3614
16.3190
15.8478
15.3321
14.6048
15.6407
16.2057
14.1714
12.9408
12.3106
12.5314
14.8967
12.4825
14.3522
14.8241
14.5413
15.8973
15.1840
14.4757
14.1721
14.0337
15.6215
15.2144
15.3057
15.7918
12.0187
18.7661
14.4951
15.5336
15.7051
15.3870
15.8797
14.9443
14.3262
17.4987
15.6340
13.5183
14.1571
12.8089
11.3242
14.0764
14.2769
12.8814
12.5602
15.7488
15.5014
15.0869
13.2441
15.2839
14.2906
13.7321
12.8889
13.6657
16.1969
15.0909
14.4792
17.7095
15.7119
13.9579
14.3624
14.5751
12.2335
16.1712
16.0903
14.4655
13.2270
16.5192
15.9741
14.7624
14.1204
14.5370
15.1843
13.2162
14.1311
14.8863
14.9886
13.8801
14.3561
15.9579
12.7720
15.2102
12.9135
13.3979
17.5441
16.1738
13.2468
13.1696
14.8225
15.9370
13.8153
12.6986
13.2103
15.5514
16.3307
13.6288
17.5393
