3.1784
4.8555
7.3331
9.3316
12.1080
8.5525
8.4128
8.6415
8.6910
7.4472
7.0508
7.3872
5.9209
6.0381
6.9861
6.6970
6.1399
6.8386
6.9307
6.0005
6.7549
6.6136
5.8613
6.5664
7.8860
6.1985
6.8851
5.7743
5.8204
5.6977
4.8513
7.1026
4.8410
5.3313
5.9541
6.4587
4.3187
4.5977
5.8221
5.7382
4.9898
5.6153
5.8652
5.1441
5.0403
4.0952
5.6692
6.9937
4.5743
5.1763
5.6932
5.6583
4.9151
5.8929
5.3758
6.1179
5.3797
5.0632
4.3994
6.9687
4.7676
5.2007
5.3268
5.8088
5.7434
4.6084
4.4476
4.6970
4.8478
4.7157
4.3707
7.3814
4.9072
4.6181
6.0592
4.8575
3.7203
4.2593
5.1946
4.7224
4.4960
4.5470
6.0080
5.6249
5.8563
4.3398
5.7809
5.3710
4.7489
6.4520
5.3824
4.9027
4.4018
4.6546
4.9495
4.4010
4.6107
4.4475
6.9651
3.8048
5.9409
4.9503
4.0888
5.7253
4.5828
3.7768
5.5109
4.3776
4.9487
5.8153
3.5714
5.3102
4.4785
4.3815
4.9510
4.0344
6.5492
5.1374
3.5017
6.8875
4.6706
5.4234
4.6662
5.7023
3.9216
4.5486
4.2915
5.4021
5.0864
5.8306
3.9166
5.4520
4.1450
3.3146
3.7128
3.3484
4.5584
5.3716
4.9259
4.1535
3.7635
3.9947
5.2952
4.2257
5.1120
3.3764
3.6995
4.5437
5.0736
4.8372
4.5665
6.0022
5.7255
5.1349
5.1229
3.9201
7.2737
7.2522
4.6144
6.3451
3.8514
5.5789
6.1290
5.7053
4.8964
4.6428
3.3136
4.6431
6.3493
3.5468
4.5533
3.3877
4.1958
4.6083
4.8447
4.7816
3.3781
4.0941
3.2670
3.4454
3.4713
3.8316
5.7282
3.3682
4.5650
4.8713
4.0059
5.6525
7.0781
3.7862
4.8021
4.1244
3.9046
3.5127
4.6070
6.2390
3.0212
3.9287
4.5292
3.4316
