2.1490
4.3686
7.7800
5.2184
5.6497
5.5802
5.5994
5.4272
5.3106
4.0406
4.9974
4.3695
4.9721
4.2331
4.2413
6.4596
4.2763
4.2414
5.6797
4.5912
3.8767
4.8609
4.8278
4.1275
4.8094
4.9106
4.1938
4.0652
3.6573
4.9176
4.7550
3.9845
5.2889
5.4600
3.8994
6.4276
5.0755
5.0727
4.1891
3.9063
5.1395
4.0617
4.5350
4.4793
4.9681
4.3114
4.1498
4.1126
3.8559
2.7992
4.8008
4.8431
4.7471
3.6030
4.0044
3.0492
3.7933
4.4348
4.2076
3.9851
4.8487
4.8706
3.9047
4.2393
3.8964
3.8072
3.0435
3.9029
3.8234
3.3446
4.9918
5.2328
4.1659
3.7459
3.9219
4.7241
4.2528
4.5343
3.5625
3.9424
4.0674
4.2347
3.6601
4.1407
3.4033
4.0924
3.7273
3.2441
3.7797
3.5038
4.1409
3.9864
4.0707
4.5923
3.8341
3.5191
6.2407
3.5876
3.5788
3.3700
3.4392
3.3712
3.8590
3.2889
3.7662
2.7907
3.3057
4.7610
2.8581
3.0363
3.3288
4.0186
3.5558
3.4493
3.6898
3.9700
3.5397
4.2808
3.8377
2.9637
3.1158
4.6361
4.2781
3.8192
3.3241
5.0909
3.8610
4.8206
3.6284
3.6993
4.2494
3.6252
4.0112
3.7319
3.5740
4.1219
3.3588
3.7867
3.5483
3.5407
3.9133
3.3736
3.9361
3.2463
4.5051
3.4618
2.7456
3.8737
4.6869
3.5671
3.6791
4.5629
5.3571
3.7359
5.1942
3.7712
4.8525
3.6170
4.1501
4.7270
4.0554
3.4721
4.6024
3.5778
3.7014
3.3247
3.1921
3.8848
4.2612
3.8557
3.6831
4.2687
3.5790
3.8088
3.2705
3.9795
3.4879
3.6445
4.3577
4.4313
4.0121
4.1061
3.2361
4.4803
3.6712
2.8764
3.1743
3.3455
4.3659
3.6686
3.0474
3.6385
4.5274
4.7386
3.9103
3.0537
3.9641
4.2104
3.5398
3.2234
